gene,TPM
ENSG00000000003.16,0.353927
ENSG00000000005.6,0.0
ENSG00000000419.14,12.717202
ENSG00000000457.14,6.04527
ENSG00000000460.17,0.966735
ENSG00000000938.13,770.502077
ENSG00000000971.17,0.8827959999999999
ENSG00000001036.14,14.043967
ENSG00000001084.13,8.33577
ENSG00000001167.15,9.614557
ENSG00000001460.18,0.378019
ENSG00000001461.19,5.063721
ENSG00000001497.18,11.462351
ENSG00000001561.7,0.49927
ENSG00000001617.12,0.0
ENSG00000001626.18,0.0
ENSG00000001629.10,1.84762
ENSG00000001630.18,2.12433
ENSG00000001631.17,2.854586
ENSG00000002016.18,6.356307999999999
ENSG00000002330.14,39.56742
ENSG00000002549.13,102.610259
ENSG00000002586.20,163.312708
ENSG00000002587.10,0.031899
ENSG00000002726.21,1.474624
ENSG00000002745.13,0.0
ENSG00000002746.15,0.0
ENSG00000002822.16,65.758605
ENSG00000002834.19,227.582305
ENSG00000002919.15,53.990359
ENSG00000002933.9,8.095275
ENSG00000003056.8,116.147193
ENSG00000003096.15,0.152766
ENSG00000003137.9,0.0
ENSG00000003147.19,1.652603
ENSG00000003249.15,2.649519
ENSG00000003393.16,2.805208
ENSG00000003400.16,14.525034
ENSG00000003402.21,174.179473
ENSG00000003436.16,0.123586
ENSG00000003509.16,3.721432
ENSG00000003756.17,144.402232
ENSG00000003987.14,0.0
ENSG00000003989.18,0.0
ENSG00000004059.11,375.279609
ENSG00000004139.14,5.376755
ENSG00000004142.12,28.365766
ENSG00000004399.13,43.724383
ENSG00000004455.18,54.047559
ENSG00000004468.13,5.839608
ENSG00000004478.8,15.754194
ENSG00000004487.18,19.416535
ENSG00000004534.15,46.540984
ENSG00000004660.15,16.215466
ENSG00000004700.16,5.436884
ENSG00000004766.17,4.161677
ENSG00000004776.13,0.0
ENSG00000004777.19,4.387793
ENSG00000004779.10,53.093509
ENSG00000004799.8,5.085787
ENSG00000004809.14,1.257924
ENSG00000004838.14,1.273244
ENSG00000004846.17,0.151256
ENSG00000004848.8,0.0
ENSG00000004864.14,4.515696
ENSG00000004866.22,1.90651
ENSG00000004897.12,12.530108
ENSG00000004939.16,61.469352
ENSG00000004948.16,0.0
ENSG00000004961.15,13.552956
ENSG00000004975.12,12.351697999999999
ENSG00000005001.10,0.0
ENSG00000005007.14,73.882864
ENSG00000005020.13,31.957376
ENSG00000005022.6,145.80201100000002
ENSG00000005059.16,18.203875
ENSG00000005073.6,0.0
ENSG00000005075.16,93.357546
ENSG00000005100.13,1.248034
ENSG00000005102.14,0.985103
ENSG00000005108.17,0.0
ENSG00000005156.12,5.627682
ENSG00000005175.10,7.907451
ENSG00000005187.12,4.900074
ENSG00000005189.20,1.4180579999999998
ENSG00000005194.15,33.465455
ENSG00000005206.17,25.528962
ENSG00000005238.20,61.164379
ENSG00000005243.10,7.795896
ENSG00000005249.14,4.075828
ENSG00000005302.19,42.940018
ENSG00000005339.15,24.016564
ENSG00000005379.17,8.043645
ENSG00000005381.9,5.447098
ENSG00000005421.9,0.0
ENSG00000005436.14,3.473739
ENSG00000005448.17,12.331546
ENSG00000005469.12,0.885264
ENSG00000005471.19,0.231537
ENSG00000005483.23,11.096089
ENSG00000005486.17,73.466251
ENSG00000005513.11,0.463878
ENSG00000005700.15,2.235383
ENSG00000005801.18,2.8727530000000003
ENSG00000005810.20,20.60339
ENSG00000005812.11,7.024511
ENSG00000005844.19,201.282888
ENSG00000005882.12,20.800801
ENSG00000005884.18,0.9745990000000001
ENSG00000005889.16,3.6151969999999998
ENSG00000005893.17,123.062338
ENSG00000005961.19,23.618154999999998
ENSG00000005981.13,0.0
ENSG00000006007.12,27.435345
ENSG00000006015.18,65.076939
ENSG00000006016.12,0.0
ENSG00000006025.13,7.394713
ENSG00000006042.12,0.0
ENSG00000006047.13,0.0
ENSG00000006059.4,0.0
ENSG00000006062.18,23.927128999999997
ENSG00000006071.16,0.0
ENSG00000006116.4,0.0
ENSG00000006118.15,0.0
ENSG00000006125.18,33.425577000000004
ENSG00000006128.12,0.0
ENSG00000006194.12,9.174057999999999
ENSG00000006210.7,0.0
ENSG00000006282.22,21.37321
ENSG00000006283.18,0.0
ENSG00000006327.14,7.451493
ENSG00000006377.11,0.0
ENSG00000006432.16,0.49090300000000003
ENSG00000006451.8,5.824547
ENSG00000006453.14,0.128743
ENSG00000006459.11,5.886829
ENSG00000006468.15,0.055722
ENSG00000006530.18,6.51853
ENSG00000006534.17,71.67253099999999
ENSG00000006555.11,4.55624
ENSG00000006576.17,2.046156
ENSG00000006606.9,0.0
ENSG00000006607.14,3.06135
ENSG00000006611.17,0.0
ENSG00000006625.18,6.096078
ENSG00000006634.8,1.066067
ENSG00000006638.13,1.707973
ENSG00000006652.15,19.232172
ENSG00000006659.13,0.0
ENSG00000006695.12,4.83779
ENSG00000006704.11,1.78238
ENSG00000006712.15,40.045778
ENSG00000006715.16,14.433566
ENSG00000006740.18,0.0
ENSG00000006744.19,23.089641999999998
ENSG00000006747.15,0.0
ENSG00000006756.16,9.449328000000001
ENSG00000006757.12,7.657401
ENSG00000006788.14,0.0
ENSG00000006831.10,20.586068
ENSG00000006837.12,0.0
ENSG00000007001.14,0.0
ENSG00000007038.11,5.9771399999999995
ENSG00000007047.16,20.926546000000002
ENSG00000007062.12,0.0
ENSG00000007080.11,52.210876
ENSG00000007129.18,16.654629
ENSG00000007168.15,42.259654
ENSG00000007171.19,0.0
ENSG00000007174.18,0.0
ENSG00000007202.16,38.974554
ENSG00000007216.16,0.0
ENSG00000007237.19,38.203881
ENSG00000007255.10,58.309437
ENSG00000007264.15,24.884489
ENSG00000007306.15,0.0
ENSG00000007312.14,75.968587
ENSG00000007314.12,0.0
ENSG00000007341.19,2.974739
ENSG00000007350.18,4.902559
ENSG00000007372.25,0.0
ENSG00000007376.8,32.734437
ENSG00000007384.15,1.220605
ENSG00000007392.17,32.165045
ENSG00000007402.12,0.74214
ENSG00000007516.15,3.246222
ENSG00000007520.4,52.680133
ENSG00000007541.17,21.181390999999998
ENSG00000007545.16,3.847586
ENSG00000007866.22,0.149781
ENSG00000007908.16,0.0
ENSG00000007923.17,14.26849
ENSG00000007933.13,0.0
ENSG00000007944.16,17.391784
ENSG00000007952.18,0.0
ENSG00000007968.7,4.397525
ENSG00000008018.9,116.51687199999999
ENSG00000008056.14,0.149178
ENSG00000008083.14,11.395156
ENSG00000008086.13,0.726489
ENSG00000008118.10,0.0
ENSG00000008128.23,74.07564
ENSG00000008130.15,501.726818
ENSG00000008196.13,0.0
ENSG00000008197.5,0.0
ENSG00000008226.20,2.050814
ENSG00000008256.17,2.227931
ENSG00000008277.15,0.097254
ENSG00000008282.10,16.968188
ENSG00000008283.16,26.384319
ENSG00000008294.22,13.144598
ENSG00000008300.17,0.8084959999999999
ENSG00000008311.16,0.415662
ENSG00000008323.16,0.0
ENSG00000008324.12,9.764209000000001
ENSG00000008382.16,22.9573
ENSG00000008394.13,25.552767000000003
ENSG00000008405.12,2.348822
ENSG00000008438.5,169.919258
ENSG00000008441.19,6.2390669999999995
ENSG00000008513.17,26.609196
ENSG00000008516.19,575.5683220000001
ENSG00000008517.19,337.665298
ENSG00000008710.20,18.316276
ENSG00000008735.14,0.282484
ENSG00000008838.21,21.017232999999997
ENSG00000008853.18,3.216643
ENSG00000008869.12,4.417635
ENSG00000008952.17,13.807639000000002
ENSG00000008988.11,742.1803550000001
ENSG00000009307.17,88.607537
ENSG00000009335.19,8.824463
ENSG00000009413.17,3.330095
ENSG00000009694.14,0.245356
ENSG00000009709.13,0.0
ENSG00000009724.18,0.0
ENSG00000009765.15,0.0
ENSG00000009780.16,5.244187
ENSG00000009790.15,169.48860399999998
ENSG00000009830.13,2.1812519999999997
ENSG00000009844.16,12.360945
ENSG00000009950.16,0.076992
ENSG00000009954.11,7.778015
ENSG00000010017.13,7.865775
ENSG00000010030.14,39.086646
ENSG00000010072.16,3.24693
ENSG00000010165.20,15.030692
ENSG00000010219.14,11.424962
ENSG00000010244.19,66.94691
ENSG00000010256.12,153.55464300000003
ENSG00000010270.14,11.228398
ENSG00000010278.15,14.670128
ENSG00000010282.15,0.0
ENSG00000010292.13,21.684191
ENSG00000010295.20,37.034891
ENSG00000010310.9,0.641589
ENSG00000010318.22,2.9493039999999997
ENSG00000010319.7,0.092595
ENSG00000010322.16,40.512526
ENSG00000010327.10,48.155458
ENSG00000010361.14,18.557652
ENSG00000010379.16,0.244527
ENSG00000010404.18,72.308686
ENSG00000010438.17,0.747107
ENSG00000010539.12,10.029843
ENSG00000010610.10,193.39153700000003
ENSG00000010626.15,4.198792
ENSG00000010671.18,54.667001
ENSG00000010704.20,2.358985
ENSG00000010803.18,4.621744
ENSG00000010810.18,120.61530599999999
ENSG00000010818.11,4.968916
ENSG00000010932.17,0.0
ENSG00000011007.13,8.677817000000001
ENSG00000011009.12,116.653251
ENSG00000011021.23,5.094706
ENSG00000011028.14,3.523465
ENSG00000011052.21,0.0
ENSG00000011083.9,0.0
ENSG00000011105.14,1.140773
ENSG00000011114.15,1.0868250000000002
ENSG00000011132.12,26.295061
ENSG00000011143.19,3.642534
ENSG00000011198.10,74.881007
ENSG00000011201.12,0.0
ENSG00000011243.19,40.976352999999996
ENSG00000011258.16,2.128983
ENSG00000011260.14,15.04695
ENSG00000011275.19,26.577395
ENSG00000011295.16,5.4305140000000005
ENSG00000011304.22,85.440218
ENSG00000011332.22,0.0
ENSG00000011347.10,0.0
ENSG00000011376.12,4.592628
ENSG00000011405.14,0.91289
ENSG00000011422.12,248.688617
ENSG00000011426.11,0.117855
ENSG00000011451.21,10.548726
ENSG00000011454.18,5.146541
ENSG00000011465.18,0.0
ENSG00000011478.13,3.1933499999999997
ENSG00000011485.15,23.790157
ENSG00000011523.15,3.536478
ENSG00000011566.15,0.655151
ENSG00000011590.14,1.009686
ENSG00000011600.12,5366.184587
ENSG00000011638.11,6.336244000000001
ENSG00000011677.13,0.0
ENSG00000012048.26,2.230159
ENSG00000012061.17,55.232043000000004
ENSG00000012124.17,17.968135
ENSG00000012171.20,0.576981
ENSG00000012174.12,0.8672340000000001
ENSG00000012211.13,7.474303
ENSG00000012223.13,20.738481999999998
ENSG00000012232.10,23.577838000000003
ENSG00000012504.15,0.0
ENSG00000012660.14,50.941278000000004
ENSG00000012779.12,317.992822
ENSG00000012817.16,0.0
ENSG00000012822.16,94.078709
ENSG00000012963.15,7.808588
ENSG00000012983.12,1.812182
ENSG00000013016.16,2.878587
ENSG00000013275.8,73.150029
ENSG00000013288.9,22.255585
ENSG00000013293.6,0.022344
ENSG00000013297.12,0.267479
ENSG00000013306.16,1786.9236600000002
ENSG00000013364.19,410.965262
ENSG00000013374.17,68.91629499999999
ENSG00000013375.17,2.0628859999999998
ENSG00000013392.8,0.6214
ENSG00000013441.17,47.009176
ENSG00000013503.10,1.837904
ENSG00000013523.12,4.324272000000001
ENSG00000013561.18,7.2537959999999995
ENSG00000013563.14,46.20988
ENSG00000013573.17,4.566776
ENSG00000013583.10,41.078732
ENSG00000013588.10,0.0
ENSG00000013619.15,0.164892
ENSG00000013725.14,48.224216
ENSG00000013810.21,127.778619
ENSG00000014123.10,1.818313
ENSG00000014138.10,6.562421
ENSG00000014164.7,31.967276
ENSG00000014216.16,115.051432
ENSG00000014257.17,14.205766
ENSG00000014641.21,38.058419
ENSG00000014824.14,3.5338969999999996
ENSG00000014914.21,31.661685
ENSG00000014919.13,9.311451
ENSG00000015133.20,28.965456
ENSG00000015153.15,7.04728
ENSG00000015171.21,2.485357
ENSG00000015285.12,639.127319
ENSG00000015413.10,0.0
ENSG00000015475.19,189.00629700000002
ENSG00000015479.20,24.292146
ENSG00000015520.15,0.0
ENSG00000015532.10,10.772551
ENSG00000015568.13,1.249963
ENSG00000015592.17,0.0
ENSG00000015676.18,25.652868
ENSG00000016082.15,0.0
ENSG00000016391.11,0.118515
ENSG00000016402.14,0.0
ENSG00000016490.16,0.0
ENSG00000016602.9,0.0
ENSG00000016864.19,19.752184
ENSG00000017260.20,18.865984
ENSG00000017427.17,0.031373
ENSG00000017483.16,61.152295
ENSG00000017797.13,37.283884
ENSG00000018189.13,10.150973
ENSG00000018236.15,0.0
ENSG00000018280.18,811.702901
ENSG00000018408.15,0.0
ENSG00000018510.18,3.145593
ENSG00000018607.9,0.0
ENSG00000018610.15,3.06421
ENSG00000018625.15,0.0
ENSG00000018699.13,4.1641010000000005
ENSG00000018869.18,0.619804
ENSG00000019102.12,0.0
ENSG00000019144.20,0.17573999999999998
ENSG00000019169.11,16.313378
ENSG00000019186.10,0.0
ENSG00000019485.14,1.4283769999999998
ENSG00000019505.8,0.0
ENSG00000019549.13,0.0
ENSG00000019582.17,8138.026029
ENSG00000019991.18,1.683518
ENSG00000019995.6,6.378608
ENSG00000020129.16,8.26654
ENSG00000020181.18,1.022212
ENSG00000020219.9,0.0
ENSG00000020256.20,3.599612
ENSG00000020426.11,4.450623
ENSG00000020577.14,8.902489000000001
ENSG00000020633.19,41.002750999999996
ENSG00000020922.13,2.860124
ENSG00000021300.14,13.884333
ENSG00000021355.13,171.943155
ENSG00000021461.18,0.0
ENSG00000021488.13,0.0
ENSG00000021574.15,3.189435
ENSG00000021645.20,0.0
ENSG00000021762.20,30.813597
ENSG00000021776.11,9.130848
ENSG00000021826.18,0.096244
ENSG00000021852.14,0.0
ENSG00000022267.19,3.953313
ENSG00000022277.13,203.206376
ENSG00000022355.18,0.0
ENSG00000022556.16,1.867483
ENSG00000022567.10,26.068982000000002
ENSG00000022840.17,196.739619
ENSG00000022976.16,8.424373000000001
ENSG00000023041.12,15.110263
ENSG00000023171.20,5.706675
ENSG00000023191.17,223.13204800000003
ENSG00000023228.15,11.110694
ENSG00000023287.13,4.677252
ENSG00000023318.9,39.231491999999996
ENSG00000023330.15,28.554869
ENSG00000023445.17,9.051335
ENSG00000023516.9,0.800126
ENSG00000023572.10,4.996900999999999
ENSG00000023608.5,0.185152
ENSG00000023697.13,12.630966
ENSG00000023734.11,28.568399
ENSG00000023839.12,1.0757759999999998
ENSG00000023892.12,164.830144
ENSG00000023902.14,310.846229
ENSG00000023909.10,4.038636
ENSG00000024048.11,22.822661
ENSG00000024422.12,0.201215
ENSG00000024526.17,0.0
ENSG00000024862.18,41.993504
ENSG00000025039.15,3.523539
ENSG00000025156.13,2.034131
ENSG00000025293.17,13.880597999999999
ENSG00000025423.11,0.555515
ENSG00000025434.19,12.689922
ENSG00000025708.14,950.6372349999999
ENSG00000025770.19,24.632884
ENSG00000025772.8,11.856335
ENSG00000025796.14,2.102311
ENSG00000025800.14,10.519501
ENSG00000026025.16,1240.0296570000003
ENSG00000026036.23,2.311236
ENSG00000026103.25,21.541062
ENSG00000026297.17,801.079158
ENSG00000026508.21,213.354486
ENSG00000026559.14,0.573607
ENSG00000026652.15,2.050461
ENSG00000026751.17,28.238315
ENSG00000026950.18,164.7038
ENSG00000027001.10,1.218502
ENSG00000027075.18,25.902217
ENSG00000027644.5,0.0
ENSG00000027697.16,91.453006
ENSG00000027847.14,31.584175
ENSG00000027869.13,27.753494999999997
ENSG00000028116.18,7.687015
ENSG00000028137.19,540.703269
ENSG00000028203.19,2.793966
ENSG00000028277.22,52.380371000000004
ENSG00000028310.18,15.612521000000001
ENSG00000028528.15,108.983709
ENSG00000028839.10,24.22773
ENSG00000029153.15,0.033716
ENSG00000029363.17,20.560105
ENSG00000029364.12,12.531694000000002
ENSG00000029534.22,6.334536
ENSG00000029559.7,0.0
ENSG00000029639.11,2.269289
ENSG00000029725.17,6.699661
ENSG00000029993.15,0.469359
ENSG00000030066.14,5.476543
ENSG00000030110.14,47.131921999999996
ENSG00000030304.15,0.0
ENSG00000030419.17,0.291444
ENSG00000030582.19,1200.4556010000001
ENSG00000031003.11,4.974215
ENSG00000031081.11,2.243477
ENSG00000031691.7,0.0
ENSG00000031698.13,85.31306599999999
ENSG00000031823.14,46.610287
ENSG00000032219.19,5.166627
ENSG00000032389.13,14.211281
ENSG00000032444.17,91.775021
ENSG00000032742.18,1.265739
ENSG00000033011.14,17.096227
ENSG00000033030.16,10.625997000000002
ENSG00000033050.9,10.586594999999999
ENSG00000033100.17,50.228679
ENSG00000033122.21,0.016086
ENSG00000033170.17,3.575819
ENSG00000033178.13,1.141653
ENSG00000033327.13,46.224211
ENSG00000033627.18,48.657928
ENSG00000033800.14,39.096312
ENSG00000033867.18,0.746247
ENSG00000034053.15,0.065474
ENSG00000034152.20,213.300467
ENSG00000034239.11,0.106149
ENSG00000034510.6,4187.494476
ENSG00000034533.12,6.686361
ENSG00000034677.13,5.211194
ENSG00000034693.15,3.87311
ENSG00000034713.8,112.552109
ENSG00000034971.17,0.0
ENSG00000035115.22,4.797143999999999
ENSG00000035141.10,9.128978
ENSG00000035403.18,32.434494
ENSG00000035499.13,0.0
ENSG00000035664.11,54.755019
ENSG00000035681.10,24.133738
ENSG00000035687.10,18.26385
ENSG00000035720.8,1.769102
ENSG00000035862.13,139.725243
ENSG00000035928.17,10.559708
ENSG00000036054.13,4.430212
ENSG00000036257.14,22.725737000000002
ENSG00000036448.10,1.207798
ENSG00000036473.9,0.0
ENSG00000036530.9,0.192859
ENSG00000036549.13,3.259325
ENSG00000036565.15,1.008574
ENSG00000036672.16,0.0
ENSG00000036828.17,0.213542
ENSG00000037042.9,2.399897
ENSG00000037241.7,4.107298
ENSG00000037280.16,0.551648
ENSG00000037474.15,17.695182
ENSG00000037637.11,20.773276
ENSG00000037749.13,3.659131
ENSG00000037757.14,8.693311
ENSG00000037897.17,3.935733
ENSG00000037965.6,0.0
ENSG00000038002.9,16.113155
ENSG00000038210.14,1.176058
ENSG00000038219.13,13.933102
ENSG00000038274.18,59.994274
ENSG00000038295.8,0.0
ENSG00000038358.15,43.005604
ENSG00000038382.23,5.207617
ENSG00000038427.16,107.734635
ENSG00000038532.17,8.236759
ENSG00000038945.15,2.497091
ENSG00000039068.20,0.056329
ENSG00000039123.16,13.674731
ENSG00000039139.11,0.066035
ENSG00000039319.17,5.174701
ENSG00000039523.20,55.534718
ENSG00000039537.16,0.0
ENSG00000039560.14,0.0
ENSG00000039600.11,0.0
ENSG00000039650.12,71.87892
ENSG00000039987.7,0.0
ENSG00000040199.18,0.7000620000000001
ENSG00000040275.17,1.244162
ENSG00000040341.18,6.711407
ENSG00000040487.13,13.470202
ENSG00000040531.16,13.425708
ENSG00000040608.14,0.560947
ENSG00000040633.13,47.516905
ENSG00000040731.10,0.0
ENSG00000040933.17,14.793826
ENSG00000041353.10,0.522155
ENSG00000041357.16,38.312719
ENSG00000041515.16,0.033315
ENSG00000041802.11,13.101227
ENSG00000041880.15,12.45088
ENSG00000041982.17,0.0
ENSG00000041988.16,17.089537
ENSG00000042062.13,0.680389
ENSG00000042088.14,6.466517
ENSG00000042286.15,1.737704
ENSG00000042304.14,0.0
ENSG00000042317.17,0.261654
ENSG00000042429.12,8.866238999999998
ENSG00000042445.14,0.985986
ENSG00000042493.16,406.20061000000004
ENSG00000042753.12,202.639326
ENSG00000042781.14,0.0
ENSG00000042813.8,0.0
ENSG00000042832.12,0.091227
ENSG00000042980.14,7.740354
ENSG00000043039.7,0.113638
ENSG00000043093.15,5.044034
ENSG00000043143.22,15.253761
ENSG00000043355.12,0.0
ENSG00000043462.13,310.917975
ENSG00000043514.17,5.389723
ENSG00000043591.6,0.0
ENSG00000044012.4,0.0
ENSG00000044090.13,6.693028
ENSG00000044115.21,49.599753
ENSG00000044446.12,39.050058
ENSG00000044459.15,0.463608
ENSG00000044524.11,0.0
ENSG00000044574.9,96.285525
ENSG00000046604.15,0.058141
ENSG00000046647.15,10.048202
ENSG00000046651.16,12.114664000000001
ENSG00000046653.15,0.075965
ENSG00000046774.10,0.0
ENSG00000046889.19,0.0
ENSG00000047056.18,12.605813
ENSG00000047188.16,2.852712
ENSG00000047230.15,1.300199
ENSG00000047249.18,15.644598
ENSG00000047315.17,31.075914
ENSG00000047346.13,6.926451999999999
ENSG00000047365.13,2.377576
ENSG00000047410.14,29.681132
ENSG00000047457.14,0.0
ENSG00000047578.14,11.392688999999999
ENSG00000047579.20,23.567029
ENSG00000047597.7,0.981575
ENSG00000047617.18,0.0
ENSG00000047621.12,3.071794
ENSG00000047634.15,0.536249
ENSG00000047644.20,20.901892
ENSG00000047648.23,0.754078
ENSG00000047662.5,0.033992
ENSG00000047849.22,20.534609
ENSG00000047932.14,2.537813
ENSG00000047936.11,0.0
ENSG00000048028.12,3.9917939999999996
ENSG00000048052.25,3.74322
ENSG00000048140.18,20.376755
ENSG00000048162.22,10.725506
ENSG00000048342.18,0.492292
ENSG00000048392.13,3.686795
ENSG00000048405.11,7.220472000000001
ENSG00000048462.11,0.635965
ENSG00000048471.14,3.9427320000000003
ENSG00000048540.16,0.0
ENSG00000048544.7,8.199592
ENSG00000048545.18,0.09698
ENSG00000048649.14,4.315945
ENSG00000048707.15,9.351318
ENSG00000048740.19,75.021946
ENSG00000048828.18,31.96949
ENSG00000048991.18,7.416072
ENSG00000049089.15,8.0558
ENSG00000049130.16,0.0
ENSG00000049167.16,1.970637
ENSG00000049192.15,0.0
ENSG00000049239.13,9.983665
ENSG00000049245.13,65.991309
ENSG00000049246.15,0.332802
ENSG00000049247.14,0.157754
ENSG00000049249.10,4.2605
ENSG00000049283.19,0.0
ENSG00000049323.16,0.602375
ENSG00000049449.10,6.5840179999999995
ENSG00000049540.19,0.0
ENSG00000049541.11,20.658262
ENSG00000049618.25,11.320782000000001
ENSG00000049656.14,56.820288999999995
ENSG00000049759.20,1.4280439999999999
ENSG00000049768.18,4.225722
ENSG00000049769.14,1.864097
ENSG00000049860.14,68.63289999999999
ENSG00000049883.15,0.608805
ENSG00000050030.16,0.023669
ENSG00000050130.18,22.647536
ENSG00000050165.19,0.975033
ENSG00000050327.15,0.9116879999999999
ENSG00000050344.9,4.155638000000001
ENSG00000050393.12,1.579385
ENSG00000050405.14,1.5918
ENSG00000050426.16,32.122808
ENSG00000050438.17,1.4267830000000001
ENSG00000050555.19,0.122415
ENSG00000050628.21,0.0
ENSG00000050730.16,0.0
ENSG00000050748.18,5.348675999999999
ENSG00000050767.18,0.0
ENSG00000050820.17,0.0
ENSG00000051009.11,59.159662000000004
ENSG00000051108.15,144.52959099999998
ENSG00000051128.19,29.571386
ENSG00000051180.17,0.33003
ENSG00000051341.15,0.025952
ENSG00000051382.10,10.46857
ENSG00000051523.12,2737.455389
ENSG00000051596.10,17.895843
ENSG00000051620.11,21.842526
ENSG00000051825.15,1.0921130000000001
ENSG00000052126.17,0.0
ENSG00000052344.16,0.0
ENSG00000052723.12,3.565296
ENSG00000052749.15,28.329324
ENSG00000052795.13,1.428585
ENSG00000052802.13,2.186054
ENSG00000052841.16,24.377190000000002
ENSG00000052850.8,0.0
ENSG00000053108.18,0.0
ENSG00000053254.16,13.586278
ENSG00000053328.9,0.0
ENSG00000053371.14,34.364340000000006
ENSG00000053372.5,7.91705
ENSG00000053438.11,0.0
ENSG00000053501.15,28.786185
ENSG00000053524.13,1.3977309999999998
ENSG00000053702.15,0.0
ENSG00000053747.17,0.047003
ENSG00000053770.12,8.698695
ENSG00000053900.11,10.692124
ENSG00000053918.20,35.300160000000005
ENSG00000054116.12,58.791201
ENSG00000054118.15,40.350701
ENSG00000054148.18,77.56418599999999
ENSG00000054179.12,0.698246
ENSG00000054219.11,5.934526
ENSG00000054267.22,5.36334
ENSG00000054277.14,7.504444
ENSG00000054282.16,0.567163
ENSG00000054356.14,1.981309
ENSG00000054392.13,1.204922
ENSG00000054523.20,5.82523
ENSG00000054598.9,0.0
ENSG00000054611.14,27.971269
ENSG00000054654.20,24.025703
ENSG00000054690.14,0.241236
ENSG00000054793.14,0.398837
ENSG00000054796.13,0.0
ENSG00000054803.4,0.0
ENSG00000054938.17,0.0
ENSG00000054965.11,6.686144
ENSG00000054967.13,79.907357
ENSG00000054983.17,9.421969
ENSG00000055044.11,8.324308
ENSG00000055070.17,12.066072
ENSG00000055118.18,1.683752
ENSG00000055130.18,25.312258
ENSG00000055147.19,9.596632
ENSG00000055163.21,119.39054300000001
ENSG00000055208.20,22.566759
ENSG00000055211.14,11.171216
ENSG00000055332.19,9.852069
ENSG00000055483.20,10.204044999999999
ENSG00000055609.21,12.578587
ENSG00000055732.13,0.263047
ENSG00000055813.6,0.0
ENSG00000055917.17,12.510114
ENSG00000055950.17,47.934996
ENSG00000055955.17,14.015833
ENSG00000055957.11,1.757941
ENSG00000056050.7,3.907183
ENSG00000056097.16,13.307647
ENSG00000056277.16,0.099991
ENSG00000056291.19,0.0
ENSG00000056487.17,0.0
ENSG00000056558.11,14.109579
ENSG00000056586.16,4.4056239999999995
ENSG00000056678.11,0.0
ENSG00000056736.10,0.600073
ENSG00000056972.21,8.517128
ENSG00000056998.21,0.0
ENSG00000057019.16,0.0
ENSG00000057149.16,0.0
ENSG00000057252.13,8.937827
ENSG00000057294.19,0.5016750000000001
ENSG00000057468.7,0.144428
ENSG00000057593.14,0.082907
ENSG00000057608.18,115.46028700000001
ENSG00000057657.17,7.940403
ENSG00000057663.16,6.084946
ENSG00000057704.13,16.143362
ENSG00000057757.10,24.993043999999998
ENSG00000057935.14,2.1947270000000003
ENSG00000058056.10,0.497299
ENSG00000058063.17,7.972563
ENSG00000058085.15,0.0
ENSG00000058091.17,1.874984
ENSG00000058262.11,67.76281
ENSG00000058272.19,7.524965
ENSG00000058335.16,0.574135
ENSG00000058404.21,0.0
ENSG00000058453.17,12.359367
ENSG00000058600.16,10.67771
ENSG00000058668.16,13.46397
ENSG00000058673.17,28.399515
ENSG00000058729.11,1.255791
ENSG00000058799.15,58.481402
ENSG00000058804.12,1.376473
ENSG00000058866.15,1.873936
ENSG00000059122.17,16.819981
ENSG00000059145.19,28.407458000000002
ENSG00000059377.19,247.22932899999998
ENSG00000059378.13,85.865857
ENSG00000059573.9,3.180405
ENSG00000059588.10,11.630614
ENSG00000059691.12,5.458577
ENSG00000059728.11,142.943392
ENSG00000059758.8,2.966005
ENSG00000059769.20,0.532268
ENSG00000059804.18,102.546419
ENSG00000059915.17,1.382549
ENSG00000060069.18,24.875489
ENSG00000060138.13,381.837032
ENSG00000060140.9,0.172373
ENSG00000060237.19,25.15993
ENSG00000060303.5,0.0
ENSG00000060339.14,7.9756219999999995
ENSG00000060491.17,145.963676
ENSG00000060558.4,25.693449
ENSG00000060566.14,0.185538
ENSG00000060642.12,8.686577
ENSG00000060656.20,0.041485
ENSG00000060688.13,33.078798
ENSG00000060709.17,0.0
ENSG00000060718.22,0.0
ENSG00000060749.17,0.654163
ENSG00000060762.20,24.997461
ENSG00000060971.19,180.011165
ENSG00000060982.15,2.453687
ENSG00000061273.18,72.615987
ENSG00000061337.16,0.211007
ENSG00000061455.11,0.024821
ENSG00000061492.12,0.0
ENSG00000061656.11,0.350026
ENSG00000061676.16,0.14211400000000002
ENSG00000061794.13,11.269905
ENSG00000061918.14,2.3081690000000004
ENSG00000061936.10,25.469968
ENSG00000061938.21,90.970157
ENSG00000061987.16,7.786792999999999
ENSG00000062038.15,0.666472
ENSG00000062096.15,0.0
ENSG00000062194.16,22.923413
ENSG00000062282.15,181.73069999999998
ENSG00000062370.17,0.0
ENSG00000062485.19,64.40892
ENSG00000062524.16,1.663565
ENSG00000062582.14,60.159314
ENSG00000062598.18,38.985589
ENSG00000062650.20,12.431299
ENSG00000062716.13,410.383601
ENSG00000062725.10,3.768174
ENSG00000062822.16,10.284943
ENSG00000063015.21,0.0
ENSG00000063046.18,86.632964
ENSG00000063127.16,1.339525
ENSG00000063169.12,4.683828
ENSG00000063176.16,11.220404
ENSG00000063177.13,1951.338825
ENSG00000063180.9,3.844611
ENSG00000063241.8,21.536757
ENSG00000063244.14,107.102689
ENSG00000063245.15,95.73983
ENSG00000063322.15,21.225158
ENSG00000063438.20,0.0
ENSG00000063515.3,0.0
ENSG00000063587.15,2.468227
ENSG00000063601.17,9.79875
ENSG00000063660.9,0.252084
ENSG00000063761.16,7.562879
ENSG00000063854.13,128.035453
ENSG00000063978.17,50.21700800000001
ENSG00000064012.24,104.25792100000001
ENSG00000064042.18,0.048321
ENSG00000064102.15,2.974983
ENSG00000064115.11,20.83837
ENSG00000064195.7,0.0
ENSG00000064199.7,0.26058
ENSG00000064201.16,80.067781
ENSG00000064205.11,0.0
ENSG00000064218.5,0.0
ENSG00000064225.13,10.964272
ENSG00000064270.14,1.668143
ENSG00000064300.9,0.414692
ENSG00000064309.16,0.047212
ENSG00000064313.13,3.166625
ENSG00000064393.16,1.6006230000000001
ENSG00000064419.14,18.304
ENSG00000064489.23,11.763238
ENSG00000064490.14,130.108765
ENSG00000064545.15,9.802783
ENSG00000064547.14,251.895203
ENSG00000064601.21,334.500039
ENSG00000064607.17,27.644473
ENSG00000064651.14,0.299383
ENSG00000064652.11,3.764158
ENSG00000064655.20,0.0
ENSG00000064666.15,633.538538
ENSG00000064687.13,129.634344
ENSG00000064692.20,0.146619
ENSG00000064703.13,5.049524
ENSG00000064726.10,7.626584
ENSG00000064763.12,17.385269
ENSG00000064787.14,0.0
ENSG00000064835.12,0.0
ENSG00000064886.14,8.098803
ENSG00000064932.16,121.767181
ENSG00000064933.19,1.3173249999999999
ENSG00000064961.19,47.866519000000004
ENSG00000064989.13,0.248075
ENSG00000064995.19,11.404176
ENSG00000064999.16,8.741949
ENSG00000065000.20,37.122344
ENSG00000065029.15,23.884019000000002
ENSG00000065054.14,4.442273
ENSG00000065057.9,11.685333
ENSG00000065060.18,1.161823
ENSG00000065135.12,8.296978
ENSG00000065150.21,9.006225
ENSG00000065154.12,14.616200000000001
ENSG00000065183.16,4.0429379999999995
ENSG00000065243.20,7.9147
ENSG00000065268.11,32.554856
ENSG00000065308.5,2.367041
ENSG00000065320.9,0.0
ENSG00000065325.13,0.0
ENSG00000065328.17,0.799941
ENSG00000065357.20,122.45790199999999
ENSG00000065361.17,0.367693
ENSG00000065371.18,0.0
ENSG00000065413.20,16.473783
ENSG00000065427.15,103.565712
ENSG00000065457.11,7.786383
ENSG00000065485.20,3.901924
ENSG00000065491.8,4.217526
ENSG00000065518.8,101.383303
ENSG00000065526.13,32.310404
ENSG00000065534.20,2.47996
ENSG00000065548.19,5.479468
ENSG00000065559.15,13.474516000000001
ENSG00000065600.13,3.809468
ENSG00000065609.15,0.0
ENSG00000065613.15,6.609662999999999
ENSG00000065615.14,42.028878
ENSG00000065618.21,0.30701
ENSG00000065621.15,0.81943
ENSG00000065665.21,3.926685
ENSG00000065675.16,7.944604
ENSG00000065717.16,1.806257
ENSG00000065802.12,15.655052
ENSG00000065809.14,22.637723
ENSG00000065833.9,0.706532
ENSG00000065882.18,88.75060099999999
ENSG00000065883.18,12.404131000000001
ENSG00000065911.13,13.906931
ENSG00000065923.10,1.045593
ENSG00000065970.9,8.956574
ENSG00000065978.19,352.637749
ENSG00000065989.16,6.848139
ENSG00000066027.12,28.980564
ENSG00000066032.19,0.0
ENSG00000066044.15,21.052086
ENSG00000066056.15,0.257486
ENSG00000066084.13,8.027439000000001
ENSG00000066117.15,30.627724999999998
ENSG00000066135.13,12.170998
ENSG00000066136.21,102.305157
ENSG00000066185.13,0.678185
ENSG00000066230.12,0.957504
ENSG00000066248.15,0.0
ENSG00000066279.19,0.099141
ENSG00000066294.15,4.305054
ENSG00000066322.15,119.626568
ENSG00000066336.13,1505.078266
ENSG00000066379.15,42.753818
ENSG00000066382.17,0.0
ENSG00000066405.13,0.0
ENSG00000066422.7,2.91904
ENSG00000066427.25,7.960776
ENSG00000066455.13,9.349115
ENSG00000066468.24,0.134346
ENSG00000066557.6,1.509223
ENSG00000066583.12,4.318487
ENSG00000066629.19,0.109334
ENSG00000066651.20,1.824615
ENSG00000066654.14,3.841895
ENSG00000066697.15,2.4871280000000002
ENSG00000066735.16,0.068162
ENSG00000066739.12,4.982221
ENSG00000066777.9,20.205268
ENSG00000066813.14,0.0
ENSG00000066827.16,9.362732
ENSG00000066855.16,1.37841
ENSG00000066923.19,1.957503
ENSG00000066926.13,11.461435
ENSG00000066933.17,0.74176
ENSG00000067048.17,0.0
ENSG00000067057.19,24.005235
ENSG00000067064.13,7.320825
ENSG00000067066.17,79.320113
ENSG00000067082.15,64.010262
ENSG00000067113.17,1.481834
ENSG00000067141.17,0.487004
ENSG00000067167.8,30.926161999999998
ENSG00000067177.15,0.0
ENSG00000067182.9,374.49825999999996
ENSG00000067191.17,6.7502320000000005
ENSG00000067208.17,0.971559
ENSG00000067221.14,6.279066
ENSG00000067225.21,622.102134
ENSG00000067248.11,2.83683
ENSG00000067334.14,5.772189
ENSG00000067365.15,19.260407
ENSG00000067369.14,4.263852
ENSG00000067445.22,0.451753
ENSG00000067533.6,1.246601
ENSG00000067560.14,606.9593120000001
ENSG00000067596.12,32.956815
ENSG00000067601.11,0.0
ENSG00000067606.17,18.139655
ENSG00000067646.12,0.0
ENSG00000067704.10,9.522265
ENSG00000067715.15,0.0
ENSG00000067798.16,0.758521
ENSG00000067829.20,93.981178
ENSG00000067836.13,84.16001899999999
ENSG00000067840.13,10.894743
ENSG00000067842.19,0.0
ENSG00000067900.9,3.554849
ENSG00000067955.15,6.751962
ENSG00000067992.17,17.647451
ENSG00000068001.14,12.317008999999999
ENSG00000068024.18,14.960747
ENSG00000068028.18,82.57637600000001
ENSG00000068078.20,0.0
ENSG00000068079.8,240.020074
ENSG00000068097.16,2.517312
ENSG00000068120.15,66.709044
ENSG00000068137.15,0.475899
ENSG00000068305.19,10.690527
ENSG00000068308.15,80.061598
ENSG00000068323.17,85.944474
ENSG00000068354.16,14.453419
ENSG00000068366.21,9.317523000000001
ENSG00000068383.19,8.735606
ENSG00000068394.11,31.993803
ENSG00000068400.14,43.201547
ENSG00000068438.15,24.762522
ENSG00000068489.13,1.965023
ENSG00000068615.20,0.0
ENSG00000068650.19,11.970322000000001
ENSG00000068654.17,1.7924
ENSG00000068697.7,86.031274
ENSG00000068724.18,19.930816
ENSG00000068745.15,42.487228
ENSG00000068781.21,0.0
ENSG00000068784.13,15.53112
ENSG00000068796.19,5.872135
ENSG00000068831.19,261.17436399999997
ENSG00000068878.15,18.371988
ENSG00000068885.15,0.997964
ENSG00000068903.21,76.724144
ENSG00000068912.15,6.629469
ENSG00000068971.14,20.019219
ENSG00000068976.14,8.207371
ENSG00000068985.5,0.0
ENSG00000069011.16,0.203549
ENSG00000069018.19,0.0
ENSG00000069020.19,0.955156
ENSG00000069122.19,0.0
ENSG00000069188.17,0.102083
ENSG00000069206.15,0.0
ENSG00000069248.12,6.317372
ENSG00000069275.13,15.474402999999999
ENSG00000069329.19,54.103274
ENSG00000069345.12,20.151079000000003
ENSG00000069399.15,122.493084
ENSG00000069424.16,114.346937
ENSG00000069431.14,0.15125
ENSG00000069482.7,0.0
ENSG00000069493.15,20.10288
ENSG00000069509.6,5.415061
ENSG00000069535.14,0.093471
ENSG00000069667.16,1.0906719999999999
ENSG00000069696.7,0.0
ENSG00000069702.11,1.5884580000000001
ENSG00000069764.10,0.0
ENSG00000069812.11,0.479867
ENSG00000069849.11,48.208718
ENSG00000069869.17,8.595968000000001
ENSG00000069943.10,16.833595
ENSG00000069956.14,1.134278
ENSG00000069966.19,4.057072
ENSG00000069974.17,45.563446
ENSG00000069998.12,26.407228
ENSG00000070010.19,40.607149
ENSG00000070018.9,0.629611
ENSG00000070019.5,0.0
ENSG00000070031.4,2.659277
ENSG00000070047.13,7.283777
ENSG00000070061.16,12.919297
ENSG00000070081.18,2.641799
ENSG00000070087.15,0.718949
ENSG00000070159.14,0.5591389999999999
ENSG00000070182.21,2.861831
ENSG00000070190.13,24.063662
ENSG00000070193.5,0.0
ENSG00000070214.17,4.12415
ENSG00000070269.14,6.707134
ENSG00000070366.14,13.172013
ENSG00000070367.17,1.9670139999999998
ENSG00000070371.16,5.413378
ENSG00000070388.12,0.0
ENSG00000070404.10,3.6460130000000004
ENSG00000070413.21,69.771604
ENSG00000070423.18,37.491355000000006
ENSG00000070444.15,18.356142000000002
ENSG00000070476.15,17.516635
ENSG00000070495.15,29.366406
ENSG00000070501.12,45.642441999999996
ENSG00000070526.15,1.9096009999999999
ENSG00000070540.13,27.522565
ENSG00000070601.10,0.722812
ENSG00000070610.14,55.156237
ENSG00000070614.15,26.557613
ENSG00000070669.17,11.500541
ENSG00000070718.13,3.977008
ENSG00000070729.14,0.0
ENSG00000070731.11,41.842549
ENSG00000070748.19,0.0
ENSG00000070756.17,802.80718
ENSG00000070759.17,6.485272
ENSG00000070761.8,13.187560999999999
ENSG00000070770.10,7.994237999999999
ENSG00000070778.13,0.0
ENSG00000070785.17,4.294542
ENSG00000070808.17,0.0
ENSG00000070814.22,14.47754
ENSG00000070831.18,83.57868400000001
ENSG00000070882.13,3.180448
ENSG00000070886.12,0.0
ENSG00000070915.10,0.0
ENSG00000070950.10,0.90244
ENSG00000070961.17,18.247103
ENSG00000070985.14,0.21385
ENSG00000071051.14,23.632429000000002
ENSG00000071054.17,45.042313
ENSG00000071073.13,4.408994
ENSG00000071082.11,85.99101599999999
ENSG00000071127.18,326.59132800000003
ENSG00000071189.21,3.356528
ENSG00000071203.9,0.0
ENSG00000071205.12,1.974215
ENSG00000071242.13,1.8756920000000001
ENSG00000071243.16,8.809039
ENSG00000071246.11,4.033021
ENSG00000071282.12,0.584203
ENSG00000071462.13,24.668613
ENSG00000071537.14,7.069154
ENSG00000071539.14,0.0
ENSG00000071553.18,145.574174
ENSG00000071564.19,28.093689
ENSG00000071575.12,11.797022
ENSG00000071626.17,37.603639
ENSG00000071655.18,39.551173
ENSG00000071677.1,0.0
ENSG00000071794.16,0.65018
ENSG00000071859.15,55.284802
ENSG00000071889.17,28.340114
ENSG00000071894.17,74.96920700000001
ENSG00000071909.19,0.0
ENSG00000071967.12,7.998535
ENSG00000071991.9,0.0
ENSG00000071994.11,21.824353000000002
ENSG00000072041.18,0.0
ENSG00000072042.13,14.426136
ENSG00000072062.16,95.518416
ENSG00000072071.17,2.059769
ENSG00000072080.11,1.079347
ENSG00000072110.17,194.838771
ENSG00000072121.17,5.295033
ENSG00000072133.12,0.083593
ENSG00000072134.16,3.155319
ENSG00000072135.13,140.731556
ENSG00000072163.20,4.429913
ENSG00000072182.14,0.0
ENSG00000072195.15,2.53903
ENSG00000072201.14,0.124698
ENSG00000072210.19,10.077848
ENSG00000072274.14,2.814992
ENSG00000072310.18,37.801971
ENSG00000072315.4,0.0
ENSG00000072364.13,2.73776
ENSG00000072401.15,30.311142
ENSG00000072415.10,0.507922
ENSG00000072422.17,0.589589
ENSG00000072501.19,9.360347
ENSG00000072506.14,106.735009
ENSG00000072518.23,64.539496
ENSG00000072571.20,0.157419
ENSG00000072609.18,50.904958
ENSG00000072657.10,0.0
ENSG00000072682.20,0.052318
ENSG00000072694.22,23.146698999999998
ENSG00000072736.19,18.039884
ENSG00000072756.18,4.66875
ENSG00000072778.20,306.842851
ENSG00000072786.13,201.203432
ENSG00000072803.18,5.080141
ENSG00000072818.12,175.777198
ENSG00000072832.15,0.099053
ENSG00000072840.13,0.563956
ENSG00000072849.11,38.217438
ENSG00000072858.12,5.936507000000001
ENSG00000072864.16,44.214240000000004
ENSG00000072952.21,26.126533000000002
ENSG00000072954.7,4.283282
ENSG00000072958.9,80.61185
ENSG00000073008.16,5.885803
ENSG00000073050.12,38.851036
ENSG00000073060.17,4.8590029999999995
ENSG00000073067.14,0.0
ENSG00000073111.15,1.714027
ENSG00000073146.17,0.0
ENSG00000073150.14,17.337066
ENSG00000073169.15,34.716125
ENSG00000073282.14,0.0
ENSG00000073331.18,51.229298
ENSG00000073350.14,17.710567
ENSG00000073417.15,6.586938
ENSG00000073464.13,5.812876
ENSG00000073536.18,6.295202
ENSG00000073578.18,49.269111
ENSG00000073584.20,36.151867
ENSG00000073598.6,0.0
ENSG00000073605.19,17.119972
ENSG00000073614.13,18.012823
ENSG00000073670.14,0.250122
ENSG00000073711.11,0.0
ENSG00000073712.15,0.0
ENSG00000073734.10,0.032969
ENSG00000073737.17,77.858069
ENSG00000073754.6,0.0
ENSG00000073756.13,3.0237789999999998
ENSG00000073792.16,5.55322
ENSG00000073803.14,3.582675
ENSG00000073849.16,30.734586999999998
ENSG00000073861.3,20.358941
ENSG00000073905.8,0.0
ENSG00000073910.23,47.610993
ENSG00000073921.18,165.676785
ENSG00000073969.19,1.227236
ENSG00000074047.22,0.0
ENSG00000074054.21,5.704068
ENSG00000074071.15,76.958945
ENSG00000074181.9,0.399752
ENSG00000074201.9,41.344116
ENSG00000074211.14,0.0
ENSG00000074219.14,0.0
ENSG00000074266.24,5.48456
ENSG00000074276.11,0.8890469999999999
ENSG00000074317.11,0.0
ENSG00000074319.13,61.716767000000004
ENSG00000074356.17,8.320938
ENSG00000074370.19,169.590803
ENSG00000074410.14,0.094025
ENSG00000074416.16,6.815182
ENSG00000074527.13,0.0
ENSG00000074582.15,16.821658
ENSG00000074590.14,0.08007
ENSG00000074603.19,3.910225
ENSG00000074621.14,2.99918
ENSG00000074657.14,0.824713
ENSG00000074660.17,12.250313
ENSG00000074695.6,2.064052
ENSG00000074696.13,2.942341
ENSG00000074706.14,6.908301
ENSG00000074755.15,12.012872
ENSG00000074771.4,0.0
ENSG00000074800.16,734.332852
ENSG00000074803.21,0.0
ENSG00000074842.8,50.137349
ENSG00000074855.11,2.214425
ENSG00000074935.14,1.093484
ENSG00000074964.17,23.674072
ENSG00000074966.12,8.057483999999999
ENSG00000075035.10,0.06651
ENSG00000075043.21,0.0
ENSG00000075073.16,0.149811
ENSG00000075089.10,0.757584
ENSG00000075131.10,0.544126
ENSG00000075142.14,72.122195
ENSG00000075151.24,6.181049
ENSG00000075188.9,16.642423
ENSG00000075213.11,0.0
ENSG00000075218.19,1.779883
ENSG00000075223.14,0.379795
ENSG00000075234.17,27.169021
ENSG00000075239.15,5.809693
ENSG00000075240.17,9.374126
ENSG00000075275.18,0.526332
ENSG00000075290.8,0.0
ENSG00000075292.20,13.284844999999999
ENSG00000075303.13,2.879794
ENSG00000075336.12,7.687811
ENSG00000075340.23,0.533259
ENSG00000075388.4,0.0
ENSG00000075391.18,0.48649
ENSG00000075399.14,53.480065999999994
ENSG00000075407.19,1.6812070000000001
ENSG00000075413.19,52.575548999999995
ENSG00000075415.15,372.527975
ENSG00000075420.13,10.448837000000001
ENSG00000075426.12,55.271578
ENSG00000075429.9,0.021765
ENSG00000075461.6,0.0
ENSG00000075539.15,9.518424000000001
ENSG00000075568.17,15.737708999999999
ENSG00000075618.18,2.487658
ENSG00000075624.17,8354.228127
ENSG00000075643.6,0.0
ENSG00000075651.17,1.336016
ENSG00000075673.12,0.0
ENSG00000075702.19,1.6787830000000001
ENSG00000075711.21,3.110011
ENSG00000075785.14,244.65575
ENSG00000075790.12,4.333389
ENSG00000075826.17,12.560120000000001
ENSG00000075856.12,17.237682
ENSG00000075884.14,51.630666000000005
ENSG00000075886.11,0.0
ENSG00000075891.24,0.0
ENSG00000075914.13,22.900876
ENSG00000075945.13,2.247472
ENSG00000075975.17,7.478006000000001
ENSG00000076003.5,4.868702
ENSG00000076043.11,13.183
ENSG00000076053.12,7.925385
ENSG00000076067.14,3.127394
ENSG00000076108.12,43.748566
ENSG00000076201.16,18.18542
ENSG00000076242.18,11.889923
ENSG00000076248.12,5.162477
ENSG00000076258.10,0.947643
ENSG00000076321.11,2.069594
ENSG00000076344.16,0.0
ENSG00000076351.13,0.987888
ENSG00000076356.7,4.176847
ENSG00000076382.17,1.338252
ENSG00000076513.17,95.87018499999999
ENSG00000076554.16,3.690985
ENSG00000076555.16,1.633037
ENSG00000076604.16,4.4470600000000005
ENSG00000076641.4,5.523282
ENSG00000076650.7,5.53964
ENSG00000076662.11,1342.451181
ENSG00000076685.19,49.401717999999995
ENSG00000076706.17,0.149579
ENSG00000076716.9,0.0
ENSG00000076770.16,32.413021
ENSG00000076826.10,0.150695
ENSG00000076864.21,0.38707
ENSG00000076924.12,40.360728
ENSG00000076928.20,421.115722
ENSG00000076944.18,516.665085
ENSG00000076984.18,29.672209000000002
ENSG00000077009.14,0.0
ENSG00000077044.11,32.320356
ENSG00000077063.11,0.0
ENSG00000077080.10,0.2944
ENSG00000077092.20,0.047242
ENSG00000077097.17,22.473896
ENSG00000077147.16,7.241139
ENSG00000077150.21,130.82352
ENSG00000077152.12,0.737063
ENSG00000077157.23,7.346852
ENSG00000077232.19,2.1139140000000003
ENSG00000077235.18,29.893217
ENSG00000077238.14,82.781673
ENSG00000077254.14,9.712924999999998
ENSG00000077264.17,0.0
ENSG00000077274.9,0.0
ENSG00000077279.21,0.0
ENSG00000077312.9,58.836844
ENSG00000077327.16,0.203549
ENSG00000077348.10,25.348058
ENSG00000077380.16,18.658863999999998
ENSG00000077420.17,160.000194
ENSG00000077454.17,237.650342
ENSG00000077458.13,1.6909500000000002
ENSG00000077463.15,32.645318
ENSG00000077498.9,0.0
ENSG00000077514.9,8.677852
ENSG00000077522.15,0.317075
ENSG00000077549.19,445.124456
ENSG00000077585.14,5.312386
ENSG00000077616.11,0.0
ENSG00000077684.16,7.620762
ENSG00000077713.19,1.728272
ENSG00000077721.17,37.632012
ENSG00000077782.23,3.464664
ENSG00000077800.13,0.177253
ENSG00000077935.17,0.0
ENSG00000077942.19,0.107953
ENSG00000077943.8,0.0
ENSG00000077984.6,308.116223
ENSG00000078018.22,0.042098
ENSG00000078043.16,1.469495
ENSG00000078053.17,0.0
ENSG00000078061.14,85.73439699999999
ENSG00000078070.14,6.1345469999999995
ENSG00000078081.8,2.145797
ENSG00000078098.15,0.0
ENSG00000078114.19,3.390915
ENSG00000078124.13,3.732003
ENSG00000078140.14,20.729893
ENSG00000078142.14,35.96232
ENSG00000078177.15,0.233286
ENSG00000078237.7,0.535847
ENSG00000078246.17,1.924126
ENSG00000078269.15,2.014296
ENSG00000078295.17,0.022877
ENSG00000078304.20,60.640248
ENSG00000078319.13,0.0
ENSG00000078328.23,0.0
ENSG00000078369.19,166.047926
ENSG00000078399.19,0.237473
ENSG00000078401.7,0.120605
ENSG00000078403.17,5.0585
ENSG00000078487.18,3.203994
ENSG00000078549.16,0.0
ENSG00000078579.9,0.0
ENSG00000078589.13,7.191701
ENSG00000078596.11,17.081851
ENSG00000078618.23,110.074737
ENSG00000078668.14,48.823735
ENSG00000078674.20,17.267902
ENSG00000078687.18,1.778777
ENSG00000078699.22,3.1512800000000003
ENSG00000078725.13,0.0
ENSG00000078747.17,10.703999
ENSG00000078795.17,0.0
ENSG00000078804.13,6.893143
ENSG00000078808.20,89.741264
ENSG00000078814.19,0.783451
ENSG00000078898.7,0.0
ENSG00000078900.16,0.0
ENSG00000078902.16,43.567394
ENSG00000078967.13,1.994023
ENSG00000079101.18,0.0
ENSG00000079102.18,0.0
ENSG00000079112.10,0.0
ENSG00000079134.13,14.846998000000001
ENSG00000079150.19,0.156421
ENSG00000079156.17,0.032111
ENSG00000079215.15,0.385059
ENSG00000079246.16,98.898009
ENSG00000079257.8,5.05746
ENSG00000079263.19,30.805871000000003
ENSG00000079277.22,70.732084
ENSG00000079308.21,13.557792999999998
ENSG00000079313.15,22.276719
ENSG00000079332.16,23.360473
ENSG00000079335.21,1.885961
ENSG00000079337.16,0.506321
ENSG00000079385.23,51.03041
ENSG00000079387.15,3.72745
ENSG00000079393.22,0.319719
ENSG00000079432.9,40.584027000000006
ENSG00000079435.11,4.196681
ENSG00000079459.14,4.926972
ENSG00000079462.8,20.119131
ENSG00000079482.14,3.0182140000000004
ENSG00000079557.5,0.0
ENSG00000079616.14,20.519139
ENSG00000079689.15,0.0
ENSG00000079691.19,0.789781
ENSG00000079739.17,20.645243
ENSG00000079785.16,10.272276999999999
ENSG00000079805.19,192.96701
ENSG00000079819.20,2.43138
ENSG00000079841.20,0.0
ENSG00000079931.15,0.0
ENSG00000079950.14,22.669449
ENSG00000079974.19,14.675802000000001
ENSG00000079999.14,19.613783
ENSG00000080007.8,0.0
ENSG00000080031.10,0.070541
ENSG00000080166.16,0.0
ENSG00000080189.15,53.320289
ENSG00000080200.10,0.839266
ENSG00000080224.18,0.0
ENSG00000080293.10,0.0
ENSG00000080298.16,1.636135
ENSG00000080345.18,1.042892
ENSG00000080371.6,15.613161
ENSG00000080493.19,0.090063
ENSG00000080503.25,26.31673
ENSG00000080511.5,0.0
ENSG00000080546.14,4.329548
ENSG00000080561.14,0.373519
ENSG00000080572.14,0.0
ENSG00000080573.7,0.665162
ENSG00000080603.17,5.772061000000001
ENSG00000080608.10,3.67673
ENSG00000080618.17,0.0
ENSG00000080644.16,0.0
ENSG00000080709.17,0.0
ENSG00000080802.21,4.670801
ENSG00000080815.20,61.221309000000005
ENSG00000080819.9,3.933446
ENSG00000080822.17,17.326835
ENSG00000080823.23,1.376514
ENSG00000080824.19,40.368815999999995
ENSG00000080839.12,0.490869
ENSG00000080845.19,31.195492
ENSG00000080854.16,0.864628
ENSG00000080910.14,0.196183
ENSG00000080947.16,0.0
ENSG00000080986.13,2.723151
ENSG00000081014.11,0.824694
ENSG00000081019.14,2.501984
ENSG00000081026.19,0.070385
ENSG00000081041.9,0.0
ENSG00000081051.8,0.0
ENSG00000081052.14,0.18014
ENSG00000081059.20,93.561394
ENSG00000081087.16,5.9634469999999995
ENSG00000081138.14,0.0
ENSG00000081148.12,0.054479
ENSG00000081154.12,12.302791
ENSG00000081177.19,2.2176850000000004
ENSG00000081181.8,0.51722
ENSG00000081189.17,6.816443
ENSG00000081237.22,219.80210399999999
ENSG00000081248.13,0.0
ENSG00000081277.13,0.0
ENSG00000081307.15,2.0509709999999997
ENSG00000081320.12,30.536134
ENSG00000081377.17,0.845785
ENSG00000081386.13,0.739156
ENSG00000081479.15,0.0
ENSG00000081665.15,9.026375
ENSG00000081692.13,7.760241000000001
ENSG00000081721.12,6.250965
ENSG00000081760.17,4.719763
ENSG00000081791.9,63.315858
ENSG00000081800.9,0.0
ENSG00000081803.17,0.0
ENSG00000081818.4,0.0
ENSG00000081842.18,0.0
ENSG00000081853.15,0.0
ENSG00000081870.12,4.3988130000000005
ENSG00000081913.14,2.911739
ENSG00000081923.15,0.0
ENSG00000081985.14,0.59262
ENSG00000082014.17,55.084977
ENSG00000082068.9,16.154073
ENSG00000082074.19,91.60566
ENSG00000082126.18,0.0
ENSG00000082146.13,97.358973
ENSG00000082153.18,35.650453
ENSG00000082175.16,0.0
ENSG00000082196.21,1.499194
ENSG00000082212.13,25.545239
ENSG00000082213.18,2.9979549999999997
ENSG00000082258.13,3.653067
ENSG00000082269.17,0.290057
ENSG00000082293.13,0.0
ENSG00000082397.18,20.752612
ENSG00000082438.18,0.170662
ENSG00000082458.12,0.871264
ENSG00000082482.14,0.0
ENSG00000082497.12,0.0
ENSG00000082512.15,6.009583
ENSG00000082515.18,4.154007
ENSG00000082516.9,2.644099
ENSG00000082556.14,0.0
ENSG00000082641.16,24.499946
ENSG00000082684.16,0.0
ENSG00000082701.17,16.931085
ENSG00000082781.12,10.962223999999999
ENSG00000082805.21,1.179047
ENSG00000082898.19,14.712819000000001
ENSG00000082929.9,0.0
ENSG00000082996.20,52.816704
ENSG00000083067.27,0.0
ENSG00000083093.12,1.9454289999999999
ENSG00000083097.15,3.167899
ENSG00000083099.11,2.880256
ENSG00000083123.15,2.26295
ENSG00000083168.11,9.180153
ENSG00000083223.18,26.306869
ENSG00000083290.20,2.95681
ENSG00000083307.12,0.0
ENSG00000083312.19,4.209849
ENSG00000083444.17,51.346803
ENSG00000083454.23,20.740966999999998
ENSG00000083457.12,8.82626
ENSG00000083520.15,3.27372
ENSG00000083535.16,1.38537
ENSG00000083544.16,4.284933
ENSG00000083622.8,0.0
ENSG00000083635.8,0.878824
ENSG00000083642.19,5.582563
ENSG00000083720.13,3.081181
ENSG00000083750.13,8.214268
ENSG00000083782.8,0.0
ENSG00000083799.18,27.334130000000002
ENSG00000083807.10,1.684412
ENSG00000083812.13,4.110786
ENSG00000083814.13,12.116784
ENSG00000083817.9,2.267149
ENSG00000083828.16,9.964904
ENSG00000083838.17,10.876558
ENSG00000083844.11,4.5848320000000005
ENSG00000083845.9,983.881576
ENSG00000083857.15,0.0
ENSG00000083896.13,25.030749
ENSG00000083937.10,10.308921
ENSG00000084070.12,786.527792
ENSG00000084072.17,27.893345
ENSG00000084073.10,8.603113
ENSG00000084090.14,30.46291
ENSG00000084092.7,13.61653
ENSG00000084093.19,2.217477
ENSG00000084110.11,35.39464
ENSG00000084112.15,4.259459
ENSG00000084207.18,623.938183
ENSG00000084234.18,182.859188
ENSG00000084444.14,0.396676
ENSG00000084453.17,0.0
ENSG00000084463.8,19.106264
ENSG00000084623.12,89.446293
ENSG00000084628.10,0.0
ENSG00000084636.18,0.0
ENSG00000084652.16,13.346828
ENSG00000084674.15,0.0
ENSG00000084676.16,16.496492
ENSG00000084693.16,3.460885
ENSG00000084710.14,0.0
ENSG00000084731.15,2.071689
ENSG00000084733.11,56.081831
ENSG00000084734.9,0.0
ENSG00000084754.12,99.145615
ENSG00000084764.12,7.45119
ENSG00000084774.14,11.745463
ENSG00000085063.18,37.052206
ENSG00000085117.13,122.2914
ENSG00000085185.16,3.109997
ENSG00000085224.23,2.775227
ENSG00000085231.14,1.321247
ENSG00000085265.12,431.188329
ENSG00000085274.16,3.008645
ENSG00000085276.19,0.047873
ENSG00000085365.18,2.884063
ENSG00000085377.15,9.037604
ENSG00000085382.12,0.50713
ENSG00000085415.16,3.601795
ENSG00000085433.17,2.606334
ENSG00000085449.15,11.534225999999999
ENSG00000085465.13,1.996483
ENSG00000085491.17,2.912553
ENSG00000085511.20,3.944809
ENSG00000085514.16,732.581063
ENSG00000085552.18,0.0
ENSG00000085563.15,3.329122
ENSG00000085644.15,13.105288
ENSG00000085662.14,52.694245
ENSG00000085719.13,7.861859
ENSG00000085721.13,1.02659
ENSG00000085733.16,6.391195000000001
ENSG00000085741.14,0.520551
ENSG00000085760.15,6.174553
ENSG00000085788.14,3.276091
ENSG00000085831.16,0.844903
ENSG00000085832.18,12.5585
ENSG00000085840.13,0.46179
ENSG00000085871.9,39.177434999999996
ENSG00000085872.15,21.17283
ENSG00000085978.22,11.471525
ENSG00000085982.16,6.235382
ENSG00000085998.15,15.417466
ENSG00000085999.13,0.0
ENSG00000086015.23,2.83971
ENSG00000086061.16,30.12256
ENSG00000086062.14,39.309786
ENSG00000086065.14,7.760264
ENSG00000086102.19,10.811569
ENSG00000086159.14,0.0
ENSG00000086189.11,5.655625000000001
ENSG00000086200.17,3.063109
ENSG00000086205.18,0.0
ENSG00000086232.13,45.069649
ENSG00000086288.12,7.646045999999999
ENSG00000086289.13,0.287053
ENSG00000086300.17,21.324911
ENSG00000086475.15,8.750454
ENSG00000086504.18,86.738913
ENSG00000086506.3,94.491811
ENSG00000086544.4,7.748908
ENSG00000086548.9,1.11045
ENSG00000086570.13,0.030621
ENSG00000086589.12,43.592527
ENSG00000086598.11,27.109791
ENSG00000086619.15,1.38781
ENSG00000086666.20,35.093362
ENSG00000086696.11,0.0
ENSG00000086712.13,3.1668439999999998
ENSG00000086717.19,0.43798
ENSG00000086730.17,295.103052
ENSG00000086758.17,24.16515
ENSG00000086827.9,3.539762
ENSG00000086848.15,3.042036
ENSG00000086967.10,0.065145
ENSG00000086991.13,0.0
ENSG00000087008.16,4.819224
ENSG00000087053.20,1.133355
ENSG00000087074.9,72.14721
ENSG00000087076.9,0.834575
ENSG00000087077.14,7.746287
ENSG00000087085.16,0.33678
ENSG00000087086.16,12442.754939
ENSG00000087087.20,62.664176999999995
ENSG00000087088.21,171.132979
ENSG00000087095.13,4.869601
ENSG00000087111.22,39.688364
ENSG00000087116.17,0.202344
ENSG00000087128.10,0.0
ENSG00000087152.16,57.070566
ENSG00000087157.19,71.96149
ENSG00000087191.14,97.80853200000001
ENSG00000087206.17,41.295981
ENSG00000087237.12,0.857099
ENSG00000087245.13,0.0
ENSG00000087250.9,2.053275
ENSG00000087253.13,24.900058
ENSG00000087258.17,0.334003
ENSG00000087263.17,7.660845
ENSG00000087266.18,202.129734
ENSG00000087269.16,9.766386
ENSG00000087274.19,124.04561000000001
ENSG00000087299.12,0.37277
ENSG00000087301.10,1.069487
ENSG00000087302.9,51.809205
ENSG00000087303.19,0.0
ENSG00000087338.5,2.910329
ENSG00000087365.16,149.832603
ENSG00000087448.11,1.058788
ENSG00000087460.29,925.091904
ENSG00000087470.21,4.239291
ENSG00000087494.16,0.0
ENSG00000087495.17,0.0
ENSG00000087502.19,2.229381
ENSG00000087510.7,0.0
ENSG00000087586.18,0.965888
ENSG00000087589.17,17.821006
ENSG00000087842.11,0.524119
ENSG00000087884.16,7.766371
ENSG00000087903.13,9.861668
ENSG00000087995.16,4.417167
ENSG00000088002.12,0.424158
ENSG00000088035.18,4.847599
ENSG00000088038.20,37.984307
ENSG00000088053.11,3.274315
ENSG00000088179.9,10.402342
ENSG00000088205.13,13.546791
ENSG00000088247.19,38.459283
ENSG00000088256.9,1.791264
ENSG00000088280.21,0.518392
ENSG00000088298.13,56.824756
ENSG00000088305.19,0.240688
ENSG00000088320.4,0.0
ENSG00000088325.16,0.338731
ENSG00000088340.18,0.0
ENSG00000088356.6,10.830401
ENSG00000088367.23,0.0
ENSG00000088386.17,0.0
ENSG00000088387.22,4.528917
ENSG00000088448.14,28.396335
ENSG00000088451.11,1.107913
ENSG00000088538.13,0.050079
ENSG00000088543.15,8.816638999999999
ENSG00000088682.14,20.70089
ENSG00000088726.16,23.874314
ENSG00000088727.14,0.9660289999999999
ENSG00000088756.13,0.0
ENSG00000088766.12,3.595913
ENSG00000088782.5,0.0
ENSG00000088808.18,3.07108
ENSG00000088812.18,4.078704
ENSG00000088826.18,11.516431
ENSG00000088827.14,8.819342
ENSG00000088832.18,336.363745
ENSG00000088833.18,103.043057
ENSG00000088836.14,0.081629
ENSG00000088854.13,1.489681
ENSG00000088876.13,1.31034
ENSG00000088881.22,0.37337
ENSG00000088882.8,0.407097
ENSG00000088888.18,9.025879000000002
ENSG00000088899.16,0.632934
ENSG00000088926.15,0.0
ENSG00000088930.8,40.321704
ENSG00000088970.16,7.1227279999999995
ENSG00000088986.11,204.634522
ENSG00000088992.18,178.019023
ENSG00000089006.17,34.664896
ENSG00000089009.16,461.80308
ENSG00000089012.14,29.749885
ENSG00000089022.15,5.190713
ENSG00000089041.17,7.613945
ENSG00000089048.15,0.296762
ENSG00000089050.16,0.983157
ENSG00000089053.13,77.601984
ENSG00000089057.15,6.778749
ENSG00000089060.12,33.832522
ENSG00000089063.16,33.442688000000004
ENSG00000089091.17,0.350481
ENSG00000089094.21,14.607724
ENSG00000089101.19,0.0
ENSG00000089116.4,0.0
ENSG00000089123.16,0.930454
ENSG00000089127.15,223.308393
ENSG00000089154.11,18.417092
ENSG00000089157.16,901.893586
ENSG00000089159.17,252.585912
ENSG00000089163.5,0.434094
ENSG00000089169.15,4.823653
ENSG00000089177.20,1.401367
ENSG00000089195.15,4.121582
ENSG00000089199.10,0.0
ENSG00000089220.5,50.128407
ENSG00000089225.20,0.0
ENSG00000089234.16,10.987594999999999
ENSG00000089248.7,152.68713599999998
ENSG00000089250.20,0.0
ENSG00000089280.20,153.914349
ENSG00000089289.16,37.755989
ENSG00000089327.16,830.763493
ENSG00000089335.22,2.123182
ENSG00000089351.15,108.14091
ENSG00000089356.19,0.0
ENSG00000089472.18,0.257009
ENSG00000089486.17,8.66616
ENSG00000089505.18,4.065602999999999
ENSG00000089558.9,0.06295
ENSG00000089597.18,74.152042
ENSG00000089639.11,184.45032
ENSG00000089682.18,0.911773
ENSG00000089685.15,1.719544
ENSG00000089692.9,2.447702
ENSG00000089693.11,221.191355
ENSG00000089723.10,0.23907
ENSG00000089737.19,6.141949
ENSG00000089775.12,2.545235
ENSG00000089818.18,22.722597
ENSG00000089820.17,318.146266
ENSG00000089847.13,0.577454
ENSG00000089876.12,3.655327
ENSG00000089902.10,11.76729
ENSG00000089916.18,4.036333
ENSG00000090006.18,19.726781
ENSG00000090013.11,445.525154
ENSG00000090020.11,19.954434
ENSG00000090054.16,16.247508
ENSG00000090060.19,28.176199999999998
ENSG00000090061.17,31.455201
ENSG00000090097.22,5.301449000000001
ENSG00000090104.12,0.0
ENSG00000090238.12,969.3627559999999
ENSG00000090263.16,5.798669
ENSG00000090266.13,62.26704
ENSG00000090273.14,45.353656
ENSG00000090316.16,69.254024
ENSG00000090339.9,39.643708
ENSG00000090372.15,86.186104
ENSG00000090376.11,13.287338
ENSG00000090382.7,3917.8300830000003
ENSG00000090402.8,0.0
ENSG00000090432.7,26.09409
ENSG00000090447.12,5.953239
ENSG00000090470.15,3.537516
ENSG00000090487.11,99.171171
ENSG00000090512.12,0.0
ENSG00000090520.12,19.186657
ENSG00000090530.10,1.181937
ENSG00000090534.20,0.0
ENSG00000090539.16,0.0
ENSG00000090554.13,95.84058
ENSG00000090565.17,2.940521
ENSG00000090581.11,75.471242
ENSG00000090612.22,1.452343
ENSG00000090615.16,12.251848
ENSG00000090621.15,68.118255
ENSG00000090659.18,0.271597
ENSG00000090661.13,18.68359
ENSG00000090674.16,46.994209
ENSG00000090686.16,13.731257
ENSG00000090776.6,2.429235
ENSG00000090857.14,9.590069999999999
ENSG00000090861.17,20.050365
ENSG00000090863.12,24.215844
ENSG00000090889.12,0.370811
ENSG00000090905.19,4.10234
ENSG00000090924.15,4.702325999999999
ENSG00000090932.11,0.0
ENSG00000090971.5,1.53558
ENSG00000090975.14,3.801826
ENSG00000090989.18,17.575756000000002
ENSG00000091009.8,2.14829
ENSG00000091010.6,0.093275
ENSG00000091039.17,3.879708
ENSG00000091073.20,44.471303
ENSG00000091106.19,20.977691
ENSG00000091127.14,3.214846
ENSG00000091128.13,0.0
ENSG00000091129.22,0.0
ENSG00000091136.15,0.142697
ENSG00000091137.14,0.0
ENSG00000091138.13,0.0
ENSG00000091140.15,12.861775999999999
ENSG00000091157.15,1.55127
ENSG00000091164.13,25.234001
ENSG00000091181.20,7.027162
ENSG00000091262.17,2.902615
ENSG00000091317.8,71.98026
ENSG00000091409.17,2.827731
ENSG00000091428.18,0.0
ENSG00000091436.17,2.876556
ENSG00000091482.8,0.0
ENSG00000091483.8,20.619041
ENSG00000091490.11,9.057924
ENSG00000091513.16,0.186022
ENSG00000091527.17,48.723137
ENSG00000091536.20,0.668637
ENSG00000091542.9,39.36346399999999
ENSG00000091583.11,0.0
ENSG00000091592.17,184.09802
ENSG00000091622.16,0.19749
ENSG00000091640.8,37.08730499999999
ENSG00000091651.9,3.048725
ENSG00000091656.19,0.0
ENSG00000091664.9,0.0
ENSG00000091704.10,0.0
ENSG00000091732.18,6.680251
ENSG00000091831.25,0.437981
ENSG00000091844.8,0.02932
ENSG00000091879.14,0.0
ENSG00000091947.10,23.139964
ENSG00000091972.19,0.344257
ENSG00000091986.16,0.0
ENSG00000092009.10,0.0
ENSG00000092010.15,979.711116
ENSG00000092020.11,24.991668
ENSG00000092036.19,85.741253
ENSG00000092051.18,0.491885
ENSG00000092054.14,0.0
ENSG00000092067.7,26.909205999999998
ENSG00000092068.21,0.384749
ENSG00000092094.11,29.803339
ENSG00000092096.19,2.5578200000000004
ENSG00000092098.18,114.459546
ENSG00000092108.22,9.430198
ENSG00000092140.16,5.370834
ENSG00000092148.14,21.21359
ENSG00000092199.19,375.632434
ENSG00000092200.13,6.151661
ENSG00000092201.10,17.037503
ENSG00000092203.15,50.658955
ENSG00000092208.19,2.9988270000000004
ENSG00000092295.12,2.619709
ENSG00000092330.19,70.930953
ENSG00000092345.14,0.0
ENSG00000092377.15,0.0
ENSG00000092421.17,0.0
ENSG00000092439.16,3.6851599999999998
ENSG00000092445.12,0.085537
ENSG00000092470.12,0.475454
ENSG00000092529.26,11.107381
ENSG00000092531.10,66.18983499999999
ENSG00000092607.15,0.0
ENSG00000092621.13,1.346215
ENSG00000092758.18,15.939482
ENSG00000092820.19,50.64209000000001
ENSG00000092841.19,1245.254171
ENSG00000092847.14,5.772043
ENSG00000092850.12,0.738679
ENSG00000092853.14,0.160294
ENSG00000092871.17,28.347400999999998
ENSG00000092929.13,196.132204
ENSG00000092931.12,5.22211
ENSG00000092964.18,15.47758
ENSG00000092969.12,0.0
ENSG00000092978.11,1.976021
ENSG00000093000.19,26.479189
ENSG00000093009.11,0.8208340000000001
ENSG00000093010.15,99.33719500000001
ENSG00000093072.19,148.481363
ENSG00000093100.13,2.013515
ENSG00000093134.18,0.0
ENSG00000093144.19,10.886932999999999
ENSG00000093167.18,19.085525
ENSG00000093183.14,7.105615
ENSG00000093217.11,0.767568
ENSG00000094631.22,19.868845
ENSG00000094661.3,0.0
ENSG00000094755.17,0.420151
ENSG00000094796.5,0.0
ENSG00000094804.12,0.253161
ENSG00000094841.14,1.331274
ENSG00000094880.11,7.360914
ENSG00000094914.14,33.756171
ENSG00000094916.16,3.029386
ENSG00000094963.14,0.0
ENSG00000094975.15,1.887749
ENSG00000095002.16,2.766736
ENSG00000095015.6,7.314613
ENSG00000095059.17,76.400082
ENSG00000095066.12,9.26147
ENSG00000095110.9,0.0
ENSG00000095139.15,47.781193
ENSG00000095203.15,0.0
ENSG00000095209.12,1.264167
ENSG00000095261.14,8.360751
ENSG00000095303.17,19.043073
ENSG00000095319.14,10.644827
ENSG00000095321.18,17.557337
ENSG00000095370.20,121.865575
ENSG00000095380.11,35.234859
ENSG00000095383.20,26.092217
ENSG00000095397.18,2.6441909999999997
ENSG00000095464.10,0.0
ENSG00000095485.18,20.185364
ENSG00000095539.16,0.0
ENSG00000095564.15,2.829795
ENSG00000095574.12,2.520973
ENSG00000095585.18,4.23151
ENSG00000095587.9,0.0
ENSG00000095596.12,0.0
ENSG00000095627.10,0.0
ENSG00000095637.23,0.082278
ENSG00000095713.14,0.0
ENSG00000095739.11,0.444847
ENSG00000095752.7,0.0
ENSG00000095777.17,0.0
ENSG00000095787.26,47.725663
ENSG00000095794.21,8.23929
ENSG00000095906.17,54.681495999999996
ENSG00000095917.15,0.0
ENSG00000095932.7,14.672465
ENSG00000095951.18,4.92157
ENSG00000095970.17,0.0
ENSG00000095981.11,0.0
ENSG00000096006.12,1.134056
ENSG00000096060.15,45.557514999999995
ENSG00000096063.16,20.996358999999998
ENSG00000096070.19,12.225376999999998
ENSG00000096080.12,28.60087
ENSG00000096088.16,0.0
ENSG00000096092.6,3.071638
ENSG00000096093.16,1.652079
ENSG00000096150.9,0.0
ENSG00000096155.15,0.0
ENSG00000096264.14,0.0
ENSG00000096384.20,153.030132
ENSG00000096395.11,0.0
ENSG00000096401.8,5.58547
ENSG00000096433.11,4.454566
ENSG00000096654.16,0.992299
ENSG00000096696.17,0.12192
ENSG00000096717.12,3.561248
ENSG00000096746.18,53.053674
ENSG00000096872.17,0.230695
ENSG00000096968.14,6.7017999999999995
ENSG00000096996.16,59.692506
ENSG00000097007.20,4.157739
ENSG00000097021.21,8.499452
ENSG00000097033.15,46.756512
ENSG00000097046.13,0.294112
ENSG00000097096.10,0.0
ENSG00000099139.14,0.695296
ENSG00000099194.6,0.835785
ENSG00000099203.7,24.684829
ENSG00000099204.23,10.028927
ENSG00000099219.15,2.543084
ENSG00000099246.19,17.168266
ENSG00000099250.18,0.170489
ENSG00000099251.15,0.0
ENSG00000099256.19,0.809697
ENSG00000099260.12,0.10377
ENSG00000099282.10,1.66724
ENSG00000099284.15,1.4562089999999999
ENSG00000099290.17,25.283421999999998
ENSG00000099308.13,56.283452000000004
ENSG00000099326.9,12.276664
ENSG00000099330.9,33.78032
ENSG00000099331.14,221.02439199999998
ENSG00000099337.5,12.973987
ENSG00000099338.23,4.279666
ENSG00000099341.13,148.81078
ENSG00000099364.18,7.462236999999999
ENSG00000099365.11,0.446335
ENSG00000099377.14,4.521616
ENSG00000099381.20,5.767844
ENSG00000099385.12,41.133913
ENSG00000099399.6,0.0
ENSG00000099617.4,0.0
ENSG00000099622.14,223.413068
ENSG00000099624.8,147.394813
ENSG00000099625.14,0.071957
ENSG00000099715.15,0.050208
ENSG00000099721.16,0.0
ENSG00000099725.15,0.0
ENSG00000099769.6,0.413125
ENSG00000099783.13,66.781252
ENSG00000099785.11,125.88385299999999
ENSG00000099795.7,165.696416
ENSG00000099797.15,113.093128
ENSG00000099800.8,41.380174
ENSG00000099804.9,119.380931
ENSG00000099810.21,3.439803
ENSG00000099812.9,0.0
ENSG00000099814.17,0.136974
ENSG00000099817.12,193.05377199999998
ENSG00000099821.14,37.237801
ENSG00000099822.3,0.757443
ENSG00000099834.19,0.0
ENSG00000099840.14,1.962951
ENSG00000099849.15,28.925767
ENSG00000099860.10,123.161432
ENSG00000099864.18,0.0
ENSG00000099866.16,4.694289
ENSG00000099869.8,0.0
ENSG00000099875.16,178.066862
ENSG00000099889.14,2.652427
ENSG00000099899.16,34.872703
ENSG00000099901.18,24.543241000000002
ENSG00000099904.16,25.542811999999998
ENSG00000099910.17,25.77474
ENSG00000099917.17,85.43316300000001
ENSG00000099937.11,0.0
ENSG00000099940.12,27.689069
ENSG00000099942.13,17.313963
ENSG00000099949.22,20.938303
ENSG00000099953.10,0.354883
ENSG00000099954.19,0.037232
ENSG00000099956.20,1.702287
ENSG00000099957.17,0.0
ENSG00000099958.15,0.813753
ENSG00000099960.13,0.0
ENSG00000099968.19,16.662252000000002
ENSG00000099974.8,0.0
ENSG00000099977.16,67.367609
ENSG00000099984.12,0.149176
ENSG00000099985.4,9.437808
ENSG00000099991.18,120.76234600000001
ENSG00000099992.16,37.660779
ENSG00000099994.11,0.401845
ENSG00000099995.19,81.71024
ENSG00000099998.19,1.705179
ENSG00000099999.15,4.138623000000001
ENSG00000100003.18,0.0
ENSG00000100012.12,0.0
ENSG00000100014.20,5.838822
ENSG00000100023.20,26.126428999999998
ENSG00000100024.15,0.489829
ENSG00000100027.17,3.248842
ENSG00000100028.12,60.93240900000001
ENSG00000100029.18,26.581571999999998
ENSG00000100030.15,65.486118
ENSG00000100031.19,28.507288
ENSG00000100033.17,0.048884
ENSG00000100034.14,89.51047200000001
ENSG00000100036.13,1.486168
ENSG00000100038.20,16.903634
ENSG00000100053.10,0.0
ENSG00000100055.21,316.46871100000004
ENSG00000100056.12,23.072961
ENSG00000100058.15,1.563633
ENSG00000100060.18,172.00406
ENSG00000100065.15,0.25876
ENSG00000100068.15,0.0
ENSG00000100075.10,34.636206
ENSG00000100077.16,5.9863230000000005
ENSG00000100078.4,0.0
ENSG00000100079.7,80.931929
ENSG00000100083.20,50.572244
ENSG00000100084.14,15.79374
ENSG00000100092.24,101.530466
ENSG00000100095.19,1.1460620000000001
ENSG00000100097.12,913.650634
ENSG00000100099.22,6.796017
ENSG00000100100.14,56.611641999999996
ENSG00000100101.15,0.0
ENSG00000100104.13,9.149151
ENSG00000100105.18,13.240803
ENSG00000100106.22,59.854459999999996
ENSG00000100109.17,40.218393
ENSG00000100116.17,1.561652
ENSG00000100121.14,0.0
ENSG00000100122.7,0.0
ENSG00000100124.15,7.084486
ENSG00000100129.18,334.95295799999997
ENSG00000100138.15,75.016421
ENSG00000100139.14,10.148248
ENSG00000100142.16,46.416103
ENSG00000100146.20,0.0
ENSG00000100147.15,2.955027
ENSG00000100150.20,6.979145
ENSG00000100151.16,10.360809999999999
ENSG00000100154.15,0.580639
ENSG00000100156.12,0.0
ENSG00000100162.16,2.354653
ENSG00000100167.21,0.048184
ENSG00000100170.10,0.0
ENSG00000100181.23,0.0
ENSG00000100191.6,0.0
ENSG00000100196.11,0.0
ENSG00000100197.23,0.0
ENSG00000100201.23,207.402759
ENSG00000100206.11,0.705904
ENSG00000100207.21,6.7297709999999995
ENSG00000100209.11,5.656066
ENSG00000100211.12,4.267126
ENSG00000100216.6,31.039740000000002
ENSG00000100218.12,0.0
ENSG00000100219.17,75.722668
ENSG00000100220.12,36.496304
ENSG00000100221.11,12.331326
ENSG00000100225.18,319.103985
ENSG00000100226.16,44.831636
ENSG00000100227.19,61.730638000000006
ENSG00000100228.14,1.447947
ENSG00000100234.12,0.0
ENSG00000100239.16,60.328781
ENSG00000100241.22,63.537607
ENSG00000100242.16,187.378938
ENSG00000100243.22,111.751108
ENSG00000100246.13,9.770183000000001
ENSG00000100249.5,0.0
ENSG00000100253.13,0.445441
ENSG00000100258.18,73.296174
ENSG00000100263.14,7.919059
ENSG00000100266.19,73.56238900000001
ENSG00000100271.17,2.16657
ENSG00000100276.10,0.358798
ENSG00000100280.17,45.521209
ENSG00000100281.14,1.98083
ENSG00000100284.22,110.986518
ENSG00000100285.10,0.863683
ENSG00000100288.20,100.116832
ENSG00000100290.3,2.342788
ENSG00000100292.18,162.26725
ENSG00000100294.13,4.559354
ENSG00000100296.14,52.29196
ENSG00000100297.16,36.746666
ENSG00000100298.16,2.124496
ENSG00000100299.18,94.14634000000001
ENSG00000100300.18,811.6780210000001
ENSG00000100302.7,0.0
ENSG00000100304.13,11.524916999999999
ENSG00000100307.13,44.200989
ENSG00000100311.17,0.628606
ENSG00000100312.11,0.179544
ENSG00000100314.4,0.070743
ENSG00000100316.16,1168.395853
ENSG00000100319.13,57.569369
ENSG00000100320.24,0.066183
ENSG00000100321.15,9.111988
ENSG00000100324.14,17.193782
ENSG00000100325.15,104.136262
ENSG00000100330.16,42.935662
ENSG00000100335.15,6.557664
ENSG00000100336.18,4.182584
ENSG00000100341.13,0.0
ENSG00000100342.22,72.347718
ENSG00000100344.11,0.0
ENSG00000100345.23,295.154127
ENSG00000100346.18,2.108348
ENSG00000100347.15,26.427974
ENSG00000100348.10,57.150388
ENSG00000100350.16,0.660129
ENSG00000100351.17,31.209464
ENSG00000100353.18,141.900516
ENSG00000100354.22,7.1129240000000005
ENSG00000100359.21,49.123523999999996
ENSG00000100360.15,11.381554000000001
ENSG00000100362.13,3.102418
ENSG00000100364.19,118.01769699999998
ENSG00000100365.16,512.907559
ENSG00000100368.15,141.360666
ENSG00000100372.15,3.658497
ENSG00000100373.10,10.291911
ENSG00000100376.12,129.132595
ENSG00000100379.18,16.680511
ENSG00000100380.15,96.888179
ENSG00000100385.15,55.689585
ENSG00000100387.9,16.370053000000002
ENSG00000100393.16,11.696681
ENSG00000100395.15,16.925052
ENSG00000100399.16,0.0
ENSG00000100401.21,26.773128
ENSG00000100403.12,8.091211
ENSG00000100410.8,7.744786
ENSG00000100412.17,49.233031999999994
ENSG00000100413.17,9.295304999999999
ENSG00000100416.15,17.837142
ENSG00000100417.12,22.957718
ENSG00000100418.8,21.617338999999998
ENSG00000100422.14,32.055174
ENSG00000100425.20,6.468006
ENSG00000100426.8,2.1992119999999997
ENSG00000100427.16,8.782074
ENSG00000100429.18,45.876083
ENSG00000100433.16,0.030411
ENSG00000100439.11,36.51134
ENSG00000100441.10,32.565905
ENSG00000100442.11,9.582108999999999
ENSG00000100445.18,49.861192
ENSG00000100448.4,1.539267
ENSG00000100450.13,48.087559
ENSG00000100453.14,191.71715
ENSG00000100461.18,108.393337
ENSG00000100462.16,33.1089
ENSG00000100473.18,0.379309
ENSG00000100478.17,2.421713
ENSG00000100479.14,0.439714
ENSG00000100483.14,9.518855
ENSG00000100485.12,9.273497
ENSG00000100490.10,1.765173
ENSG00000100503.27,22.180009000000002
ENSG00000100504.17,242.69573799999998
ENSG00000100505.14,0.174607
ENSG00000100519.12,7.1434429999999995
ENSG00000100522.10,1.754006
ENSG00000100523.17,1.5055
ENSG00000100526.21,0.0
ENSG00000100528.12,23.934641
ENSG00000100532.13,2.776834
ENSG00000100554.12,16.862753
ENSG00000100557.10,0.0
ENSG00000100558.9,3.701782
ENSG00000100564.9,7.521336
ENSG00000100565.16,0.0
ENSG00000100567.13,22.046087
ENSG00000100568.11,59.396082
ENSG00000100575.14,10.194369
ENSG00000100577.19,17.528896
ENSG00000100578.18,3.520256
ENSG00000100580.8,2.349318
ENSG00000100583.5,0.079611
ENSG00000100591.8,95.901016
ENSG00000100592.16,0.554302
ENSG00000100593.18,0.0
ENSG00000100596.8,15.449295
ENSG00000100599.16,146.81445300000001
ENSG00000100600.15,1.989039
ENSG00000100601.10,8.852333999999999
ENSG00000100603.14,35.376422000000005
ENSG00000100604.13,0.0
ENSG00000100605.17,191.18086300000002
ENSG00000100612.14,182.760629
ENSG00000100614.18,31.750222
ENSG00000100625.9,0.141142
ENSG00000100626.17,0.0415
ENSG00000100628.12,2.6521040000000005
ENSG00000100629.17,0.533428
ENSG00000100632.11,26.7163
ENSG00000100644.17,26.096059999999998
ENSG00000100647.8,43.93836
ENSG00000100650.16,248.844107
ENSG00000100652.5,0.0
ENSG00000100664.11,34.588708
ENSG00000100665.12,0.0
ENSG00000100678.20,0.0
ENSG00000100697.17,6.892149
ENSG00000100711.14,13.242934
ENSG00000100714.18,13.339974
ENSG00000100721.11,29.1566
ENSG00000100722.20,8.036124
ENSG00000100726.15,30.053641
ENSG00000100731.16,29.371229
ENSG00000100739.11,0.0
ENSG00000100744.15,0.549279
ENSG00000100749.9,3.884202
ENSG00000100764.14,97.697867
ENSG00000100767.17,0.079327
ENSG00000100784.12,5.012645999999999
ENSG00000100796.18,33.574308
ENSG00000100802.15,11.332153
ENSG00000100804.19,47.937843
ENSG00000100811.15,18.534089
ENSG00000100813.15,122.757491
ENSG00000100814.19,7.699701999999999
ENSG00000100815.12,1.665085
ENSG00000100823.12,74.314521
ENSG00000100836.11,77.766498
ENSG00000100842.13,0.0
ENSG00000100852.14,0.387913
ENSG00000100865.15,23.764943000000002
ENSG00000100867.15,0.0
ENSG00000100883.13,26.419947
ENSG00000100884.10,0.0
ENSG00000100888.15,33.835892
ENSG00000100889.12,27.171953000000002
ENSG00000100890.16,12.933511
ENSG00000100897.18,94.074979
ENSG00000100902.11,45.764016999999996
ENSG00000100906.12,163.762993
ENSG00000100908.14,13.997747
ENSG00000100911.16,681.1457949999999
ENSG00000100916.14,0.251159
ENSG00000100918.14,45.708127
ENSG00000100926.15,30.324542
ENSG00000100934.15,3.65954
ENSG00000100938.19,91.897655
ENSG00000100941.9,15.726213
ENSG00000100949.15,46.69502
ENSG00000100968.14,0.0
ENSG00000100979.15,3.360604
ENSG00000100982.12,51.149229
ENSG00000100983.12,21.665599999999998
ENSG00000100985.7,211.421201
ENSG00000100987.15,0.0
ENSG00000100991.12,77.134426
ENSG00000100994.12,31.704007
ENSG00000100997.20,14.931090999999999
ENSG00000101000.6,0.57634
ENSG00000101003.12,0.121728
ENSG00000101004.16,0.162096
ENSG00000101017.15,31.282122
ENSG00000101019.22,18.919057
ENSG00000101040.20,5.183492
ENSG00000101049.18,0.100079
ENSG00000101052.13,8.210002
ENSG00000101057.16,0.98749
ENSG00000101074.5,0.0
ENSG00000101076.20,0.240731
ENSG00000101079.21,18.961916
ENSG00000101082.14,18.627954
ENSG00000101084.19,230.792798
ENSG00000101096.20,4.111974
ENSG00000101098.13,0.0
ENSG00000101104.13,26.307074
ENSG00000101109.14,37.450522
ENSG00000101115.13,0.0
ENSG00000101126.18,13.611985
ENSG00000101132.11,0.0
ENSG00000101134.12,0.0
ENSG00000101138.12,10.753506
ENSG00000101144.13,0.20613
ENSG00000101146.13,21.244805
ENSG00000101150.18,141.618021
ENSG00000101152.12,53.527761
ENSG00000101158.15,27.095701
ENSG00000101160.15,453.71262499999995
ENSG00000101161.8,55.036346
ENSG00000101162.4,41.701705
ENSG00000101166.16,8.914857
ENSG00000101180.17,0.0
ENSG00000101181.18,41.905896
ENSG00000101182.15,190.13935999999998
ENSG00000101187.16,0.0
ENSG00000101188.5,0.080593
ENSG00000101189.7,3.907178
ENSG00000101190.13,2.7208569999999996
ENSG00000101191.17,24.019525
ENSG00000101193.8,17.536138
ENSG00000101194.18,4.477123000000001
ENSG00000101197.13,0.0
ENSG00000101198.15,0.0
ENSG00000101199.13,57.675982999999995
ENSG00000101200.5,0.0
ENSG00000101203.17,0.0
ENSG00000101204.18,0.0
ENSG00000101210.15,0.306164
ENSG00000101213.7,1.324384
ENSG00000101216.11,11.087337999999999
ENSG00000101220.18,179.75435499999998
ENSG00000101222.12,0.0
ENSG00000101224.18,56.587067
ENSG00000101230.6,0.536896
ENSG00000101236.17,54.412794000000005
ENSG00000101246.20,33.061232000000004
ENSG00000101247.18,2.65978
ENSG00000101251.13,0.0
ENSG00000101255.13,7.1630400000000005
ENSG00000101265.16,169.811224
ENSG00000101266.19,22.728065
ENSG00000101276.18,0.0
ENSG00000101278.6,0.0
ENSG00000101280.8,0.0
ENSG00000101282.9,0.086657
ENSG00000101290.14,38.656988
ENSG00000101292.8,0.0
ENSG00000101294.20,224.858396
ENSG00000101298.15,2.697376
ENSG00000101306.11,0.0
ENSG00000101307.16,424.472963
ENSG00000101310.17,27.922264
ENSG00000101311.17,0.527218
ENSG00000101323.5,0.0
ENSG00000101327.9,0.0
ENSG00000101331.17,0.095356
ENSG00000101333.19,0.208269
ENSG00000101335.10,48.46634
ENSG00000101336.18,666.0268289999999
ENSG00000101337.16,34.094447
ENSG00000101342.10,0.0
ENSG00000101343.15,17.821455
ENSG00000101346.15,4.415473
ENSG00000101347.11,129.709331
ENSG00000101349.17,0.0
ENSG00000101350.8,3.264334
ENSG00000101353.16,2.457257
ENSG00000101361.17,72.502849
ENSG00000101363.13,26.086452
ENSG00000101365.22,95.659929
ENSG00000101367.9,48.359548
ENSG00000101384.12,0.27069
ENSG00000101391.21,21.547741000000002
ENSG00000101400.6,3.192658
ENSG00000101405.3,0.691559
ENSG00000101407.13,8.11365
ENSG00000101412.13,2.847398
ENSG00000101413.12,6.032773
ENSG00000101417.12,3.745357
ENSG00000101421.4,117.209327
ENSG00000101425.15,8.324504
ENSG00000101435.5,0.0
ENSG00000101438.4,0.0
ENSG00000101439.9,1821.2397729999998
ENSG00000101440.10,0.0
ENSG00000101441.5,0.0
ENSG00000101442.10,5.382931
ENSG00000101443.18,0.0
ENSG00000101444.13,31.074859
ENSG00000101445.10,8.224453
ENSG00000101446.8,0.0
ENSG00000101447.15,0.408219
ENSG00000101448.14,0.0
ENSG00000101452.15,4.956194
ENSG00000101457.13,71.244896
ENSG00000101460.13,28.791804
ENSG00000101463.6,0.0
ENSG00000101464.11,5.99083
ENSG00000101470.10,0.4545
ENSG00000101473.17,35.25953
ENSG00000101474.12,149.322637
ENSG00000101489.20,0.0
ENSG00000101493.11,19.466103
ENSG00000101542.10,0.0
ENSG00000101544.9,2.641805
ENSG00000101546.13,5.79898
ENSG00000101557.15,7.0148459999999995
ENSG00000101558.14,140.001773
ENSG00000101574.15,3.055326
ENSG00000101577.11,29.963469
ENSG00000101596.17,82.966657
ENSG00000101605.14,2.2162830000000002
ENSG00000101608.13,757.838873
ENSG00000101624.11,0.657862
ENSG00000101638.14,0.295884
ENSG00000101639.19,9.019955
ENSG00000101654.18,7.3477689999999996
ENSG00000101665.10,3.653828
ENSG00000101670.12,0.065209
ENSG00000101680.16,0.0
ENSG00000101695.10,3.4452350000000003
ENSG00000101745.17,4.398976
ENSG00000101746.16,0.0
ENSG00000101751.11,2.716906
ENSG00000101752.13,0.673016
ENSG00000101773.19,1.443874
ENSG00000101782.15,17.900731
ENSG00000101811.15,6.729942
ENSG00000101812.15,0.132071
ENSG00000101825.8,0.0
ENSG00000101842.14,3.563806
ENSG00000101843.19,9.156998
ENSG00000101844.18,3.821102
ENSG00000101846.9,2.681502
ENSG00000101849.18,29.518344
ENSG00000101850.13,0.0
ENSG00000101856.10,11.199969
ENSG00000101868.13,2.00258
ENSG00000101871.18,0.784975
ENSG00000101882.10,12.17112
ENSG00000101883.6,0.69676
ENSG00000101888.12,1.256154
ENSG00000101890.5,0.0
ENSG00000101892.12,0.0
ENSG00000101898.8,3.556192
ENSG00000101901.13,11.964334
ENSG00000101911.13,6.187889
ENSG00000101916.12,45.682896
ENSG00000101928.13,2.4167680000000002
ENSG00000101935.13,1.1876760000000002
ENSG00000101938.15,0.0
ENSG00000101940.18,72.324597
ENSG00000101945.17,5.591824
ENSG00000101951.18,0.0
ENSG00000101955.15,0.0
ENSG00000101958.14,0.0
ENSG00000101966.14,11.569771
ENSG00000101972.20,12.125603
ENSG00000101974.15,1.5985420000000001
ENSG00000101977.22,0.12893
ENSG00000101981.12,0.0
ENSG00000101986.12,17.237334999999998
ENSG00000101997.13,29.94573
ENSG00000102001.13,0.789212
ENSG00000102003.12,1.174452
ENSG00000102007.11,360.923972
ENSG00000102010.15,6.275757
ENSG00000102021.11,0.0
ENSG00000102024.19,0.0
ENSG00000102030.16,76.059731
ENSG00000102032.13,67.411037
ENSG00000102034.18,60.098087
ENSG00000102038.16,0.0
ENSG00000102043.16,1.578137
ENSG00000102048.16,1.551997
ENSG00000102053.13,0.6033350000000001
ENSG00000102054.18,27.03447
ENSG00000102055.7,0.0
ENSG00000102057.11,1.522431
ENSG00000102076.10,0.0
ENSG00000102078.16,6.685924
ENSG00000102081.16,4.7901050000000005
ENSG00000102096.10,129.300626
ENSG00000102098.19,0.0
ENSG00000102100.16,20.406512
ENSG00000102103.18,85.806449
ENSG00000102104.9,0.0
ENSG00000102109.9,1.601023
ENSG00000102119.12,50.631495
ENSG00000102125.17,72.18245
ENSG00000102128.8,0.0
ENSG00000102144.15,378.11312599999997
ENSG00000102145.16,38.85401
ENSG00000102158.22,7.601599
ENSG00000102172.16,25.823577
ENSG00000102174.10,0.47716400000000003
ENSG00000102178.13,26.856559999999998
ENSG00000102181.22,15.511098
ENSG00000102189.17,0.27649
ENSG00000102195.10,0.0
ENSG00000102218.6,6.526317
ENSG00000102221.14,0.344155
ENSG00000102225.17,36.833748
ENSG00000102226.10,17.572447
ENSG00000102230.14,0.304189
ENSG00000102239.5,0.0
ENSG00000102241.12,7.126176
ENSG00000102243.13,0.0
ENSG00000102245.9,11.745238
ENSG00000102265.12,657.851465
ENSG00000102271.14,0.0
ENSG00000102287.19,0.0
ENSG00000102290.23,0.0
ENSG00000102302.8,0.0
ENSG00000102309.15,2.1257279999999996
ENSG00000102312.24,6.553336
ENSG00000102313.9,0.0
ENSG00000102316.17,46.476078
ENSG00000102317.18,86.088881
ENSG00000102349.18,0.348407
ENSG00000102359.9,0.0
ENSG00000102362.16,0.311164
ENSG00000102383.14,0.0
ENSG00000102384.14,0.041223
ENSG00000102385.13,0.03346
ENSG00000102387.16,0.116071
ENSG00000102390.12,7.623330999999999
ENSG00000102393.15,43.57395
ENSG00000102401.20,2.784778
ENSG00000102409.10,9.526081
ENSG00000102445.20,27.23788
ENSG00000102452.18,0.0
ENSG00000102466.17,0.0
ENSG00000102468.11,0.0
ENSG00000102471.16,0.41051299999999996
ENSG00000102524.12,57.433749
ENSG00000102531.16,2.658359
ENSG00000102539.5,0.0
ENSG00000102543.14,2.648308
ENSG00000102547.19,1.1929530000000002
ENSG00000102554.14,1.056105
ENSG00000102572.15,53.594555
ENSG00000102575.14,29.054128000000002
ENSG00000102580.15,8.912392
ENSG00000102595.22,0.532257
ENSG00000102606.20,10.789995000000001
ENSG00000102678.7,0.153717
ENSG00000102683.8,0.0
ENSG00000102699.6,32.342461
ENSG00000102710.21,33.270944
ENSG00000102738.8,8.83658
ENSG00000102743.16,1.525322
ENSG00000102753.10,2.97889
ENSG00000102755.13,0.064139
ENSG00000102760.13,19.477647
ENSG00000102763.18,1.146075
ENSG00000102780.17,0.065111
ENSG00000102781.14,0.269388
ENSG00000102786.15,7.112892
ENSG00000102794.11,0.113696
ENSG00000102796.12,79.443852
ENSG00000102802.10,0.0
ENSG00000102804.16,9.0568
ENSG00000102805.16,4.324361
ENSG00000102837.7,1.341531
ENSG00000102854.16,0.115949
ENSG00000102858.13,45.709457
ENSG00000102870.6,1.433788
ENSG00000102871.16,56.018169
ENSG00000102878.18,9.248796
ENSG00000102879.17,2597.6704609999997
ENSG00000102882.12,160.477426
ENSG00000102886.15,15.599755
ENSG00000102890.16,4.061409
ENSG00000102891.4,0.0
ENSG00000102893.18,11.264734
ENSG00000102897.10,16.392448
ENSG00000102898.13,107.388637
ENSG00000102900.13,30.945384
ENSG00000102901.13,30.87588
ENSG00000102904.15,0.203549
ENSG00000102908.23,1.706563
ENSG00000102910.14,15.824662
ENSG00000102921.8,61.344332
ENSG00000102924.13,0.0
ENSG00000102931.8,18.112904
ENSG00000102934.10,0.899966
ENSG00000102935.12,0.0
ENSG00000102962.5,0.081569
ENSG00000102967.12,3.6072680000000004
ENSG00000102970.11,0.0
ENSG00000102974.16,19.156527
ENSG00000102977.18,33.609716000000006
ENSG00000102978.13,62.56194
ENSG00000102981.10,5.314842
ENSG00000102984.15,3.287716
ENSG00000102996.5,0.057435
ENSG00000103005.13,80.304184
ENSG00000103018.18,25.516932
ENSG00000103021.10,0.0
ENSG00000103023.12,0.0
ENSG00000103024.8,47.552349
ENSG00000103034.15,0.0
ENSG00000103035.11,52.895774
ENSG00000103037.12,2.71079
ENSG00000103042.9,6.188233
ENSG00000103043.15,26.220787
ENSG00000103044.11,0.222331
ENSG00000103047.8,5.875617
ENSG00000103051.21,30.562458
ENSG00000103056.12,12.777127
ENSG00000103061.13,14.909877000000002
ENSG00000103064.15,14.062899
ENSG00000103066.13,13.823035
ENSG00000103067.14,0.0
ENSG00000103089.9,0.236086
ENSG00000103091.15,10.147734999999999
ENSG00000103111.15,40.617974
ENSG00000103121.9,12.902184
ENSG00000103126.15,24.219639
ENSG00000103145.11,46.017244
ENSG00000103148.17,95.159991
ENSG00000103150.7,0.9791970000000001
ENSG00000103152.12,46.619187000000004
ENSG00000103154.10,29.041600000000003
ENSG00000103160.12,6.339164
ENSG00000103168.17,19.19332
ENSG00000103174.13,22.569883
ENSG00000103175.11,0.169293
ENSG00000103184.12,0.177735
ENSG00000103187.8,1477.447172
ENSG00000103194.16,132.462386
ENSG00000103196.12,23.684896
ENSG00000103197.20,35.704735
ENSG00000103199.14,5.26094
ENSG00000103200.6,0.0
ENSG00000103202.13,45.615843
ENSG00000103222.20,9.07855
ENSG00000103226.19,25.903489
ENSG00000103227.19,11.169598
ENSG00000103241.7,0.0
ENSG00000103245.14,21.987309
ENSG00000103248.19,7.3713619999999995
ENSG00000103249.19,50.933208
ENSG00000103253.19,2.171703
ENSG00000103254.10,18.932562
ENSG00000103257.11,3.862598
ENSG00000103260.9,3.504568
ENSG00000103264.18,7.130062
ENSG00000103266.11,68.631227
ENSG00000103269.14,0.67625
ENSG00000103274.11,46.354115
ENSG00000103275.22,102.908975
ENSG00000103310.11,0.0
ENSG00000103313.14,112.006259
ENSG00000103316.12,0.651816
ENSG00000103319.12,0.0
ENSG00000103326.12,30.876563
ENSG00000103335.22,71.943086
ENSG00000103342.13,58.406690000000005
ENSG00000103343.13,8.187142
ENSG00000103351.13,5.446936
ENSG00000103353.16,5.653206
ENSG00000103355.14,23.620933
ENSG00000103356.18,3.633696
ENSG00000103363.16,500.96788300000003
ENSG00000103365.16,19.125954999999998
ENSG00000103375.11,0.205051
ENSG00000103381.12,205.824768
ENSG00000103404.15,0.320544
ENSG00000103415.12,79.125662
ENSG00000103423.14,9.806438
ENSG00000103426.12,0.245743
ENSG00000103429.11,14.890640000000001
ENSG00000103449.13,0.0
ENSG00000103460.17,0.0
ENSG00000103472.11,21.910299
ENSG00000103479.17,35.603053
ENSG00000103485.19,3.017659
ENSG00000103489.12,2.454694
ENSG00000103490.14,512.946551
ENSG00000103494.16,0.0
ENSG00000103495.15,160.455043
ENSG00000103496.15,68.657592
ENSG00000103502.14,146.066342
ENSG00000103507.14,68.14874999999999
ENSG00000103510.20,90.677965
ENSG00000103512.16,1.580491
ENSG00000103522.17,9.193757
ENSG00000103528.17,1.648947
ENSG00000103534.17,0.198283
ENSG00000103540.17,1.524605
ENSG00000103544.17,15.570973
ENSG00000103546.19,0.0
ENSG00000103549.22,74.12011
ENSG00000103550.14,5.044043
ENSG00000103569.11,581.0120830000001
ENSG00000103591.13,9.851491
ENSG00000103599.21,0.0
ENSG00000103642.12,21.07958
ENSG00000103647.13,0.287828
ENSG00000103653.17,366.713289
ENSG00000103657.14,41.787001000000004
ENSG00000103671.10,12.220068999999999
ENSG00000103707.10,5.746986
ENSG00000103710.11,0.0
ENSG00000103723.17,1.2854569999999998
ENSG00000103740.10,0.550929
ENSG00000103742.12,0.0
ENSG00000103769.10,113.594985
ENSG00000103811.18,248.441163
ENSG00000103832.10,0.0
ENSG00000103852.13,0.775181
ENSG00000103855.18,1.509033
ENSG00000103876.14,13.885874
ENSG00000103888.17,0.0
ENSG00000103932.12,6.35829
ENSG00000103942.13,0.955942
ENSG00000103966.11,6.827737
ENSG00000103978.17,12.63456
ENSG00000103994.18,10.845164
ENSG00000103995.14,0.841836
ENSG00000104043.15,2.811304
ENSG00000104044.16,0.0
ENSG00000104047.15,1.186369
ENSG00000104055.17,0.152139
ENSG00000104059.5,0.0
ENSG00000104064.18,5.113168
ENSG00000104067.17,0.0
ENSG00000104081.14,13.274035000000001
ENSG00000104093.14,33.783388
ENSG00000104112.9,0.0
ENSG00000104129.10,36.746770999999995
ENSG00000104131.13,17.730653
ENSG00000104133.16,70.825909
ENSG00000104140.7,0.0
ENSG00000104142.11,21.519221
ENSG00000104147.9,0.0
ENSG00000104154.7,0.12852
ENSG00000104164.12,5.859408
ENSG00000104177.20,0.419768
ENSG00000104205.16,2.386795
ENSG00000104213.13,0.0
ENSG00000104218.16,2.554488
ENSG00000104219.13,17.810961
ENSG00000104221.14,7.726077
ENSG00000104228.13,4.705596
ENSG00000104231.11,4.949869
ENSG00000104237.11,0.0
ENSG00000104267.10,15.029851
ENSG00000104290.11,0.016406
ENSG00000104299.15,11.558292999999999
ENSG00000104312.8,17.128582
ENSG00000104313.20,0.0
ENSG00000104320.15,10.226887
ENSG00000104321.11,0.0
ENSG00000104324.16,76.06763099999999
ENSG00000104325.7,148.517232
ENSG00000104327.7,0.0
ENSG00000104331.9,4.435409
ENSG00000104332.12,0.181153
ENSG00000104341.17,1.117728
ENSG00000104343.21,3.606824
ENSG00000104356.11,1.455748
ENSG00000104361.10,2.006282
ENSG00000104365.16,37.289352
ENSG00000104368.19,0.206528
ENSG00000104369.5,0.0
ENSG00000104371.5,0.0
ENSG00000104375.17,4.635919
ENSG00000104381.14,1.378358
ENSG00000104388.15,47.401427999999996
ENSG00000104408.11,73.33231500000001
ENSG00000104412.8,1.6908340000000002
ENSG00000104413.18,0.0
ENSG00000104415.14,0.0
ENSG00000104419.17,54.454589
ENSG00000104427.13,0.427726
ENSG00000104432.15,0.0
ENSG00000104435.14,0.0
ENSG00000104442.10,2.375369
ENSG00000104447.13,1.6243500000000002
ENSG00000104450.13,1.142149
ENSG00000104472.10,15.454509000000002
ENSG00000104490.18,2.4219109999999997
ENSG00000104497.15,1.5407570000000002
ENSG00000104499.7,0.0
ENSG00000104517.13,21.033044
ENSG00000104518.11,177.682828
ENSG00000104522.16,100.265815
ENSG00000104524.14,0.696761
ENSG00000104529.19,503.686031
ENSG00000104537.17,0.0
ENSG00000104549.12,1.4662039999999998
ENSG00000104611.12,0.072074
ENSG00000104613.12,22.506265000000003
ENSG00000104626.15,0.658659
ENSG00000104635.15,0.248574
ENSG00000104643.10,0.0
ENSG00000104660.19,96.820382
ENSG00000104671.8,2.443245
ENSG00000104679.12,20.214116999999998
ENSG00000104687.14,22.84483
ENSG00000104689.10,3.470266
ENSG00000104691.16,3.325982
ENSG00000104695.13,22.979794
ENSG00000104714.14,29.124242
ENSG00000104722.14,0.0
ENSG00000104723.21,0.0
ENSG00000104728.16,0.640684
ENSG00000104731.14,22.065362
ENSG00000104738.19,2.3344970000000003
ENSG00000104755.16,0.0
ENSG00000104756.17,2.170244
ENSG00000104760.17,0.0
ENSG00000104763.20,196.979947
ENSG00000104765.16,101.00546299999999
ENSG00000104774.14,173.409913
ENSG00000104783.15,22.11508
ENSG00000104804.9,0.0
ENSG00000104805.17,238.699228
ENSG00000104808.8,0.764709
ENSG00000104812.15,24.925251
ENSG00000104814.13,48.675807
ENSG00000104818.15,0.0
ENSG00000104823.9,156.00418700000003
ENSG00000104824.18,147.407938
ENSG00000104825.17,36.813351000000004
ENSG00000104826.15,0.0
ENSG00000104827.12,0.324481
ENSG00000104833.12,1.694822
ENSG00000104835.15,10.726967
ENSG00000104848.2,0.2801
ENSG00000104852.15,139.697017
ENSG00000104853.16,62.306808999999994
ENSG00000104856.15,42.315298
ENSG00000104859.15,91.855163
ENSG00000104863.12,3.9860670000000002
ENSG00000104866.11,5.337213
ENSG00000104870.13,754.8618130000001
ENSG00000104872.12,68.83167900000001
ENSG00000104879.5,0.162958
ENSG00000104880.19,37.664547999999996
ENSG00000104881.16,0.607724
ENSG00000104883.8,0.361996
ENSG00000104884.17,8.517624
ENSG00000104885.19,5.268567
ENSG00000104886.12,63.438042
ENSG00000104888.10,0.0
ENSG00000104889.7,17.415605
ENSG00000104892.17,3.494892
ENSG00000104894.12,729.254992
ENSG00000104897.10,80.87238500000001
ENSG00000104899.8,1.326858
ENSG00000104901.7,0.0
ENSG00000104903.5,179.969075
ENSG00000104904.13,3744.589157
ENSG00000104907.13,25.223343
ENSG00000104915.15,216.25942
ENSG00000104918.8,23.296706
ENSG00000104921.15,17.910056
ENSG00000104936.20,6.681665
ENSG00000104938.18,0.0
ENSG00000104941.8,0.0
ENSG00000104946.14,41.418942
ENSG00000104951.16,2.305838
ENSG00000104953.20,0.0
ENSG00000104957.14,51.447915
ENSG00000104960.15,79.394114
ENSG00000104964.15,480.505166
ENSG00000104967.8,0.0
ENSG00000104969.11,48.513152
ENSG00000104970.12,0.0
ENSG00000104972.16,21.697454
ENSG00000104973.19,114.802959
ENSG00000104974.12,52.184828
ENSG00000104976.13,29.865279
ENSG00000104979.9,122.68775099999999
ENSG00000104980.8,15.066192
ENSG00000104983.8,9.892742
ENSG00000104998.4,38.092845
ENSG00000105011.9,21.906542
ENSG00000105048.18,11.180566
ENSG00000105053.11,97.167111
ENSG00000105058.12,84.755076
ENSG00000105063.19,97.39758400000001
ENSG00000105072.9,0.8547330000000001
ENSG00000105085.11,6.750799
ENSG00000105088.9,9.355776
ENSG00000105122.13,80.750595
ENSG00000105127.10,10.744673
ENSG00000105131.8,0.14077
ENSG00000105135.16,19.945856
ENSG00000105136.22,5.457306
ENSG00000105137.13,0.155112
ENSG00000105141.6,0.0
ENSG00000105143.13,0.0
ENSG00000105146.14,0.313505
ENSG00000105171.10,44.377584999999996
ENSG00000105173.14,1.227192
ENSG00000105176.18,7.055106
ENSG00000105185.12,25.119638000000002
ENSG00000105186.16,6.71288
ENSG00000105193.9,1305.3191020000002
ENSG00000105197.11,39.872491
ENSG00000105198.12,0.0
ENSG00000105202.9,137.662306
ENSG00000105204.14,14.904526
ENSG00000105205.7,286.741534
ENSG00000105219.10,0.0
ENSG00000105220.17,87.224879
ENSG00000105221.18,104.660185
ENSG00000105223.21,143.309186
ENSG00000105227.16,0.888055
ENSG00000105229.7,9.81193
ENSG00000105245.9,2.737064
ENSG00000105246.6,0.230099
ENSG00000105248.16,27.10576
ENSG00000105251.11,0.25876
ENSG00000105254.12,117.325329
ENSG00000105255.11,0.812706
ENSG00000105258.9,64.655273
ENSG00000105261.8,0.0
ENSG00000105270.15,0.235461
ENSG00000105278.12,0.32783
ENSG00000105281.13,41.736952
ENSG00000105287.13,155.698091
ENSG00000105289.15,1.313865
ENSG00000105290.14,0.196356
ENSG00000105298.14,10.437237
ENSG00000105321.14,19.897627
ENSG00000105323.18,120.925347
ENSG00000105325.15,26.093593
ENSG00000105327.18,29.406941000000003
ENSG00000105329.11,289.50899200000003
ENSG00000105339.11,171.676645
ENSG00000105341.19,34.315574
ENSG00000105352.11,121.6687
ENSG00000105355.9,110.73282999999999
ENSG00000105357.20,0.0
ENSG00000105364.14,36.814105000000005
ENSG00000105366.15,5.785308
ENSG00000105369.10,106.79115
ENSG00000105370.8,1.878986
ENSG00000105371.10,11.944217
ENSG00000105372.8,2665.271232
ENSG00000105373.19,374.537926
ENSG00000105374.10,745.8418429999999
ENSG00000105376.5,0.369381
ENSG00000105379.10,79.918948
ENSG00000105383.16,100.835241
ENSG00000105388.17,0.0
ENSG00000105392.17,0.333374
ENSG00000105393.16,87.701647
ENSG00000105397.16,216.66421400000002
ENSG00000105398.4,0.0
ENSG00000105401.10,168.23024999999998
ENSG00000105402.8,346.54688000000004
ENSG00000105404.11,185.645384
ENSG00000105409.19,1.164924
ENSG00000105419.18,0.65316
ENSG00000105426.20,1.2857
ENSG00000105427.10,1.302508
ENSG00000105428.6,0.0
ENSG00000105429.13,1.183462
ENSG00000105438.9,53.40039
ENSG00000105443.17,33.176147
ENSG00000105447.13,11.206016
ENSG00000105464.4,0.250733
ENSG00000105467.9,0.0
ENSG00000105472.14,7.032238
ENSG00000105479.16,0.625466
ENSG00000105483.18,66.632935
ENSG00000105486.15,10.017693000000001
ENSG00000105492.16,0.321671
ENSG00000105497.8,1.1570740000000002
ENSG00000105499.14,5.737266
ENSG00000105501.13,3.366622
ENSG00000105507.3,1.20438
ENSG00000105509.11,0.0
ENSG00000105514.8,93.357298
ENSG00000105516.11,28.248123
ENSG00000105518.14,83.214663
ENSG00000105519.18,32.058451000000005
ENSG00000105520.11,114.275642
ENSG00000105523.4,0.0
ENSG00000105538.10,0.158203
ENSG00000105549.11,0.0
ENSG00000105550.10,0.0
ENSG00000105552.15,15.634900000000002
ENSG00000105556.12,11.824296
ENSG00000105559.13,1.273003
ENSG00000105568.19,172.775431
ENSG00000105576.16,9.981515
ENSG00000105583.11,309.93281
ENSG00000105605.8,0.0
ENSG00000105607.14,13.64298
ENSG00000105609.17,0.146765
ENSG00000105610.6,9.859543
ENSG00000105612.10,51.851493
ENSG00000105613.10,0.384244
ENSG00000105617.4,4.041984
ENSG00000105618.14,29.671725
ENSG00000105619.14,21.494120000000002
ENSG00000105639.21,138.308226
ENSG00000105640.13,2308.692732
ENSG00000105641.4,0.13029
ENSG00000105642.16,0.370402
ENSG00000105643.11,63.49704799999999
ENSG00000105647.20,5.412675
ENSG00000105649.10,2.22815
ENSG00000105650.23,0.0
ENSG00000105655.19,8.174924
ENSG00000105656.13,34.768144
ENSG00000105662.16,8.450417999999999
ENSG00000105664.11,0.0
ENSG00000105668.8,0.0
ENSG00000105669.14,484.896143
ENSG00000105671.12,35.633114
ENSG00000105672.15,4.68823
ENSG00000105675.9,0.0
ENSG00000105676.14,18.999686
ENSG00000105677.12,56.319982
ENSG00000105679.9,0.0
ENSG00000105694.3,0.0
ENSG00000105695.15,0.206864
ENSG00000105696.9,0.0
ENSG00000105697.9,0.0
ENSG00000105698.16,124.458049
ENSG00000105699.17,7.108338
ENSG00000105700.11,120.028721
ENSG00000105701.16,3441.524809
ENSG00000105705.16,49.970574
ENSG00000105707.15,0.208611
ENSG00000105708.9,1.844939
ENSG00000105711.14,2.662135
ENSG00000105717.14,5.127877
ENSG00000105722.11,39.409223
ENSG00000105723.13,111.824083
ENSG00000105726.17,45.563829999999996
ENSG00000105732.13,10.482464
ENSG00000105737.10,0.309145
ENSG00000105738.11,2.418506
ENSG00000105750.15,1.524149
ENSG00000105755.8,51.350585
ENSG00000105767.3,3.561744
ENSG00000105771.14,39.254758
ENSG00000105778.20,14.990578
ENSG00000105784.16,0.0
ENSG00000105792.19,0.0
ENSG00000105793.16,2.006203
ENSG00000105808.19,27.935558999999998
ENSG00000105810.10,1.070511
ENSG00000105819.15,26.119293000000003
ENSG00000105821.15,3.248259
ENSG00000105825.14,0.0
ENSG00000105829.13,3.507824
ENSG00000105835.13,789.6212029999999
ENSG00000105849.6,1.081045
ENSG00000105851.11,11.893888
ENSG00000105852.11,0.0
ENSG00000105854.13,2.520365
ENSG00000105855.10,0.11016500000000001
ENSG00000105856.14,45.024502
ENSG00000105865.11,1.18922
ENSG00000105866.15,0.679855
ENSG00000105875.15,15.56436
ENSG00000105877.19,0.0
ENSG00000105879.13,11.510233000000001
ENSG00000105880.7,0.0
ENSG00000105887.11,37.353981
ENSG00000105889.16,0.626716
ENSG00000105894.13,0.0
ENSG00000105926.16,0.272596
ENSG00000105928.16,0.134224
ENSG00000105929.16,0.0
ENSG00000105939.14,31.993559
ENSG00000105948.13,1.235153
ENSG00000105953.16,58.360259
ENSG00000105954.2,0.0
ENSG00000105963.15,105.563761
ENSG00000105967.16,2.555746
ENSG00000105968.19,77.599781
ENSG00000105971.15,0.080505
ENSG00000105974.13,0.196356
ENSG00000105976.16,0.0
ENSG00000105982.17,0.0
ENSG00000105983.23,11.230893
ENSG00000105988.6,0.0
ENSG00000105989.10,0.0
ENSG00000105991.10,1.134539
ENSG00000105993.15,59.522034999999995
ENSG00000105996.7,0.0
ENSG00000105997.23,0.0
ENSG00000106003.14,188.95080000000002
ENSG00000106004.5,0.0
ENSG00000106006.6,0.0
ENSG00000106009.16,37.512363
ENSG00000106012.19,5.107144
ENSG00000106013.15,0.0
ENSG00000106018.14,0.0
ENSG00000106025.9,0.0
ENSG00000106028.11,45.991676
ENSG00000106031.9,0.0
ENSG00000106034.18,1.25144
ENSG00000106038.13,0.0
ENSG00000106049.9,4.086909
ENSG00000106052.14,22.387106
ENSG00000106066.15,178.91288
ENSG00000106069.26,5.262643
ENSG00000106070.20,8.93327
ENSG00000106077.19,14.838947
ENSG00000106078.19,0.198993
ENSG00000106080.11,0.417985
ENSG00000106086.21,0.486239
ENSG00000106089.12,2.305125
ENSG00000106100.11,10.773465999999999
ENSG00000106105.15,23.879015
ENSG00000106113.19,0.0
ENSG00000106123.13,9.41817
ENSG00000106125.14,0.0
ENSG00000106128.19,0.0
ENSG00000106133.19,0.0
ENSG00000106144.20,13.896441000000001
ENSG00000106153.14,257.952806
ENSG00000106178.7,0.180712
ENSG00000106211.11,50.859349
ENSG00000106236.4,0.0
ENSG00000106244.13,46.634713
ENSG00000106245.11,78.229163
ENSG00000106246.18,2.203825
ENSG00000106258.16,0.051921
ENSG00000106261.17,5.015096
ENSG00000106263.19,50.250514
ENSG00000106266.11,18.243543
ENSG00000106268.16,23.122170999999998
ENSG00000106278.12,0.0
ENSG00000106290.16,23.875313000000002
ENSG00000106299.8,0.692777
ENSG00000106302.10,0.0
ENSG00000106304.16,0.0
ENSG00000106305.10,17.15984
ENSG00000106327.13,1.673082
ENSG00000106328.10,0.22856
ENSG00000106330.12,18.470019
ENSG00000106331.19,0.0
ENSG00000106333.13,6.640909
ENSG00000106336.13,0.7426419999999999
ENSG00000106341.11,0.56415
ENSG00000106344.8,6.4501420000000005
ENSG00000106346.12,2.248411
ENSG00000106348.19,300.435996
ENSG00000106351.13,13.987684
ENSG00000106355.10,3.610716
ENSG00000106366.9,0.299966
ENSG00000106367.15,12.515979
ENSG00000106384.12,0.0
ENSG00000106392.11,4.715323
ENSG00000106397.12,21.830097
ENSG00000106399.11,12.737597999999998
ENSG00000106400.12,114.495779
ENSG00000106404.14,16.071049
ENSG00000106410.15,0.0
ENSG00000106415.13,1.875718
ENSG00000106436.8,0.0
ENSG00000106443.17,2.473539
ENSG00000106459.15,10.45874
ENSG00000106460.20,1.654333
ENSG00000106462.12,3.544948
ENSG00000106477.20,0.764459
ENSG00000106479.11,9.623868
ENSG00000106483.12,0.0
ENSG00000106484.16,0.44455
ENSG00000106511.6,0.0
ENSG00000106524.9,3.407702
ENSG00000106526.12,0.576427
ENSG00000106536.21,0.0
ENSG00000106537.8,1.689261
ENSG00000106538.10,0.0
ENSG00000106540.4,0.0
ENSG00000106541.12,0.0
ENSG00000106546.14,2.828486
ENSG00000106554.13,17.791339999999998
ENSG00000106560.11,37.04271500000001
ENSG00000106565.19,17.260159
ENSG00000106571.15,0.0
ENSG00000106588.12,20.542179
ENSG00000106591.4,5.680284
ENSG00000106603.20,17.499288
ENSG00000106605.11,64.927139
ENSG00000106608.17,6.509237
ENSG00000106609.16,27.872406
ENSG00000106610.17,0.0
ENSG00000106615.10,17.015119
ENSG00000106617.16,14.283864
ENSG00000106624.11,1.557696
ENSG00000106628.13,20.641582
ENSG00000106631.8,0.0
ENSG00000106633.18,0.0
ENSG00000106635.8,39.638106
ENSG00000106636.9,38.474244000000006
ENSG00000106638.18,13.822894
ENSG00000106648.15,0.383875
ENSG00000106665.16,7.008243
ENSG00000106682.16,161.240175
ENSG00000106683.15,45.12386
ENSG00000106686.18,0.17763
ENSG00000106688.12,0.0
ENSG00000106689.11,0.0
ENSG00000106692.15,1.301559
ENSG00000106701.13,0.097063
ENSG00000106714.18,4.981598
ENSG00000106723.17,1.825304
ENSG00000106733.21,12.627210999999999
ENSG00000106771.13,2.334643
ENSG00000106772.19,0.653293
ENSG00000106780.9,43.757369
ENSG00000106785.15,21.589046
ENSG00000106789.13,2.998011
ENSG00000106799.15,5.803363
ENSG00000106803.10,162.518095
ENSG00000106804.10,0.76661
ENSG00000106809.11,0.0
ENSG00000106819.13,0.0
ENSG00000106823.13,0.0
ENSG00000106829.21,35.286137
ENSG00000106852.16,0.0
ENSG00000106853.20,1.611338
ENSG00000106868.17,14.907001000000001
ENSG00000106927.12,0.0
ENSG00000106948.17,256.549593
ENSG00000106952.8,26.925535
ENSG00000106976.22,0.584068
ENSG00000106991.15,13.970936
ENSG00000106992.19,42.084259
ENSG00000106993.12,1.209477
ENSG00000107014.9,0.410834
ENSG00000107018.8,0.388572
ENSG00000107020.10,10.986961
ENSG00000107021.17,12.282673
ENSG00000107036.12,4.566422
ENSG00000107077.21,8.427522
ENSG00000107099.18,82.203042
ENSG00000107104.21,3.231169
ENSG00000107105.15,0.0
ENSG00000107130.10,0.473249
ENSG00000107140.17,25.091434
ENSG00000107147.14,0.0
ENSG00000107159.14,0.0
ENSG00000107164.17,4.654362
ENSG00000107165.13,0.0
ENSG00000107175.12,25.458915
ENSG00000107185.10,5.310521
ENSG00000107186.17,0.0
ENSG00000107187.17,0.0
ENSG00000107201.12,19.342509000000003
ENSG00000107223.13,405.65157999999997
ENSG00000107242.20,1.292739
ENSG00000107249.24,0.0
ENSG00000107262.26,155.576045
ENSG00000107263.19,38.467949
ENSG00000107281.10,24.489992
ENSG00000107282.9,0.0
ENSG00000107290.14,28.849016
ENSG00000107295.10,0.0
ENSG00000107317.13,26.951067000000002
ENSG00000107331.18,35.003284
ENSG00000107338.10,0.228247
ENSG00000107341.5,49.745028
ENSG00000107362.14,1.624704
ENSG00000107371.14,20.863015
ENSG00000107372.13,66.720697
ENSG00000107404.21,11.740537
ENSG00000107438.9,36.355747
ENSG00000107443.16,1.003099
ENSG00000107447.8,0.127598
ENSG00000107485.18,6.571878999999999
ENSG00000107518.18,0.037489
ENSG00000107521.21,98.76474
ENSG00000107537.14,2.801095
ENSG00000107551.21,50.611492
ENSG00000107554.17,3.521644
ENSG00000107560.12,0.755266
ENSG00000107562.18,0.066549
ENSG00000107566.14,11.537054
ENSG00000107581.14,15.518658
ENSG00000107593.17,0.0
ENSG00000107611.16,0.622659
ENSG00000107614.22,0.704623
ENSG00000107625.14,6.224856
ENSG00000107643.17,2.555936
ENSG00000107651.15,9.467487
ENSG00000107669.19,2.1314670000000002
ENSG00000107672.15,13.831471000000002
ENSG00000107679.15,1.861537
ENSG00000107719.10,0.905963
ENSG00000107731.12,0.177564
ENSG00000107736.22,21.703094999999998
ENSG00000107738.20,1519.113644
ENSG00000107742.14,54.394979
ENSG00000107745.20,45.817899000000004
ENSG00000107758.16,9.624414999999999
ENSG00000107771.17,3.2027780000000003
ENSG00000107779.16,0.259097
ENSG00000107789.16,2.829665
ENSG00000107796.14,8.351367
ENSG00000107798.18,25.743508000000002
ENSG00000107807.13,0.0
ENSG00000107815.10,2.661587
ENSG00000107816.17,6.592591
ENSG00000107819.15,28.957106
ENSG00000107821.15,0.0
ENSG00000107829.15,17.193009
ENSG00000107831.14,0.0
ENSG00000107833.11,7.120073
ENSG00000107854.7,6.614289
ENSG00000107859.11,0.0
ENSG00000107862.7,39.036573000000004
ENSG00000107863.20,6.547995
ENSG00000107864.15,0.118991
ENSG00000107872.14,17.5265
ENSG00000107874.11,69.373227
ENSG00000107882.12,7.050499
ENSG00000107890.17,0.680485
ENSG00000107897.20,4.201258
ENSG00000107902.14,34.47144
ENSG00000107929.16,14.161378
ENSG00000107937.19,8.59045
ENSG00000107938.18,8.817368
ENSG00000107949.17,15.807612
ENSG00000107951.15,1.656296
ENSG00000107954.11,14.133449
ENSG00000107957.17,0.910233
ENSG00000107959.17,28.24494
ENSG00000107960.12,20.509807000000002
ENSG00000107968.10,11.369827
ENSG00000107984.10,0.0
ENSG00000108001.16,0.0
ENSG00000108010.12,10.637730000000001
ENSG00000108018.17,0.0
ENSG00000108021.22,3.8610700000000002
ENSG00000108039.18,26.644021000000002
ENSG00000108055.11,4.61441
ENSG00000108061.13,13.339309
ENSG00000108064.11,5.369819
ENSG00000108091.11,3.306969
ENSG00000108094.17,6.659585
ENSG00000108100.18,57.019461
ENSG00000108106.14,14.219595
ENSG00000108107.15,3249.19096
ENSG00000108175.19,13.285255999999999
ENSG00000108176.15,0.0
ENSG00000108179.14,67.93787
ENSG00000108187.16,1.492537
ENSG00000108219.17,71.289406
ENSG00000108231.14,0.0
ENSG00000108239.9,0.204162
ENSG00000108242.13,0.0
ENSG00000108244.17,1.115808
ENSG00000108255.8,0.0
ENSG00000108256.9,6.600928
ENSG00000108262.16,24.086188000000003
ENSG00000108298.12,2039.9768829999998
ENSG00000108306.13,3.54977
ENSG00000108309.14,41.735963
ENSG00000108312.16,36.514396
ENSG00000108342.13,0.0
ENSG00000108344.15,51.521177
ENSG00000108349.18,71.215945
ENSG00000108352.13,5.820097
ENSG00000108370.17,2.635257
ENSG00000108375.13,0.131992
ENSG00000108379.11,0.0
ENSG00000108381.11,0.0
ENSG00000108384.16,5.646244
ENSG00000108387.16,6.516895
ENSG00000108389.10,9.207199
ENSG00000108395.14,1.448382
ENSG00000108405.4,94.112235
ENSG00000108406.10,7.130502999999999
ENSG00000108417.4,0.0
ENSG00000108423.16,3.961303
ENSG00000108424.11,129.541386
ENSG00000108433.17,16.881061
ENSG00000108439.11,6.492535
ENSG00000108442.2,0.0
ENSG00000108443.14,4.188528
ENSG00000108448.24,0.0
ENSG00000108452.1,0.0
ENSG00000108465.15,153.02781
ENSG00000108468.15,15.351154
ENSG00000108469.15,28.391435
ENSG00000108474.17,6.017316
ENSG00000108479.13,53.59917900000001
ENSG00000108506.14,0.9391210000000001
ENSG00000108509.21,63.016760000000005
ENSG00000108510.10,2.580533
ENSG00000108511.10,0.0
ENSG00000108515.18,5.428952
ENSG00000108516.5,0.0
ENSG00000108518.8,3856.9686370000004
ENSG00000108523.16,197.377947
ENSG00000108528.14,84.760898
ENSG00000108551.5,0.0
ENSG00000108556.10,1.833106
ENSG00000108557.20,4.363635
ENSG00000108559.13,17.350761
ENSG00000108561.8,53.119678
ENSG00000108576.10,0.34796499999999997
ENSG00000108578.15,9.279633
ENSG00000108582.12,15.963614999999999
ENSG00000108587.16,9.165075
ENSG00000108588.15,6.6763770000000005
ENSG00000108590.11,10.628016
ENSG00000108591.10,33.81397
ENSG00000108592.17,19.650171999999998
ENSG00000108599.15,16.515153
ENSG00000108602.18,0.0
ENSG00000108604.18,87.69828799999999
ENSG00000108622.11,179.83987
ENSG00000108639.8,212.267414
ENSG00000108641.20,2.844661
ENSG00000108651.10,30.615291
ENSG00000108654.16,378.41418600000003
ENSG00000108666.11,1.021673
ENSG00000108669.18,150.656202
ENSG00000108671.11,22.124109
ENSG00000108679.13,48.799955999999995
ENSG00000108684.15,0.0
ENSG00000108688.11,0.0
ENSG00000108691.10,0.0
ENSG00000108700.5,0.0
ENSG00000108702.4,0.552755
ENSG00000108733.11,2.5230189999999997
ENSG00000108759.4,0.0
ENSG00000108771.13,44.483481
ENSG00000108773.11,13.02193
ENSG00000108774.15,304.58491300000003
ENSG00000108784.10,16.488381
ENSG00000108785.7,0.0
ENSG00000108786.11,0.26977
ENSG00000108788.12,60.416852000000006
ENSG00000108797.12,0.907282
ENSG00000108798.9,117.039064
ENSG00000108799.13,61.674428
ENSG00000108813.12,0.436506
ENSG00000108819.11,92.460442
ENSG00000108821.14,0.116537
ENSG00000108823.17,0.0
ENSG00000108825.18,0.0
ENSG00000108826.16,24.581594
ENSG00000108828.16,16.870665
ENSG00000108829.10,31.581769
ENSG00000108830.11,0.136617
ENSG00000108839.12,3.746101
ENSG00000108840.17,65.070403
ENSG00000108846.16,14.04473
ENSG00000108848.16,25.382842
ENSG00000108849.8,0.0
ENSG00000108852.16,0.203922
ENSG00000108854.16,4.10041
ENSG00000108861.9,22.56945
ENSG00000108878.5,0.0
ENSG00000108883.13,53.769477
ENSG00000108924.14,0.0
ENSG00000108932.13,2.887141
ENSG00000108946.17,61.632335999999995
ENSG00000108947.5,0.0
ENSG00000108950.12,1.051798
ENSG00000108953.17,84.522823
ENSG00000108958.4,0.0
ENSG00000108960.9,6.090543
ENSG00000108961.14,29.782194999999998
ENSG00000108963.19,10.931903
ENSG00000108984.16,8.686447
ENSG00000109016.18,25.349317
ENSG00000109046.15,36.031979
ENSG00000109047.8,0.097618
ENSG00000109061.10,0.0
ENSG00000109062.12,324.69869
ENSG00000109063.15,3.681963
ENSG00000109065.12,21.419659
ENSG00000109066.14,9.526381
ENSG00000109072.14,0.0
ENSG00000109079.10,6.594126
ENSG00000109083.14,13.10817
ENSG00000109084.14,0.489377
ENSG00000109089.7,0.06647
ENSG00000109099.16,1.725292
ENSG00000109101.8,0.0
ENSG00000109103.12,168.07284700000002
ENSG00000109107.14,27.382989
ENSG00000109111.15,32.156193
ENSG00000109113.20,33.149174
ENSG00000109118.14,68.586732
ENSG00000109132.7,0.0
ENSG00000109133.14,26.654324
ENSG00000109158.11,0.0
ENSG00000109163.7,0.0
ENSG00000109171.15,3.679033
ENSG00000109180.15,59.560931000000004
ENSG00000109181.12,0.0
ENSG00000109182.12,0.0
ENSG00000109184.15,4.422494
ENSG00000109189.13,0.143588
ENSG00000109193.12,0.0
ENSG00000109205.17,0.0
ENSG00000109208.5,0.0
ENSG00000109220.12,29.86981
ENSG00000109255.11,0.0
ENSG00000109265.15,0.056631
ENSG00000109270.13,10.135927
ENSG00000109272.4,4.058328
ENSG00000109320.14,53.671237999999995
ENSG00000109321.11,0.290932
ENSG00000109323.11,36.603684
ENSG00000109332.20,223.078114
ENSG00000109339.24,0.167376
ENSG00000109381.21,17.266378
ENSG00000109390.13,37.315916
ENSG00000109424.4,0.0
ENSG00000109436.8,3.681363
ENSG00000109445.11,15.010877999999998
ENSG00000109452.14,1.3248639999999998
ENSG00000109458.10,1.479618
ENSG00000109466.14,12.042495
ENSG00000109471.5,0.0
ENSG00000109472.14,0.0
ENSG00000109475.18,48.925163
ENSG00000109501.15,1.015948
ENSG00000109511.12,0.0
ENSG00000109519.14,24.302032000000004
ENSG00000109534.17,4.232526999999999
ENSG00000109536.13,20.684637
ENSG00000109572.16,3.106391
ENSG00000109576.14,0.0
ENSG00000109586.12,3.02606
ENSG00000109606.13,24.617691
ENSG00000109610.6,0.0
ENSG00000109618.13,1.381434
ENSG00000109625.19,0.0
ENSG00000109654.16,0.243411
ENSG00000109667.12,9.468672999999999
ENSG00000109670.17,8.388865000000001
ENSG00000109674.4,0.23797
ENSG00000109680.11,0.37232
ENSG00000109684.16,0.222894
ENSG00000109685.19,4.306906
ENSG00000109686.21,0.261193
ENSG00000109689.20,11.72683
ENSG00000109705.8,0.0
ENSG00000109736.15,73.20195700000001
ENSG00000109738.11,0.0
ENSG00000109743.12,151.2243
ENSG00000109756.10,5.305918
ENSG00000109758.9,0.0
ENSG00000109762.17,0.300473
ENSG00000109771.16,0.0
ENSG00000109775.11,8.366004
ENSG00000109787.13,12.320737
ENSG00000109790.18,3.626652
ENSG00000109794.15,1.217273
ENSG00000109805.10,0.236044
ENSG00000109814.12,1.414263
ENSG00000109819.10,0.036462
ENSG00000109832.14,0.0
ENSG00000109846.9,0.0
ENSG00000109851.7,0.0
ENSG00000109854.14,60.20245
ENSG00000109861.17,163.14982899999998
ENSG00000109881.17,0.231899
ENSG00000109906.15,2.012108
ENSG00000109911.19,6.42174
ENSG00000109917.11,22.099378
ENSG00000109919.10,20.253007
ENSG00000109920.13,24.155956
ENSG00000109927.11,0.049927
ENSG00000109929.10,1.4204789999999998
ENSG00000109943.9,1.956094
ENSG00000109944.11,0.16189
ENSG00000109956.13,0.934489
ENSG00000109971.14,413.566524
ENSG00000109991.10,0.0
ENSG00000110002.16,5.222707
ENSG00000110011.14,84.00491500000001
ENSG00000110013.13,1.83871
ENSG00000110025.13,19.768371
ENSG00000110031.13,81.674979
ENSG00000110042.8,3.773555
ENSG00000110046.14,44.241603
ENSG00000110047.18,154.6964
ENSG00000110048.12,9.095523
ENSG00000110057.9,128.515295
ENSG00000110060.9,5.6958
ENSG00000110063.10,14.343899
ENSG00000110066.16,12.63377
ENSG00000110074.12,13.556276
ENSG00000110075.15,14.161363999999999
ENSG00000110076.21,0.21523699999999998
ENSG00000110077.16,241.90835700000002
ENSG00000110079.19,9.1894
ENSG00000110080.20,39.591495
ENSG00000110090.13,21.623509
ENSG00000110092.4,0.109874
ENSG00000110104.13,8.689182
ENSG00000110107.9,50.017391
ENSG00000110108.11,37.699926000000005
ENSG00000110148.10,0.0
ENSG00000110169.12,0.7507900000000001
ENSG00000110171.21,7.44447
ENSG00000110172.12,3.7520759999999997
ENSG00000110195.14,0.0
ENSG00000110200.9,40.287891
ENSG00000110203.10,118.93509100000001
ENSG00000110218.9,3.128186
ENSG00000110237.5,0.81003
ENSG00000110243.12,0.0
ENSG00000110244.7,0.0
ENSG00000110245.12,0.0
ENSG00000110274.16,14.049248
ENSG00000110315.7,17.956343
ENSG00000110318.15,0.064841
ENSG00000110321.19,119.002891
ENSG00000110324.12,117.37047000000001
ENSG00000110328.6,0.0
ENSG00000110330.10,11.730782
ENSG00000110344.10,10.616586000000002
ENSG00000110367.14,20.025522
ENSG00000110375.3,0.0
ENSG00000110395.8,16.177104
ENSG00000110400.11,2.809383
ENSG00000110422.12,5.855393
ENSG00000110427.17,0.0
ENSG00000110429.14,7.121451
ENSG00000110435.13,2.792884
ENSG00000110436.13,0.0
ENSG00000110442.12,117.182014
ENSG00000110446.12,159.782678
ENSG00000110448.11,28.32961
ENSG00000110455.14,34.286916
ENSG00000110484.7,0.0
ENSG00000110492.17,2.3029960000000003
ENSG00000110497.15,8.209029
ENSG00000110514.20,37.22799
ENSG00000110536.14,9.07246
ENSG00000110583.13,5.912027999999999
ENSG00000110619.18,48.972193
ENSG00000110628.16,63.482699999999994
ENSG00000110651.13,89.62096799999999
ENSG00000110660.15,0.690027
ENSG00000110665.12,67.790595
ENSG00000110675.13,0.123624
ENSG00000110680.14,0.0
ENSG00000110693.19,0.93018
ENSG00000110696.10,36.278577
ENSG00000110697.14,60.784831000000004
ENSG00000110700.7,940.978886
ENSG00000110711.11,130.207036
ENSG00000110713.18,49.525552
ENSG00000110717.13,102.146198
ENSG00000110719.11,838.2963589999999
ENSG00000110721.12,10.767922
ENSG00000110723.12,0.068011
ENSG00000110756.18,3.399514
ENSG00000110768.12,12.520772000000001
ENSG00000110777.12,3.824645
ENSG00000110786.18,0.0
ENSG00000110799.14,0.566109
ENSG00000110801.14,57.739671
ENSG00000110811.20,0.688513
ENSG00000110841.14,0.090614
ENSG00000110844.14,1.908828
ENSG00000110848.8,1.382452
ENSG00000110851.12,5.079042
ENSG00000110852.5,18.976749
ENSG00000110871.15,9.439955
ENSG00000110876.11,937.733434
ENSG00000110880.11,39.417662
ENSG00000110881.12,0.061283
ENSG00000110887.8,0.0
ENSG00000110888.19,4.056097
ENSG00000110900.16,0.0
ENSG00000110906.13,12.379617
ENSG00000110911.17,6.261318999999999
ENSG00000110917.9,15.897022
ENSG00000110921.14,4.851171
ENSG00000110925.7,3.186369
ENSG00000110931.19,53.184279
ENSG00000110934.13,380.080828
ENSG00000110944.9,1.841334
ENSG00000110955.9,419.67019999999997
ENSG00000110958.16,76.934244
ENSG00000110975.8,0.0
ENSG00000110987.9,1.208891
ENSG00000111011.18,23.548348999999998
ENSG00000111012.12,0.0
ENSG00000111046.4,0.0
ENSG00000111049.4,0.0
ENSG00000111052.8,9.531467000000001
ENSG00000111057.11,2.122395
ENSG00000111058.8,1.313365
ENSG00000111077.18,0.928165
ENSG00000111087.10,0.221979
ENSG00000111110.12,0.709917
ENSG00000111142.14,8.323595000000001
ENSG00000111144.10,206.56053999999997
ENSG00000111145.8,5.416729
ENSG00000111181.13,6.884887
ENSG00000111186.13,0.334752
ENSG00000111196.11,6.3263929999999995
ENSG00000111199.12,0.366066
ENSG00000111203.13,21.930539
ENSG00000111206.13,0.489592
ENSG00000111215.13,1.440969
ENSG00000111218.12,0.039001
ENSG00000111224.14,4.725359
ENSG00000111229.16,573.5243879999999
ENSG00000111231.9,5.780648
ENSG00000111237.19,38.163982
ENSG00000111241.3,0.0
ENSG00000111245.18,0.0
ENSG00000111247.15,0.0
ENSG00000111249.14,0.034138
ENSG00000111252.11,30.802422
ENSG00000111254.8,0.071105
ENSG00000111261.14,36.639446
ENSG00000111262.6,0.0
ENSG00000111266.9,5.182237000000001
ENSG00000111269.3,6.840988
ENSG00000111271.15,15.490545000000001
ENSG00000111275.13,111.70107900000001
ENSG00000111276.12,36.035844999999995
ENSG00000111291.9,0.0
ENSG00000111300.10,2.3514
ENSG00000111305.19,0.0
ENSG00000111319.13,1.226431
ENSG00000111321.11,111.549275
ENSG00000111325.16,18.712587
ENSG00000111328.7,21.943075
ENSG00000111331.14,58.583323
ENSG00000111335.14,66.46363
ENSG00000111339.12,0.044741
ENSG00000111341.10,0.885476
ENSG00000111344.12,0.0
ENSG00000111348.9,2725.728541
ENSG00000111358.14,1.559824
ENSG00000111361.13,19.237187
ENSG00000111364.16,6.462917
ENSG00000111371.16,6.39727
ENSG00000111404.7,0.0
ENSG00000111405.9,0.0
ENSG00000111412.6,6.254378
ENSG00000111424.12,9.848066
ENSG00000111432.5,0.0
ENSG00000111445.14,6.593686
ENSG00000111450.15,3.221959
ENSG00000111452.13,1.72073
ENSG00000111481.10,77.70881299999999
ENSG00000111490.15,1.966956
ENSG00000111530.13,6.719473
ENSG00000111536.5,0.0
ENSG00000111537.5,0.0
ENSG00000111540.16,87.09769299999999
ENSG00000111554.15,2.4511979999999998
ENSG00000111581.10,4.517966
ENSG00000111596.14,23.999951
ENSG00000111602.12,2.489058
ENSG00000111605.18,11.571334
ENSG00000111615.14,3.287878
ENSG00000111639.8,43.943124999999995
ENSG00000111640.15,2779.112871
ENSG00000111641.13,24.297228999999998
ENSG00000111642.16,69.58260899999999
ENSG00000111644.8,109.94939
ENSG00000111647.13,6.949668
ENSG00000111652.10,35.894597
ENSG00000111653.20,33.654593
ENSG00000111664.11,0.276118
ENSG00000111665.12,0.259971
ENSG00000111666.11,17.854081
ENSG00000111667.14,29.145184
ENSG00000111669.15,522.3227300000001
ENSG00000111670.16,5.513773
ENSG00000111671.10,10.545769
ENSG00000111674.9,10.800296
ENSG00000111676.15,8.798368
ENSG00000111678.11,107.790594
ENSG00000111679.17,793.8965519999999
ENSG00000111684.11,33.837038
ENSG00000111696.12,0.850719
ENSG00000111700.13,0.0
ENSG00000111701.7,0.0
ENSG00000111704.11,0.0
ENSG00000111707.12,9.676961
ENSG00000111711.10,3.98614
ENSG00000111713.3,0.0
ENSG00000111716.14,130.411655
ENSG00000111725.11,23.519722
ENSG00000111726.13,5.856864
ENSG00000111727.12,1.0693650000000001
ENSG00000111728.11,3.613832
ENSG00000111729.15,49.16033
ENSG00000111731.13,5.307239
ENSG00000111732.12,0.094746
ENSG00000111737.12,62.396214
ENSG00000111752.11,5.143363
ENSG00000111775.3,281.150559
ENSG00000111780.8,0.0
ENSG00000111783.13,0.0
ENSG00000111785.21,1.7819889999999998
ENSG00000111786.10,101.698104
ENSG00000111788.10,0.566599
ENSG00000111790.14,11.782216
ENSG00000111796.4,12.271802
ENSG00000111799.22,0.0
ENSG00000111801.16,69.32817200000001
ENSG00000111802.14,20.389411999999997
ENSG00000111816.8,0.066458
ENSG00000111817.19,5.973683
ENSG00000111832.13,6.737023
ENSG00000111834.13,0.182492
ENSG00000111837.12,2.13137
ENSG00000111843.14,15.141024
ENSG00000111845.5,2.337981
ENSG00000111846.20,1.649191
ENSG00000111850.11,1.087256
ENSG00000111859.17,44.91937899999999
ENSG00000111860.14,1.6280649999999999
ENSG00000111863.13,4.591359000000001
ENSG00000111875.8,2.676818
ENSG00000111877.18,3.01662
ENSG00000111879.20,0.6461929999999999
ENSG00000111880.16,3.382337
ENSG00000111885.7,4.980579
ENSG00000111886.11,0.448768
ENSG00000111897.7,37.277262
ENSG00000111906.18,8.538815999999999
ENSG00000111907.21,0.0
ENSG00000111911.7,3.479967
ENSG00000111912.20,2.61777
ENSG00000111913.20,277.221619
ENSG00000111961.19,0.152913
ENSG00000111962.8,0.309863
ENSG00000111981.5,0.073625
ENSG00000112029.10,1.193744
ENSG00000112031.16,2.921422
ENSG00000112033.14,14.609418
ENSG00000112038.18,0.01487
ENSG00000112039.6,2.5730329999999997
ENSG00000112041.13,0.0
ENSG00000112053.14,6.077758
ENSG00000112062.13,59.999728000000005
ENSG00000112077.18,0.0
ENSG00000112078.14,16.672283999999998
ENSG00000112079.10,81.029226
ENSG00000112081.18,88.0789
ENSG00000112110.10,18.282988
ENSG00000112115.7,0.0
ENSG00000112116.11,0.0
ENSG00000112118.20,17.734053
ENSG00000112130.17,3.851877
ENSG00000112137.19,6.500192
ENSG00000112139.17,2.6602259999999998
ENSG00000112144.16,0.858637
ENSG00000112146.17,42.873453
ENSG00000112149.11,3.9696730000000002
ENSG00000112159.13,8.328042
ENSG00000112164.6,0.034249
ENSG00000112167.11,5.080680999999999
ENSG00000112175.8,0.0
ENSG00000112182.16,1.296354
ENSG00000112183.15,0.0
ENSG00000112186.13,0.0
ENSG00000112195.9,60.545206
ENSG00000112200.17,5.509656
ENSG00000112208.11,0.240892
ENSG00000112210.12,0.047925
ENSG00000112212.12,0.876746
ENSG00000112214.11,0.0
ENSG00000112218.9,0.0
ENSG00000112232.11,0.0
ENSG00000112234.9,2.220326
ENSG00000112237.13,2.491314
ENSG00000112238.12,0.0
ENSG00000112242.16,4.684924
ENSG00000112245.14,8.668384
ENSG00000112246.10,0.0
ENSG00000112249.14,4.737272
ENSG00000112273.7,0.0
ENSG00000112276.14,0.066433
ENSG00000112280.18,0.0
ENSG00000112282.18,6.873471
ENSG00000112290.13,0.268556
ENSG00000112293.15,0.079412
ENSG00000112294.14,1.083703
ENSG00000112297.18,8.591317
ENSG00000112299.8,4.857954
ENSG00000112303.14,547.4799390000001
ENSG00000112304.11,4.07494
ENSG00000112305.15,12.098849
ENSG00000112306.8,2497.69222
ENSG00000112308.14,83.913033
ENSG00000112309.11,0.0
ENSG00000112312.10,2.374241
ENSG00000112319.21,0.0
ENSG00000112320.12,0.036843
ENSG00000112333.12,0.091849
ENSG00000112335.15,85.80850500000001
ENSG00000112337.11,0.0
ENSG00000112339.15,5.5466120000000005
ENSG00000112343.11,16.703311
ENSG00000112357.14,1.6117759999999999
ENSG00000112365.6,2.092534
ENSG00000112367.12,16.649281
ENSG00000112378.12,0.388399
ENSG00000112379.9,0.0
ENSG00000112394.18,0.022545
ENSG00000112406.5,10.117801
ENSG00000112414.15,0.067438
ENSG00000112419.15,0.8974829999999999
ENSG00000112425.16,1.18945
ENSG00000112461.9,0.0
ENSG00000112462.8,0.0
ENSG00000112473.19,16.678485000000002
ENSG00000112486.18,2.418692
ENSG00000112493.12,117.70865500000001
ENSG00000112494.10,0.0
ENSG00000112499.13,0.0
ENSG00000112511.18,7.7054979999999995
ENSG00000112514.18,148.755743
ENSG00000112530.13,0.0
ENSG00000112531.17,17.867968
ENSG00000112539.15,0.0
ENSG00000112541.19,0.601187
ENSG00000112559.15,0.0
ENSG00000112561.19,97.838564
ENSG00000112562.20,0.0
ENSG00000112576.13,363.799575
ENSG00000112578.11,3.370841
ENSG00000112584.14,12.753001000000001
ENSG00000112592.15,9.767717
ENSG00000112599.9,1.927415
ENSG00000112619.8,0.0
ENSG00000112624.14,5.228105
ENSG00000112640.16,21.781761
ENSG00000112651.12,29.889126
ENSG00000112655.16,1.0331610000000002
ENSG00000112658.8,16.517232
ENSG00000112659.14,38.960392999999996
ENSG00000112667.13,23.766675
ENSG00000112679.15,34.200775
ENSG00000112685.14,5.496503000000001
ENSG00000112695.13,106.77368799999999
ENSG00000112697.17,13.532013
ENSG00000112699.11,12.731544
ENSG00000112701.18,10.117205
ENSG00000112706.12,0.0
ENSG00000112715.26,3.865716
ENSG00000112739.17,12.306308000000001
ENSG00000112742.10,0.0
ENSG00000112759.19,30.408385
ENSG00000112761.22,0.0
ENSG00000112763.17,43.669985000000004
ENSG00000112769.20,0.0
ENSG00000112773.16,4.574414
ENSG00000112782.19,0.3628
ENSG00000112787.14,31.324736
ENSG00000112796.10,0.189009
ENSG00000112799.9,120.73312100000001
ENSG00000112812.16,0.137461
ENSG00000112818.11,0.210787
ENSG00000112837.17,0.0
ENSG00000112851.16,9.305003
ENSG00000112852.7,0.109012
ENSG00000112855.17,22.673836
ENSG00000112874.10,0.279767
ENSG00000112877.8,2.1825859999999997
ENSG00000112893.10,5.335498
ENSG00000112902.12,0.019223
ENSG00000112936.21,0.048542
ENSG00000112941.14,6.70472
ENSG00000112964.14,0.05395
ENSG00000112972.16,3.003208
ENSG00000112977.16,70.812619
ENSG00000112981.5,0.0
ENSG00000112983.18,28.428404
ENSG00000112984.12,0.0
ENSG00000112992.18,5.952396
ENSG00000112996.11,7.914822
ENSG00000113013.16,38.440885
ENSG00000113048.19,13.170202999999999
ENSG00000113068.10,23.136831
ENSG00000113070.8,0.483307
ENSG00000113073.15,0.508357
ENSG00000113083.15,0.0
ENSG00000113088.6,12.190884
ENSG00000113100.10,0.0
ENSG00000113108.20,26.129309
ENSG00000113119.13,22.604872
ENSG00000113140.11,114.070776
ENSG00000113141.19,113.311534
ENSG00000113161.17,10.606235
ENSG00000113163.19,8.401562
ENSG00000113194.13,8.612389
ENSG00000113196.3,0.0
ENSG00000113205.5,0.0
ENSG00000113209.9,0.0
ENSG00000113211.6,0.0
ENSG00000113212.7,0.0
ENSG00000113231.14,0.093393
ENSG00000113240.14,5.259384
ENSG00000113248.6,0.0
ENSG00000113249.14,0.0
ENSG00000113262.16,0.169838
ENSG00000113263.14,13.562299000000001
ENSG00000113269.14,252.67299500000001
ENSG00000113272.14,3.6704900000000005
ENSG00000113273.17,6.240501
ENSG00000113282.14,13.828703
ENSG00000113296.14,1.3333560000000002
ENSG00000113300.13,2.139032
ENSG00000113302.6,0.0
ENSG00000113303.12,46.476464
ENSG00000113312.12,47.334725999999996
ENSG00000113318.11,1.46051
ENSG00000113319.13,1.001865
ENSG00000113327.17,1.75283
ENSG00000113328.21,12.898389
ENSG00000113356.13,0.0
ENSG00000113360.17,17.719526000000002
ENSG00000113361.13,0.0
ENSG00000113368.12,31.119923
ENSG00000113369.9,18.838776
ENSG00000113384.14,14.861367
ENSG00000113387.13,17.69887
ENSG00000113389.16,0.071841
ENSG00000113391.19,0.989648
ENSG00000113396.13,0.0
ENSG00000113407.14,12.102999
ENSG00000113430.11,0.0
ENSG00000113441.16,4.504798
ENSG00000113448.21,0.594387
ENSG00000113456.20,1.835204
ENSG00000113460.13,2.542103
ENSG00000113492.14,0.0
ENSG00000113494.17,0.102233
ENSG00000113504.21,20.447215
ENSG00000113520.11,0.0
ENSG00000113522.14,0.691344
ENSG00000113525.10,0.0
ENSG00000113532.13,10.822483
ENSG00000113552.16,16.441796999999998
ENSG00000113555.6,1.101737
ENSG00000113558.19,213.503519
ENSG00000113569.17,1.909503
ENSG00000113575.13,96.449495
ENSG00000113578.18,0.0
ENSG00000113580.15,9.543595999999999
ENSG00000113583.8,15.211668
ENSG00000113593.12,13.122505
ENSG00000113594.10,0.0
ENSG00000113595.15,0.908233
ENSG00000113597.19,2.297393
ENSG00000113600.12,0.0
ENSG00000113615.13,1.004308
ENSG00000113621.15,17.454967
ENSG00000113638.14,0.544689
ENSG00000113643.9,9.213474
ENSG00000113645.15,0.26064200000000004
ENSG00000113648.17,230.808866
ENSG00000113649.14,8.269516
ENSG00000113657.13,0.086877
ENSG00000113658.18,0.988621
ENSG00000113712.19,24.493637
ENSG00000113716.13,7.960516
ENSG00000113719.17,207.322146
ENSG00000113721.14,1.089587
ENSG00000113722.18,0.0
ENSG00000113732.9,390.33037
ENSG00000113734.18,5.273343
ENSG00000113739.11,0.0
ENSG00000113742.14,3.170421
ENSG00000113749.8,74.934879
ENSG00000113758.14,8.583781
ENSG00000113761.12,7.95852
ENSG00000113763.12,0.0
ENSG00000113790.11,0.186394
ENSG00000113805.9,0.0
ENSG00000113810.16,1.717082
ENSG00000113811.12,25.466492
ENSG00000113812.14,4.812676
ENSG00000113838.13,3.537936
ENSG00000113845.10,23.193744000000002
ENSG00000113851.16,11.968651000000001
ENSG00000113889.14,0.0
ENSG00000113905.5,0.0
ENSG00000113916.18,258.570752
ENSG00000113924.12,3.9903869999999997
ENSG00000113946.4,0.079811
ENSG00000113966.11,0.11711
ENSG00000113971.21,2.093389
ENSG00000114013.16,27.831482
ENSG00000114019.15,0.0
ENSG00000114021.12,16.198642
ENSG00000114023.16,12.24363
ENSG00000114026.22,21.264388
ENSG00000114030.13,14.902256
ENSG00000114054.14,9.565006
ENSG00000114062.22,3.143171
ENSG00000114098.18,9.838483
ENSG00000114107.9,0.137292
ENSG00000114113.6,0.0
ENSG00000114115.11,0.0
ENSG00000114120.14,3.1285890000000003
ENSG00000114124.3,0.0
ENSG00000114125.14,27.02139
ENSG00000114126.18,3.478477
ENSG00000114127.11,5.459411
ENSG00000114166.8,8.822159
ENSG00000114200.10,0.0
ENSG00000114204.16,0.195149
ENSG00000114209.15,7.407062
ENSG00000114248.10,0.0
ENSG00000114251.15,0.0
ENSG00000114268.12,76.22636
ENSG00000114270.18,3.736443
ENSG00000114279.15,0.0
ENSG00000114302.17,6.981026
ENSG00000114315.4,2.410793
ENSG00000114316.13,91.489327
ENSG00000114331.16,9.702032
ENSG00000114346.14,1.5516359999999998
ENSG00000114349.10,0.0
ENSG00000114353.17,1162.2770540000001
ENSG00000114354.15,27.647631
ENSG00000114374.13,0.0
ENSG00000114378.17,0.846344
ENSG00000114383.10,31.390356999999998
ENSG00000114388.14,34.261416
ENSG00000114391.14,344.754761
ENSG00000114395.11,47.180206
ENSG00000114405.11,1.157621
ENSG00000114416.19,11.52276
ENSG00000114423.23,6.9397590000000005
ENSG00000114439.19,3.655755
ENSG00000114446.5,1.519872
ENSG00000114450.11,8.145185
ENSG00000114455.15,0.0
ENSG00000114473.14,2.329211
ENSG00000114480.13,9.085674000000001
ENSG00000114487.10,0.0
ENSG00000114491.14,4.348673
ENSG00000114503.11,12.227459
ENSG00000114520.11,2.3721639999999997
ENSG00000114529.13,0.0
ENSG00000114541.15,2.96451
ENSG00000114544.17,7.781946
ENSG00000114547.10,0.0
ENSG00000114554.12,0.804549
ENSG00000114573.12,19.319839
ENSG00000114626.18,744.890297
ENSG00000114631.11,1.008813
ENSG00000114638.8,0.612017
ENSG00000114646.10,0.0
ENSG00000114648.12,18.123192
ENSG00000114650.21,43.092567
ENSG00000114654.8,0.251016
ENSG00000114656.13,4.7896
ENSG00000114670.14,0.509221
ENSG00000114686.9,7.071428
ENSG00000114698.15,0.083972
ENSG00000114735.10,11.167987
ENSG00000114737.16,56.693668
ENSG00000114738.11,156.389976
ENSG00000114739.14,0.038357
ENSG00000114742.14,11.38436
ENSG00000114744.9,10.700425
ENSG00000114745.15,23.194226
ENSG00000114757.19,0.0
ENSG00000114767.7,13.007213
ENSG00000114770.17,11.028572
ENSG00000114771.14,0.0
ENSG00000114779.20,55.141109
ENSG00000114784.4,74.838138
ENSG00000114786.16,0.0
ENSG00000114790.13,0.102857
ENSG00000114796.16,6.2419970000000005
ENSG00000114805.18,0.037445
ENSG00000114812.13,19.685606
ENSG00000114841.18,12.302067000000001
ENSG00000114850.7,28.333493
ENSG00000114853.15,4.198047
ENSG00000114854.8,0.0
ENSG00000114857.19,13.804319999999999
ENSG00000114859.16,1.4025789999999998
ENSG00000114861.24,11.320041
ENSG00000114867.22,71.083755
ENSG00000114902.14,93.43082
ENSG00000114904.13,1.668674
ENSG00000114923.17,0.266198
ENSG00000114933.16,1.674717
ENSG00000114942.15,84.88675500000001
ENSG00000114948.13,0.217136
ENSG00000114956.20,59.7234
ENSG00000114978.18,49.552633
ENSG00000114982.19,14.059477999999999
ENSG00000114988.12,6.294715
ENSG00000114993.17,0.657618
ENSG00000114999.8,4.056889
ENSG00000115008.6,0.0
ENSG00000115009.13,2.138056
ENSG00000115020.17,1.793807
ENSG00000115041.14,0.0
ENSG00000115042.10,10.86568
ENSG00000115053.17,69.46815099999999
ENSG00000115073.8,37.61025
ENSG00000115084.15,3.509538
ENSG00000115085.16,117.222176
ENSG00000115091.12,157.337577
ENSG00000115107.20,1.014954
ENSG00000115109.14,0.499044
ENSG00000115112.8,0.122196
ENSG00000115128.7,44.315497
ENSG00000115129.14,9.857911
ENSG00000115137.12,0.670802
ENSG00000115138.11,2.268116
ENSG00000115145.10,4.550053999999999
ENSG00000115155.19,0.143527
ENSG00000115159.17,2.373984
ENSG00000115163.15,0.0
ENSG00000115165.11,95.522015
ENSG00000115170.16,2.666242
ENSG00000115183.15,0.0
ENSG00000115194.11,0.0
ENSG00000115204.15,55.62222
ENSG00000115207.15,30.380342
ENSG00000115211.17,29.085091000000002
ENSG00000115216.14,99.057995
ENSG00000115221.13,0.0
ENSG00000115226.10,0.0
ENSG00000115232.14,14.215195
ENSG00000115233.12,8.729352
ENSG00000115234.11,127.444228
ENSG00000115239.24,5.057158
ENSG00000115241.11,50.774805
ENSG00000115252.19,0.0
ENSG00000115255.12,2.283649
ENSG00000115257.15,0.184384
ENSG00000115263.15,0.0
ENSG00000115266.12,0.0
ENSG00000115267.10,23.87464
ENSG00000115268.10,1946.887215
ENSG00000115271.11,572.760809
ENSG00000115274.15,23.4262
ENSG00000115275.15,33.156497
ENSG00000115282.21,18.572224
ENSG00000115286.21,134.618386
ENSG00000115289.14,20.989267
ENSG00000115290.11,0.124107
ENSG00000115295.21,4.998344
ENSG00000115297.11,0.0
ENSG00000115306.17,6.318199
ENSG00000115307.17,163.820201
ENSG00000115310.19,92.590315
ENSG00000115317.13,30.029437
ENSG00000115318.12,10.529888
ENSG00000115325.14,77.28845
ENSG00000115339.15,8.189415
ENSG00000115350.12,46.998059999999995
ENSG00000115353.11,0.0
ENSG00000115355.18,5.559158
ENSG00000115361.8,0.0
ENSG00000115363.14,0.0
ENSG00000115364.14,4.3879660000000005
ENSG00000115365.13,2.5149559999999997
ENSG00000115368.10,7.012061
ENSG00000115380.20,0.0
ENSG00000115386.6,0.0
ENSG00000115392.13,1.011404
ENSG00000115414.21,0.5172570000000001
ENSG00000115415.21,271.496434
ENSG00000115419.14,6.66054
ENSG00000115421.13,5.599202
ENSG00000115423.19,0.017697
ENSG00000115425.14,8.231857
ENSG00000115446.12,18.089677000000002
ENSG00000115457.10,0.10532
ENSG00000115459.18,15.873727
ENSG00000115461.5,0.0
ENSG00000115464.15,39.666492
ENSG00000115468.13,0.682848
ENSG00000115474.7,0.0
ENSG00000115484.15,30.396479999999997
ENSG00000115486.13,9.771581
ENSG00000115488.3,0.0
ENSG00000115504.15,1.445081
ENSG00000115507.10,2.614008
ENSG00000115514.12,4.792964
ENSG00000115520.9,9.419242
ENSG00000115523.17,954.6902460000001
ENSG00000115524.17,169.405517
ENSG00000115525.18,13.062339
ENSG00000115526.11,0.751493
ENSG00000115539.15,10.835986
ENSG00000115540.15,4.957368
ENSG00000115541.11,17.73541
ENSG00000115548.17,22.375417000000002
ENSG00000115556.14,0.0
ENSG00000115561.16,29.409011
ENSG00000115568.16,4.741693
ENSG00000115590.14,106.412859
ENSG00000115592.14,0.0
ENSG00000115593.15,0.0
ENSG00000115594.12,5.690851
ENSG00000115596.4,0.0
ENSG00000115598.10,0.17204
ENSG00000115602.17,1.725586
ENSG00000115604.12,3.441802
ENSG00000115607.10,89.32628199999999
ENSG00000115616.3,0.0
ENSG00000115641.19,1.324193
ENSG00000115648.14,0.0
ENSG00000115649.16,131.181354
ENSG00000115652.15,14.922813999999999
ENSG00000115657.14,3.293386
ENSG00000115661.14,32.856276
ENSG00000115665.9,0.0
ENSG00000115677.18,99.677205
ENSG00000115685.15,69.148764
ENSG00000115687.14,20.013101
ENSG00000115694.15,61.907503
ENSG00000115705.22,0.0
ENSG00000115718.18,1.127585
ENSG00000115738.10,82.575149
ENSG00000115750.17,3.823541
ENSG00000115756.13,92.68517700000001
ENSG00000115758.14,32.263965
ENSG00000115760.16,18.481958000000002
ENSG00000115761.17,5.352469
ENSG00000115762.17,38.220451
ENSG00000115806.13,28.377461
ENSG00000115808.13,1.690543
ENSG00000115816.15,4.22844
ENSG00000115825.11,3.2881
ENSG00000115827.14,1.309554
ENSG00000115828.17,129.043735
ENSG00000115839.20,9.391041
ENSG00000115840.14,1.3120539999999998
ENSG00000115841.21,2.858823
ENSG00000115844.11,0.0
ENSG00000115850.10,0.0
ENSG00000115866.11,6.196941
ENSG00000115875.19,46.998129999999996
ENSG00000115884.11,0.0
ENSG00000115896.17,0.8262229999999999
ENSG00000115902.11,3.395388
ENSG00000115904.15,5.4949840000000005
ENSG00000115919.15,16.083084
ENSG00000115934.11,0.0
ENSG00000115935.19,214.934233
ENSG00000115942.9,6.672603
ENSG00000115944.15,37.358645
ENSG00000115946.8,3.578088
ENSG00000115947.14,4.174403
ENSG00000115956.10,235.608609
ENSG00000115963.14,0.0
ENSG00000115966.18,4.098217
ENSG00000115970.19,7.796956000000001
ENSG00000115977.21,4.454231999999999
ENSG00000115993.13,3.874615
ENSG00000115998.8,7.101121
ENSG00000116001.17,12.593757
ENSG00000116005.12,2.116081
ENSG00000116014.10,0.992546
ENSG00000116016.14,1.440835
ENSG00000116017.11,21.915824999999998
ENSG00000116030.17,32.237719
ENSG00000116031.9,0.132781
ENSG00000116032.5,0.071957
ENSG00000116035.4,0.0
ENSG00000116039.13,0.0
ENSG00000116044.17,44.076857000000004
ENSG00000116062.19,4.236426
ENSG00000116095.11,4.112871
ENSG00000116096.7,0.896271
ENSG00000116106.12,1.247829
ENSG00000116117.20,0.02678
ENSG00000116120.11,2.977677
ENSG00000116127.20,3.76996
ENSG00000116128.12,2.131469
ENSG00000116132.12,0.0
ENSG00000116133.13,1.377851
ENSG00000116138.13,1.4727489999999999
ENSG00000116141.17,0.0
ENSG00000116147.19,0.0
ENSG00000116151.14,0.970008
ENSG00000116157.6,6.16071
ENSG00000116161.18,20.116266
ENSG00000116171.19,33.49701
ENSG00000116176.8,0.0
ENSG00000116183.11,0.0
ENSG00000116191.19,1.410675
ENSG00000116194.13,0.0
ENSG00000116198.14,5.6830419999999995
ENSG00000116199.12,2.683091
ENSG00000116205.14,1.503953
ENSG00000116209.12,208.906832
ENSG00000116212.16,6.767774
ENSG00000116213.16,25.531847
ENSG00000116218.13,0.0
ENSG00000116221.15,31.97933
ENSG00000116237.16,4.863429
ENSG00000116251.11,84.037062
ENSG00000116254.18,0.046029
ENSG00000116260.17,68.923486
ENSG00000116266.11,14.909593
ENSG00000116273.6,3.552268
ENSG00000116285.13,0.229544
ENSG00000116288.13,125.26362999999999
ENSG00000116299.17,67.432402
ENSG00000116329.12,0.0
ENSG00000116337.20,172.13982
ENSG00000116350.18,57.54237
ENSG00000116353.16,7.9045190000000005
ENSG00000116396.15,0.465961
ENSG00000116406.20,3.364057
ENSG00000116455.14,16.566969
ENSG00000116459.11,131.607567
ENSG00000116473.15,49.984133
ENSG00000116478.13,80.76114100000001
ENSG00000116489.13,80.95208
ENSG00000116497.18,6.871207
ENSG00000116514.17,90.832505
ENSG00000116521.12,45.548103
ENSG00000116525.14,6.1064799999999995
ENSG00000116539.14,7.623272
ENSG00000116544.12,0.261885
ENSG00000116560.12,107.829635
ENSG00000116574.6,2.113322
ENSG00000116580.20,17.134031
ENSG00000116584.22,106.994198
ENSG00000116586.12,102.805689
ENSG00000116604.19,26.695689
ENSG00000116641.18,1.296249
ENSG00000116649.10,45.00496199999999
ENSG00000116652.7,0.0
ENSG00000116661.11,1.88015
ENSG00000116663.11,61.578294
ENSG00000116667.15,5.574597
ENSG00000116668.13,1.158611
ENSG00000116670.17,31.940891
ENSG00000116675.16,0.0
ENSG00000116678.20,0.560619
ENSG00000116679.17,59.172634
ENSG00000116685.17,73.174213
ENSG00000116688.18,51.731111
ENSG00000116690.13,0.291636
ENSG00000116691.11,84.920892
ENSG00000116698.22,19.321323
ENSG00000116701.16,1034.0092829999999
ENSG00000116703.14,0.0
ENSG00000116704.8,1.706382
ENSG00000116711.10,2.664108
ENSG00000116717.13,3.832331
ENSG00000116721.9,0.0
ENSG00000116726.5,0.0
ENSG00000116729.14,13.521963
ENSG00000116731.23,21.534935
ENSG00000116741.8,482.979968
ENSG00000116745.8,0.0
ENSG00000116747.13,2.5999879999999997
ENSG00000116748.22,0.0
ENSG00000116750.14,4.897111
ENSG00000116752.6,9.441488
ENSG00000116754.14,23.426738999999998
ENSG00000116761.12,1.094642
ENSG00000116771.6,0.995375
ENSG00000116774.12,0.0
ENSG00000116783.15,0.881963
ENSG00000116785.15,0.0
ENSG00000116786.15,52.309671
ENSG00000116791.14,0.777723
ENSG00000116793.16,6.2080589999999995
ENSG00000116809.12,36.483598
ENSG00000116815.16,13.455929000000001
ENSG00000116819.9,1.259676
ENSG00000116824.5,72.961226
ENSG00000116830.12,0.721125
ENSG00000116833.14,0.0
ENSG00000116852.15,23.917821
ENSG00000116857.17,18.179316999999998
ENSG00000116863.11,49.03215
ENSG00000116871.16,121.411646
ENSG00000116874.12,2.399574
ENSG00000116882.15,0.0
ENSG00000116885.18,1.462117
ENSG00000116898.12,33.761187
ENSG00000116903.7,2.89845
ENSG00000116906.13,13.415457
ENSG00000116918.15,4.575748000000001
ENSG00000116922.15,1.906749
ENSG00000116954.8,9.206579000000001
ENSG00000116962.15,1.78626
ENSG00000116977.19,22.045482
ENSG00000116981.4,0.050107
ENSG00000116983.13,1.058932
ENSG00000116984.15,2.828041
ENSG00000116985.12,0.272569
ENSG00000116990.12,15.503029
ENSG00000116991.12,10.722147
ENSG00000116996.10,0.0
ENSG00000117000.9,2.693756
ENSG00000117009.12,3.207876
ENSG00000117010.17,0.9703090000000001
ENSG00000117013.17,0.353603
ENSG00000117016.10,0.62905
ENSG00000117020.19,1.77692
ENSG00000117036.12,3.978199
ENSG00000117054.15,4.878772
ENSG00000117069.15,0.0
ENSG00000117090.16,7.379167
ENSG00000117091.10,239.54020500000001
ENSG00000117114.21,0.123555
ENSG00000117115.13,145.88239000000002
ENSG00000117118.12,102.789079
ENSG00000117122.14,0.0
ENSG00000117133.11,8.734044
ENSG00000117139.18,10.579751
ENSG00000117143.14,1.542289
ENSG00000117148.8,0.0
ENSG00000117151.13,27.895252999999997
ENSG00000117152.14,0.0
ENSG00000117153.16,12.328814
ENSG00000117154.12,0.0
ENSG00000117155.17,0.439753
ENSG00000117174.11,1.294231
ENSG00000117215.15,0.180785
ENSG00000117222.14,6.363042
ENSG00000117226.13,10.610581
ENSG00000117228.11,169.199352
ENSG00000117242.7,2.201461
ENSG00000117245.13,0.607299
ENSG00000117262.19,5.974221
ENSG00000117266.16,1.756931
ENSG00000117280.13,12.431109999999999
ENSG00000117281.16,7.214165
ENSG00000117298.16,70.700801
ENSG00000117305.15,29.871719000000002
ENSG00000117308.15,15.075267
ENSG00000117318.9,16.023291
ENSG00000117322.19,0.699161
ENSG00000117335.21,85.068978
ENSG00000117360.13,42.691936
ENSG00000117362.13,123.415718
ENSG00000117385.16,13.741458999999999
ENSG00000117394.24,18.599682
ENSG00000117395.13,16.988201
ENSG00000117399.14,0.91534
ENSG00000117400.18,0.193788
ENSG00000117407.17,0.126942
ENSG00000117408.11,10.739896
ENSG00000117410.14,617.90127
ENSG00000117411.18,1.405187
ENSG00000117419.16,23.604471999999998
ENSG00000117425.15,0.368877
ENSG00000117448.14,114.059145
ENSG00000117450.15,115.533383
ENSG00000117461.15,0.53471
ENSG00000117472.10,0.0
ENSG00000117475.14,2.764141
ENSG00000117477.13,0.0
ENSG00000117479.15,0.558881
ENSG00000117480.16,13.286991
ENSG00000117481.12,8.730106
ENSG00000117500.13,6.422632
ENSG00000117501.15,0.0
ENSG00000117505.13,10.525528999999999
ENSG00000117507.7,0.0
ENSG00000117519.16,0.3742
ENSG00000117523.18,26.330157
ENSG00000117525.14,0.0
ENSG00000117528.14,1.107594
ENSG00000117533.15,1.672914
ENSG00000117543.22,5.966691
ENSG00000117560.8,4.022529
ENSG00000117569.20,3.174334
ENSG00000117586.12,1.143338
ENSG00000117592.9,261.164619
ENSG00000117593.12,3.083209
ENSG00000117594.10,0.313498
ENSG00000117595.13,1.161899
ENSG00000117597.18,1.236196
ENSG00000117598.14,0.0
ENSG00000117600.14,0.0
ENSG00000117601.15,0.0
ENSG00000117602.13,5.506749
ENSG00000117614.10,39.922083
ENSG00000117616.18,91.905669
ENSG00000117620.15,0.824571
ENSG00000117625.14,13.672595
ENSG00000117632.23,13.613394
ENSG00000117640.18,35.892945000000005
ENSG00000117643.16,7.337407000000001
ENSG00000117650.13,0.0
ENSG00000117676.14,238.23066100000003
ENSG00000117682.18,12.720061000000001
ENSG00000117691.10,17.30701
ENSG00000117697.15,10.313295
ENSG00000117707.17,0.0
ENSG00000117713.22,29.892131
ENSG00000117724.15,0.891489
ENSG00000117748.10,33.055586
ENSG00000117751.18,18.094439
ENSG00000117758.14,14.077937
ENSG00000117791.16,0.227508
ENSG00000117834.13,2.968615
ENSG00000117859.19,20.777109
ENSG00000117862.14,58.203992
ENSG00000117868.18,9.352163
ENSG00000117877.11,0.760637
ENSG00000117899.11,8.060295
ENSG00000117906.14,4.131877
ENSG00000117971.12,0.0
ENSG00000117983.17,0.0
ENSG00000117984.15,832.9909499999999
ENSG00000118004.18,0.235961
ENSG00000118007.13,4.336496
ENSG00000118017.4,0.0
ENSG00000118046.18,40.90667
ENSG00000118058.25,7.487318999999999
ENSG00000118094.12,0.0
ENSG00000118096.10,5.957563
ENSG00000118113.12,1.397468
ENSG00000118137.10,0.0
ENSG00000118156.13,0.093354
ENSG00000118160.14,0.0
ENSG00000118162.14,14.448323
ENSG00000118181.11,676.248714
ENSG00000118193.12,0.0669
ENSG00000118194.22,0.0
ENSG00000118197.14,11.971973
ENSG00000118200.16,0.159337
ENSG00000118217.7,25.175599000000002
ENSG00000118231.5,0.0
ENSG00000118242.17,0.349839
ENSG00000118245.2,0.0
ENSG00000118246.14,4.093473
ENSG00000118257.17,0.18554
ENSG00000118260.15,12.862653
ENSG00000118263.16,5.396663
ENSG00000118271.12,0.0
ENSG00000118276.12,0.052485
ENSG00000118292.9,0.839567
ENSG00000118298.12,0.0
ENSG00000118307.20,0.140503
ENSG00000118308.16,53.650152
ENSG00000118322.14,0.0
ENSG00000118363.13,64.308905
ENSG00000118369.13,3.251388
ENSG00000118402.6,0.0
ENSG00000118407.15,0.0
ENSG00000118412.13,0.0
ENSG00000118418.16,8.501898
ENSG00000118420.17,1.611698
ENSG00000118432.13,0.087995
ENSG00000118434.9,0.0
ENSG00000118454.13,1.097955
ENSG00000118473.23,0.294015
ENSG00000118482.12,8.747409000000001
ENSG00000118491.10,0.0
ENSG00000118492.19,0.0
ENSG00000118495.21,11.520667
ENSG00000118496.5,0.376354
ENSG00000118503.18,12.616774
ENSG00000118507.19,3.318253
ENSG00000118508.5,71.283776
ENSG00000118513.21,1.061739
ENSG00000118514.14,0.811593
ENSG00000118515.12,34.300497
ENSG00000118518.17,17.6957
ENSG00000118520.16,2.833787
ENSG00000118523.6,0.103576
ENSG00000118526.7,0.0
ENSG00000118557.16,0.068709
ENSG00000118564.15,137.050378
ENSG00000118579.13,12.363738
ENSG00000118596.12,0.287797
ENSG00000118600.13,3.3078410000000003
ENSG00000118620.13,0.96275
ENSG00000118640.11,182.906765
ENSG00000118655.8,4.222294
ENSG00000118680.14,296.75818
ENSG00000118689.15,9.306375
ENSG00000118690.13,1.639523
ENSG00000118702.11,0.0
ENSG00000118705.18,100.506057
ENSG00000118707.11,13.98387
ENSG00000118729.15,0.0
ENSG00000118733.17,0.0
ENSG00000118762.8,1.31064
ENSG00000118777.12,0.0
ENSG00000118785.15,2.922537
ENSG00000118804.9,0.224351
ENSG00000118816.12,184.24750500000002
ENSG00000118849.10,0.0
ENSG00000118855.21,48.337561
ENSG00000118873.17,2.513
ENSG00000118894.15,7.7203040000000005
ENSG00000118898.16,0.064936
ENSG00000118900.15,43.930301
ENSG00000118903.6,0.0
ENSG00000118922.19,0.814734
ENSG00000118939.19,8.177996
ENSG00000118946.12,0.0
ENSG00000118960.13,35.573570999999994
ENSG00000118961.15,2.005652
ENSG00000118965.16,0.563476
ENSG00000118971.9,10.184519
ENSG00000118972.3,0.0
ENSG00000118976.5,0.0
ENSG00000118985.16,3.6732899999999997
ENSG00000118990.5,0.0
ENSG00000118997.14,0.0
ENSG00000119004.17,2.088518
ENSG00000119013.10,18.426578
ENSG00000119041.11,5.001858
ENSG00000119042.18,0.37156100000000003
ENSG00000119048.9,56.744901
ENSG00000119121.23,1.160576
ENSG00000119125.17,0.0
ENSG00000119138.5,0.843127
ENSG00000119139.21,4.817832
ENSG00000119147.10,1.045774
ENSG00000119185.13,38.991154
ENSG00000119203.14,12.852531
ENSG00000119227.8,1.130272
ENSG00000119231.11,7.453117
ENSG00000119242.9,4.830274
ENSG00000119280.17,1.919473
ENSG00000119283.16,0.0
ENSG00000119285.11,2.285396
ENSG00000119314.17,12.810449
ENSG00000119318.13,17.790951
ENSG00000119321.10,30.991229
ENSG00000119326.15,0.786119
ENSG00000119328.12,4.812275
ENSG00000119333.12,1.907941
ENSG00000119335.18,50.018954
ENSG00000119383.21,73.832314
ENSG00000119392.16,22.96458
ENSG00000119396.12,19.875774
ENSG00000119397.19,12.906502
ENSG00000119401.11,1.530012
ENSG00000119402.18,8.244285
ENSG00000119403.15,25.551311
ENSG00000119408.17,15.441932000000001
ENSG00000119411.11,0.219965
ENSG00000119414.12,25.562801
ENSG00000119421.7,29.06266
ENSG00000119431.10,12.804255
ENSG00000119440.8,0.0
ENSG00000119446.14,6.1454819999999994
ENSG00000119457.8,10.965173
ENSG00000119471.15,12.120496999999999
ENSG00000119487.17,33.326625
ENSG00000119508.18,0.0
ENSG00000119509.13,2.961769
ENSG00000119514.7,0.432105
ENSG00000119522.18,26.339222
ENSG00000119523.10,8.979865
ENSG00000119535.20,3327.879432
ENSG00000119537.18,8.767534000000001
ENSG00000119541.10,13.399001
ENSG00000119547.6,0.0
ENSG00000119559.17,35.974344
ENSG00000119574.13,9.137241
ENSG00000119596.18,8.499838
ENSG00000119599.18,3.9228989999999997
ENSG00000119608.15,0.157048
ENSG00000119614.3,0.0
ENSG00000119616.11,7.731065
ENSG00000119630.14,0.145995
ENSG00000119632.4,45.020175
ENSG00000119636.16,4.928679000000001
ENSG00000119638.14,19.188472
ENSG00000119640.9,2.290634
ENSG00000119650.13,9.484637
ENSG00000119655.11,717.770112
ENSG00000119660.4,0.0
ENSG00000119661.15,0.297267
ENSG00000119669.5,9.900538
ENSG00000119673.16,3.1606959999999997
ENSG00000119681.12,0.780177
ENSG00000119682.18,20.224816
ENSG00000119684.16,5.915775
ENSG00000119685.20,7.428414
ENSG00000119686.10,6.506743999999999
ENSG00000119688.21,23.71979
ENSG00000119689.15,35.582008
ENSG00000119698.12,0.060648
ENSG00000119699.8,0.416375
ENSG00000119703.15,0.499414
ENSG00000119705.10,7.089989
ENSG00000119707.14,18.013163
ENSG00000119711.13,1.567897
ENSG00000119714.11,3.610951
ENSG00000119715.15,0.0
ENSG00000119718.11,23.336681
ENSG00000119720.18,9.765062
ENSG00000119723.17,8.705903
ENSG00000119725.21,21.620779
ENSG00000119729.12,19.499121000000002
ENSG00000119737.6,0.116864
ENSG00000119760.16,15.158364
ENSG00000119771.15,0.077964
ENSG00000119772.19,11.12883
ENSG00000119777.20,41.72872
ENSG00000119778.15,1.887439
ENSG00000119782.14,11.630745000000001
ENSG00000119787.14,3.512231
ENSG00000119801.14,40.083546
ENSG00000119812.20,3.580531
ENSG00000119820.11,15.944138
ENSG00000119844.17,17.753077
ENSG00000119862.13,3.9770990000000004
ENSG00000119865.9,0.512548
ENSG00000119866.22,9.864749
ENSG00000119878.7,3.013101
ENSG00000119888.11,0.0
ENSG00000119899.13,5.521025
ENSG00000119900.9,16.049692
ENSG00000119906.13,3.683007
ENSG00000119912.18,4.759247
ENSG00000119913.6,0.0
ENSG00000119915.5,0.920013
ENSG00000119917.15,264.89732599999996
ENSG00000119919.12,0.0
ENSG00000119922.11,112.916125
ENSG00000119927.14,0.179834
ENSG00000119929.13,6.078643
ENSG00000119938.9,0.0
ENSG00000119943.13,4.237885
ENSG00000119946.12,0.0
ENSG00000119950.21,28.590871
ENSG00000119953.14,20.910362
ENSG00000119965.13,0.898576
ENSG00000119969.16,0.875057
ENSG00000119973.6,0.0
ENSG00000119977.22,8.280614
ENSG00000119979.18,28.680532999999997
ENSG00000119986.7,3.194149
ENSG00000120008.16,12.448822
ENSG00000120029.13,14.059733
ENSG00000120049.20,0.585963
ENSG00000120051.15,1.015617
ENSG00000120053.12,6.969431
ENSG00000120054.12,0.0
ENSG00000120055.7,0.0
ENSG00000120057.5,0.262892
ENSG00000120063.10,8.454912
ENSG00000120068.7,0.0
ENSG00000120071.15,2.44035
ENSG00000120075.6,0.0
ENSG00000120088.16,0.0
ENSG00000120093.12,0.643446
ENSG00000120094.9,0.0
ENSG00000120129.6,172.305539
ENSG00000120137.7,0.903915
ENSG00000120149.9,0.0
ENSG00000120156.22,0.247467
ENSG00000120158.12,4.442318
ENSG00000120159.13,2.7658120000000004
ENSG00000120160.11,0.0
ENSG00000120162.10,0.494337
ENSG00000120210.8,0.0
ENSG00000120211.4,0.0
ENSG00000120215.10,0.0
ENSG00000120217.14,6.573129
ENSG00000120235.5,0.0
ENSG00000120242.4,0.0
ENSG00000120251.22,0.0
ENSG00000120253.14,6.205255
ENSG00000120254.16,0.731665
ENSG00000120256.11,0.322886
ENSG00000120262.10,0.347712
ENSG00000120265.21,28.993403999999998
ENSG00000120278.17,0.109172
ENSG00000120279.7,0.202344
ENSG00000120280.6,13.04201
ENSG00000120289.12,0.0
ENSG00000120306.11,118.469765
ENSG00000120314.19,20.014829
ENSG00000120318.16,50.889066
ENSG00000120322.5,0.0
ENSG00000120324.9,0.0
ENSG00000120327.7,0.0
ENSG00000120328.6,0.0
ENSG00000120329.7,0.0
ENSG00000120332.17,0.0
ENSG00000120333.4,7.101942
ENSG00000120334.16,0.265245
ENSG00000120337.10,0.0
ENSG00000120341.19,0.0
ENSG00000120370.14,1.679411
ENSG00000120436.4,0.0
ENSG00000120437.9,8.516586
ENSG00000120438.12,49.291744
ENSG00000120440.15,0.0
ENSG00000120451.11,18.724774
ENSG00000120457.12,0.037828
ENSG00000120458.13,2.74774
ENSG00000120471.16,0.0
ENSG00000120498.14,0.0
ENSG00000120500.19,0.0
ENSG00000120509.12,9.579992
ENSG00000120519.16,1.012354
ENSG00000120526.12,0.65801
ENSG00000120533.13,10.751059
ENSG00000120539.15,1.727971
ENSG00000120549.19,0.026848
ENSG00000120555.16,0.0
ENSG00000120563.10,0.0
ENSG00000120594.17,26.049748
ENSG00000120616.16,12.770796
ENSG00000120645.12,0.0
ENSG00000120647.10,3.9946189999999997
ENSG00000120656.14,34.552768
ENSG00000120658.14,0.0
ENSG00000120659.16,0.0
ENSG00000120662.16,3.025223
ENSG00000120664.12,0.0
ENSG00000120669.16,0.0
ENSG00000120675.6,3.371435
ENSG00000120685.20,8.568563000000001
ENSG00000120686.12,5.475891
ENSG00000120688.9,2.024363
ENSG00000120690.17,31.58679
ENSG00000120693.16,0.0
ENSG00000120694.20,5.452396
ENSG00000120696.9,2.250356
ENSG00000120697.10,8.303025
ENSG00000120699.14,7.397726
ENSG00000120705.13,16.438367
ENSG00000120708.17,137.53697499999998
ENSG00000120709.11,56.209352
ENSG00000120725.13,20.205633000000002
ENSG00000120727.13,51.935745999999995
ENSG00000120729.10,0.0
ENSG00000120733.15,30.051340000000003
ENSG00000120738.8,1.584983
ENSG00000120742.11,53.398
ENSG00000120756.13,0.253449
ENSG00000120784.17,1.23786
ENSG00000120798.17,3.5579150000000004
ENSG00000120800.5,0.905294
ENSG00000120802.15,12.050251
ENSG00000120805.14,3.624451
ENSG00000120820.13,0.0
ENSG00000120832.11,1.460894
ENSG00000120833.14,4.49899
ENSG00000120837.8,1.941365
ENSG00000120860.11,11.943480999999998
ENSG00000120868.15,14.870156
ENSG00000120875.9,0.0
ENSG00000120885.22,175.235542
ENSG00000120889.13,64.0559
ENSG00000120896.14,18.997297000000003
ENSG00000120899.18,188.251162
ENSG00000120903.13,0.576215
ENSG00000120907.18,0.131352
ENSG00000120910.15,10.552809
ENSG00000120913.24,138.222559
ENSG00000120915.15,6.536128
ENSG00000120925.16,2.9471570000000002
ENSG00000120937.9,0.0
ENSG00000120942.14,7.185133
ENSG00000120948.19,47.729481
ENSG00000120949.15,19.878465000000002
ENSG00000120952.4,0.0
ENSG00000120963.12,55.818003000000004
ENSG00000120992.18,15.378432
ENSG00000121005.9,0.0
ENSG00000121022.14,24.915492
ENSG00000121039.10,0.590089
ENSG00000121053.6,0.0
ENSG00000121057.13,6.650033
ENSG00000121058.5,4.186999
ENSG00000121060.19,98.196367
ENSG00000121064.13,126.931526
ENSG00000121067.19,25.423362
ENSG00000121068.14,0.0
ENSG00000121073.15,28.137442
ENSG00000121075.11,0.0
ENSG00000121089.4,0.0
ENSG00000121101.16,0.048268
ENSG00000121104.8,50.279104
ENSG00000121152.10,0.0
ENSG00000121207.12,0.0
ENSG00000121210.16,26.674511
ENSG00000121211.8,0.0
ENSG00000121236.21,0.514355
ENSG00000121270.16,0.0
ENSG00000121274.14,0.592127
ENSG00000121281.13,47.741502999999994
ENSG00000121289.18,3.868286
ENSG00000121297.8,4.786984
ENSG00000121310.17,29.764749
ENSG00000121314.3,0.0
ENSG00000121316.11,293.241967
ENSG00000121318.3,0.0
ENSG00000121335.12,0.0
ENSG00000121350.16,1.259348
ENSG00000121351.8,0.0
ENSG00000121361.5,0.0
ENSG00000121377.2,0.0
ENSG00000121380.12,0.547321
ENSG00000121381.4,0.0
ENSG00000121388.7,0.0
ENSG00000121390.19,16.269516
ENSG00000121406.9,0.856526
ENSG00000121410.13,9.513106
ENSG00000121413.13,10.00394
ENSG00000121417.14,10.606179000000001
ENSG00000121440.15,0.0
ENSG00000121446.20,0.767267
ENSG00000121454.6,0.0
ENSG00000121481.12,4.235587
ENSG00000121486.12,3.465548
ENSG00000121542.12,2.372523
ENSG00000121552.4,41.875416
ENSG00000121570.13,0.233892
ENSG00000121577.14,5.2526649999999995
ENSG00000121578.13,4.794760999999999
ENSG00000121579.14,13.675141
ENSG00000121594.12,0.407819
ENSG00000121621.7,0.137845
ENSG00000121634.6,0.0
ENSG00000121644.19,3.554011
ENSG00000121653.11,1.244367
ENSG00000121671.12,11.375124
ENSG00000121680.16,47.374223
ENSG00000121690.11,0.143496
ENSG00000121691.7,204.731294
ENSG00000121716.21,83.60268
ENSG00000121741.17,6.265917999999999
ENSG00000121742.19,0.275605
ENSG00000121743.4,0.0
ENSG00000121749.16,11.382442
ENSG00000121753.13,0.6078920000000001
ENSG00000121764.12,0.0
ENSG00000121766.16,8.752998
ENSG00000121769.8,0.0
ENSG00000121774.18,40.805373
ENSG00000121775.18,20.063603
ENSG00000121797.10,7.67372
ENSG00000121807.7,34.351124999999996
ENSG00000121851.13,18.324437
ENSG00000121853.4,0.0
ENSG00000121858.11,214.206707
ENSG00000121864.10,2.111933
ENSG00000121871.4,0.0
ENSG00000121879.6,3.23771
ENSG00000121892.15,5.019444999999999
ENSG00000121895.9,2.3167720000000003
ENSG00000121897.15,3.148129
ENSG00000121898.13,0.0
ENSG00000121900.19,0.0
ENSG00000121903.15,0.240833
ENSG00000121904.19,0.0
ENSG00000121905.10,0.0
ENSG00000121931.16,4.777813
ENSG00000121933.19,0.446512
ENSG00000121940.17,2.625731
ENSG00000121957.15,0.612279
ENSG00000121964.15,5.754803
ENSG00000121966.8,315.477669
ENSG00000121988.18,0.400014
ENSG00000121989.15,1.719482
ENSG00000122008.16,1.421648
ENSG00000122012.14,0.0
ENSG00000122025.15,1.957292
ENSG00000122026.12,462.50771000000003
ENSG00000122033.15,22.539988
ENSG00000122034.17,41.096992
ENSG00000122035.7,11.186909
ENSG00000122042.10,3.771938
ENSG00000122043.13,1.7861440000000002
ENSG00000122068.13,7.218024
ENSG00000122085.17,12.83375
ENSG00000122121.12,0.570119
ENSG00000122122.10,289.660765
ENSG00000122126.18,1.797614
ENSG00000122133.17,0.0
ENSG00000122136.14,0.0
ENSG00000122140.13,21.536917
ENSG00000122145.15,0.0
ENSG00000122176.12,0.0
ENSG00000122180.5,0.0
ENSG00000122188.14,3.691153
ENSG00000122194.20,0.87192
ENSG00000122203.15,16.403545
ENSG00000122218.17,62.252611
ENSG00000122223.13,25.346724
ENSG00000122224.19,19.003258000000002
ENSG00000122254.7,0.0
ENSG00000122257.20,5.856285
ENSG00000122299.12,14.419377999999998
ENSG00000122304.11,0.0
ENSG00000122335.17,1.5588440000000001
ENSG00000122359.18,589.5348799999999
ENSG00000122367.21,0.0
ENSG00000122375.13,0.0
ENSG00000122376.12,3.4617809999999998
ENSG00000122378.14,1.925668
ENSG00000122386.11,1.752168
ENSG00000122390.19,55.159362
ENSG00000122406.14,343.792466
ENSG00000122417.16,2.346971
ENSG00000122420.10,0.160875
ENSG00000122432.19,3.55486
ENSG00000122435.11,0.757067
ENSG00000122477.14,0.348941
ENSG00000122481.17,1.030038
ENSG00000122482.22,2.434726
ENSG00000122483.18,1.785596
ENSG00000122484.9,2.0773669999999997
ENSG00000122490.19,58.617461
ENSG00000122507.21,1.697385
ENSG00000122512.17,3.392924
ENSG00000122515.16,42.635485
ENSG00000122543.11,1.763926
ENSG00000122545.22,52.264251
ENSG00000122547.12,42.141878
ENSG00000122548.6,0.0
ENSG00000122550.18,3.6778910000000002
ENSG00000122557.11,22.939701
ENSG00000122565.19,21.856025
ENSG00000122566.23,87.679836
ENSG00000122574.12,0.0
ENSG00000122584.13,0.0
ENSG00000122585.8,0.0
ENSG00000122591.13,1.689985
ENSG00000122592.8,0.0
ENSG00000122641.11,0.0
ENSG00000122642.11,2.5000660000000003
ENSG00000122643.24,17.559393
ENSG00000122644.13,4.247474
ENSG00000122674.12,15.488427
ENSG00000122678.17,25.246704
ENSG00000122679.8,0.39306
ENSG00000122687.19,11.947108
ENSG00000122691.13,0.0
ENSG00000122692.9,8.578615
ENSG00000122694.16,334.995877
ENSG00000122696.14,5.360498
ENSG00000122705.18,116.95014399999998
ENSG00000122707.12,1.21002
ENSG00000122711.9,0.0
ENSG00000122728.6,0.0
ENSG00000122729.19,4.121625
ENSG00000122733.12,0.159766
ENSG00000122735.16,0.0
ENSG00000122741.16,2.723038
ENSG00000122756.15,0.0
ENSG00000122778.10,0.0
ENSG00000122779.18,4.6990289999999995
ENSG00000122783.17,14.844517
ENSG00000122786.20,0.056674
ENSG00000122787.15,0.0
ENSG00000122824.11,0.0
ENSG00000122852.15,0.0
ENSG00000122859.5,0.0
ENSG00000122861.16,1.033357
ENSG00000122862.6,796.749553
ENSG00000122863.6,0.0
ENSG00000122870.12,0.0
ENSG00000122872.8,0.0
ENSG00000122873.12,6.9483239999999995
ENSG00000122877.18,0.398771
ENSG00000122882.11,12.231968
ENSG00000122884.13,7.3344000000000005
ENSG00000122912.15,1.073211
ENSG00000122952.17,1.185715
ENSG00000122958.15,7.771866
ENSG00000122965.11,7.348208
ENSG00000122966.18,0.0
ENSG00000122970.16,0.0
ENSG00000122971.9,20.050526
ENSG00000122986.14,87.677836
ENSG00000123009.4,0.0
ENSG00000123064.13,29.888874
ENSG00000123066.9,12.67208
ENSG00000123080.12,3.861376
ENSG00000123091.5,16.456357
ENSG00000123094.16,0.0
ENSG00000123095.6,0.062595
ENSG00000123096.12,0.106966
ENSG00000123104.12,1.8631510000000002
ENSG00000123106.11,5.110525
ENSG00000123119.12,0.0
ENSG00000123124.14,3.8516829999999995
ENSG00000123130.17,42.944989
ENSG00000123131.13,18.037786
ENSG00000123136.15,74.46194799999999
ENSG00000123143.13,144.211748
ENSG00000123144.11,237.54317600000002
ENSG00000123146.20,571.915215
ENSG00000123154.12,7.749343
ENSG00000123159.16,11.524975000000001
ENSG00000123165.9,0.0
ENSG00000123171.8,0.0
ENSG00000123178.16,0.54308
ENSG00000123179.14,7.489425
ENSG00000123191.18,1.1020370000000002
ENSG00000123200.17,3.4912549999999998
ENSG00000123201.15,0.0
ENSG00000123213.23,3.287526
ENSG00000123219.13,0.9846100000000001
ENSG00000123240.17,34.853041
ENSG00000123243.15,0.248918
ENSG00000123268.9,8.224931
ENSG00000123297.20,12.242953
ENSG00000123307.4,0.0
ENSG00000123329.20,707.978447
ENSG00000123338.13,81.420934
ENSG00000123342.16,0.900056
ENSG00000123349.15,170.822841
ENSG00000123352.18,1.261495
ENSG00000123353.10,58.937923999999995
ENSG00000123358.20,9.561604
ENSG00000123360.12,4.11672
ENSG00000123364.5,0.0
ENSG00000123374.11,3.610049
ENSG00000123384.14,32.142421
ENSG00000123388.4,0.0
ENSG00000123395.15,31.344937
ENSG00000123405.14,460.08975000000004
ENSG00000123407.4,0.0
ENSG00000123411.15,0.874554
ENSG00000123415.16,21.531127
ENSG00000123416.15,418.013257
ENSG00000123427.17,1.158146
ENSG00000123444.14,12.236525
ENSG00000123447.6,0.0
ENSG00000123453.19,1.592879
ENSG00000123454.12,0.0
ENSG00000123472.13,13.688849
ENSG00000123473.17,0.138145
ENSG00000123485.12,0.164825
ENSG00000123496.8,0.0
ENSG00000123500.10,0.143542
ENSG00000123505.20,39.653974999999996
ENSG00000123545.6,4.881718
ENSG00000123552.18,0.407837
ENSG00000123560.14,0.0
ENSG00000123561.15,0.0
ENSG00000123562.18,16.129749
ENSG00000123569.10,0.0
ENSG00000123570.4,0.062088
ENSG00000123572.17,0.0
ENSG00000123575.9,1.689333
ENSG00000123576.5,0.0
ENSG00000123584.7,0.0
ENSG00000123594.7,0.0
ENSG00000123595.8,13.918831
ENSG00000123600.21,1.643405
ENSG00000123607.16,4.136148
ENSG00000123609.11,83.953713
ENSG00000123610.5,27.072933000000003
ENSG00000123612.16,0.051328
ENSG00000123636.20,12.364593
ENSG00000123643.14,8.539396
ENSG00000123684.13,12.715978
ENSG00000123685.9,7.592973
ENSG00000123689.6,1.29982
ENSG00000123700.5,10.548849
ENSG00000123728.10,13.040292
ENSG00000123737.13,10.019171
ENSG00000123739.11,3.020604
ENSG00000123810.9,38.069899
ENSG00000123815.13,28.915295
ENSG00000123836.15,3.80417
ENSG00000123838.11,1.292189
ENSG00000123843.13,0.246972
ENSG00000123870.11,0.514526
ENSG00000123892.12,0.717017
ENSG00000123901.9,0.272062
ENSG00000123908.12,10.662129
ENSG00000123933.17,48.965767
ENSG00000123965.13,0.0
ENSG00000123975.5,4.192952
ENSG00000123977.10,0.0
ENSG00000123983.15,9.540483
ENSG00000123989.15,2.003126
ENSG00000123992.21,52.729141999999996
ENSG00000123999.5,0.0
ENSG00000124003.13,0.0
ENSG00000124006.15,0.460256
ENSG00000124019.10,1.138501
ENSG00000124067.17,11.545591
ENSG00000124074.12,8.156239
ENSG00000124089.4,0.0
ENSG00000124091.10,0.0
ENSG00000124092.13,0.0
ENSG00000124097.8,0.0
ENSG00000124098.10,166.04107199999999
ENSG00000124102.5,677.473452
ENSG00000124103.10,2.22546
ENSG00000124104.19,8.531969
ENSG00000124107.5,75.58644
ENSG00000124116.19,0.0
ENSG00000124120.11,2.007458
ENSG00000124126.14,193.01801700000001
ENSG00000124134.9,0.051145
ENSG00000124140.15,0.0
ENSG00000124143.11,0.0
ENSG00000124145.6,0.82463
ENSG00000124151.19,9.885024999999999
ENSG00000124155.19,61.764432
ENSG00000124157.7,0.0
ENSG00000124159.17,0.0
ENSG00000124160.12,16.787919
ENSG00000124164.16,8.283576
ENSG00000124171.9,0.0
ENSG00000124172.10,72.87983799999999
ENSG00000124177.16,2.754572
ENSG00000124181.15,33.079863
ENSG00000124191.18,0.732614
ENSG00000124193.16,40.332845
ENSG00000124194.17,0.0
ENSG00000124196.6,0.0
ENSG00000124198.10,1.2921770000000001
ENSG00000124201.15,41.448195
ENSG00000124203.7,1.1587560000000001
ENSG00000124205.18,0.104551
ENSG00000124207.17,10.148263
ENSG00000124208.16,1.682368
ENSG00000124209.4,3.1730140000000002
ENSG00000124212.6,0.0
ENSG00000124214.21,23.634567999999998
ENSG00000124215.17,0.727281
ENSG00000124216.4,0.587641
ENSG00000124217.5,1.355417
ENSG00000124222.23,37.635825
ENSG00000124224.20,0.255537
ENSG00000124225.16,0.462324
ENSG00000124226.11,42.006341
ENSG00000124227.6,0.069137
ENSG00000124228.15,23.964039999999997
ENSG00000124232.11,0.0
ENSG00000124233.12,0.466311
ENSG00000124237.6,0.0
ENSG00000124243.19,4.046647
ENSG00000124249.7,0.0
ENSG00000124251.11,0.0
ENSG00000124253.11,0.0
ENSG00000124256.15,100.094408
ENSG00000124257.7,0.662191
ENSG00000124260.12,0.0
ENSG00000124275.15,3.4069900000000004
ENSG00000124279.12,2.557674
ENSG00000124299.16,51.263962
ENSG00000124302.13,0.9207139999999999
ENSG00000124313.19,11.999278
ENSG00000124333.16,6.014941
ENSG00000124334.19,2.366309
ENSG00000124343.14,0.0
ENSG00000124356.17,14.583471
ENSG00000124357.13,568.242402
ENSG00000124370.11,1.7453319999999999
ENSG00000124374.9,0.545862
ENSG00000124380.11,13.037653
ENSG00000124383.11,6.610309
ENSG00000124391.5,0.0
ENSG00000124399.4,0.0
ENSG00000124406.17,1.3443779999999999
ENSG00000124422.12,27.376317
ENSG00000124429.18,0.0
ENSG00000124440.16,0.0
ENSG00000124444.16,6.9254739999999995
ENSG00000124449.7,0.0
ENSG00000124459.12,1.797812
ENSG00000124466.9,1.379639
ENSG00000124467.20,0.0
ENSG00000124469.12,0.840401
ENSG00000124479.11,0.0
ENSG00000124486.15,17.0522
ENSG00000124490.14,0.0
ENSG00000124491.16,43.602175
ENSG00000124493.14,0.0
ENSG00000124496.13,7.386055000000001
ENSG00000124507.11,0.99107
ENSG00000124508.17,15.305845999999999
ENSG00000124523.17,5.141907
ENSG00000124532.15,2.36172
ENSG00000124535.16,15.654223
ENSG00000124541.7,28.361373999999998
ENSG00000124549.17,0.642788
ENSG00000124557.14,0.0
ENSG00000124562.10,82.886698
ENSG00000124564.17,0.0
ENSG00000124568.12,0.0
ENSG00000124570.21,88.814113
ENSG00000124571.18,7.025396
ENSG00000124574.16,15.870048
ENSG00000124575.7,0.380589
ENSG00000124587.14,15.100949
ENSG00000124588.22,72.108638
ENSG00000124593.16,1.981428
ENSG00000124596.17,8.295322
ENSG00000124602.11,2.501198
ENSG00000124608.5,3.860922
ENSG00000124610.5,0.0
ENSG00000124613.9,0.173201
ENSG00000124614.17,590.901154
ENSG00000124615.21,0.173044
ENSG00000124635.10,15.128215
ENSG00000124641.16,5.325013
ENSG00000124657.1,1.18545
ENSG00000124659.7,30.968686
ENSG00000124664.11,0.0
ENSG00000124678.20,0.0
ENSG00000124688.14,24.158614
ENSG00000124701.6,0.0
ENSG00000124702.19,59.871473
ENSG00000124713.6,5.028854
ENSG00000124721.18,0.032515
ENSG00000124731.14,407.114523
ENSG00000124733.5,66.845352
ENSG00000124743.6,0.0
ENSG00000124749.18,0.0
ENSG00000124762.15,32.806408
ENSG00000124766.7,0.617826
ENSG00000124767.7,10.894469
ENSG00000124772.12,8.828258
ENSG00000124780.14,0.834366
ENSG00000124782.21,3.5185370000000002
ENSG00000124783.14,40.623193
ENSG00000124784.9,5.108663
ENSG00000124785.9,1.629583
ENSG00000124786.13,4.290942
ENSG00000124787.14,0.523001
ENSG00000124788.19,10.121995
ENSG00000124789.12,8.632642
ENSG00000124795.17,11.943519
ENSG00000124802.12,1.443139
ENSG00000124812.15,0.0
ENSG00000124813.23,4.518986
ENSG00000124818.16,0.0
ENSG00000124827.7,0.0
ENSG00000124831.20,50.397701
ENSG00000124835.2,0.0
ENSG00000124839.13,0.0
ENSG00000124875.10,0.608636
ENSG00000124882.4,0.050254
ENSG00000124900.12,0.0
ENSG00000124915.11,0.0
ENSG00000124920.14,0.30936
ENSG00000124935.4,0.0
ENSG00000124939.6,0.0
ENSG00000124942.14,33.287307
ENSG00000125037.13,111.745251
ENSG00000125046.16,0.0
ENSG00000125084.13,0.3987
ENSG00000125089.18,42.224411
ENSG00000125107.19,89.78377300000001
ENSG00000125122.19,0.484063
ENSG00000125124.14,8.499763
ENSG00000125144.14,1.026637
ENSG00000125148.7,669.535702
ENSG00000125149.12,13.51712
ENSG00000125166.13,14.369218
ENSG00000125170.11,2.7032439999999998
ENSG00000125207.7,0.0
ENSG00000125245.14,3.701791
ENSG00000125246.16,3.8411999999999997
ENSG00000125247.16,0.9013650000000001
ENSG00000125249.7,1.329992
ENSG00000125255.7,0.0
ENSG00000125257.16,1.0286810000000002
ENSG00000125266.8,0.0
ENSG00000125285.6,0.0
ENSG00000125304.10,61.708107
ENSG00000125319.15,0.106863
ENSG00000125337.21,0.0
ENSG00000125347.15,966.494606
ENSG00000125351.14,1.763264
ENSG00000125352.6,32.289283
ENSG00000125354.24,119.013865
ENSG00000125355.16,0.082722
ENSG00000125356.7,93.140602
ENSG00000125363.14,0.0
ENSG00000125375.18,2.162561
ENSG00000125378.16,0.0
ENSG00000125384.8,13.03272
ENSG00000125385.9,0.0
ENSG00000125386.16,7.962028
ENSG00000125388.20,0.676939
ENSG00000125398.8,0.0
ENSG00000125409.13,0.0
ENSG00000125414.19,0.0
ENSG00000125430.9,0.908613
ENSG00000125434.11,7.087855
ENSG00000125445.11,27.218376
ENSG00000125447.18,48.369468
ENSG00000125449.7,18.401754
ENSG00000125450.11,30.266884
ENSG00000125454.12,8.471820000000001
ENSG00000125457.15,41.022146
ENSG00000125458.7,42.510535000000004
ENSG00000125459.18,10.050922
ENSG00000125462.21,1.44902
ENSG00000125482.13,5.809872
ENSG00000125484.12,1.105394
ENSG00000125485.18,2.073147
ENSG00000125492.11,0.0
ENSG00000125498.20,0.0
ENSG00000125503.13,117.142844
ENSG00000125505.17,488.001848
ENSG00000125508.4,0.0
ENSG00000125510.18,6.748217
ENSG00000125514.10,0.0
ENSG00000125520.14,53.984863000000004
ENSG00000125522.4,0.191617
ENSG00000125531.7,0.241428
ENSG00000125533.6,0.0
ENSG00000125534.11,304.335601
ENSG00000125538.12,73.45366600000001
ENSG00000125551.19,0.272718
ENSG00000125571.10,0.0
ENSG00000125611.16,44.386863
ENSG00000125618.18,0.459483
ENSG00000125629.16,0.989354
ENSG00000125630.16,3.244933
ENSG00000125631.8,0.0
ENSG00000125633.11,9.806059000000001
ENSG00000125637.16,155.802312
ENSG00000125648.15,3.4880899999999997
ENSG00000125650.5,0.776988
ENSG00000125651.14,42.847333
ENSG00000125652.8,70.814768
ENSG00000125656.12,55.040454999999994
ENSG00000125657.5,0.154144
ENSG00000125675.20,0.0
ENSG00000125676.20,11.296344000000001
ENSG00000125686.12,3.584507
ENSG00000125691.15,131.787056
ENSG00000125695.12,0.0
ENSG00000125703.15,1.9707
ENSG00000125726.11,1.236551
ENSG00000125730.18,4.441008999999999
ENSG00000125731.13,9.466775
ENSG00000125733.18,1.700465
ENSG00000125734.16,107.567591
ENSG00000125735.12,30.143836
ENSG00000125740.15,0.775214
ENSG00000125741.6,4.225424
ENSG00000125743.11,75.779265
ENSG00000125744.12,12.336657
ENSG00000125746.18,21.320869000000002
ENSG00000125753.15,699.2945480000001
ENSG00000125755.20,45.230763
ENSG00000125772.15,25.314830999999998
ENSG00000125775.15,1.640629
ENSG00000125779.24,42.912007
ENSG00000125780.12,9.447665
ENSG00000125787.11,0.0
ENSG00000125788.6,0.0
ENSG00000125798.15,0.0
ENSG00000125804.15,2.637171
ENSG00000125810.11,57.188065
ENSG00000125812.16,1.56394
ENSG00000125813.15,0.0
ENSG00000125814.17,2.90422
ENSG00000125815.9,0.0
ENSG00000125816.5,0.0
ENSG00000125817.8,27.5792
ENSG00000125818.18,248.610454
ENSG00000125820.6,0.0
ENSG00000125821.13,3.760573
ENSG00000125823.13,0.704628
ENSG00000125826.22,209.54786900000002
ENSG00000125827.9,16.38547
ENSG00000125831.10,0.0
ENSG00000125834.13,12.005537
ENSG00000125835.20,246.91928900000002
ENSG00000125841.14,1.379033
ENSG00000125843.12,7.2774
ENSG00000125844.17,15.814741000000001
ENSG00000125845.7,0.066291
ENSG00000125846.17,4.3484110000000005
ENSG00000125848.10,0.0
ENSG00000125850.11,0.0
ENSG00000125851.10,0.0
ENSG00000125861.16,0.0
ENSG00000125863.20,6.974249
ENSG00000125864.14,0.831601
ENSG00000125868.16,18.464805
ENSG00000125869.10,1.92327
ENSG00000125870.11,25.038677
ENSG00000125871.14,10.326127
ENSG00000125872.9,0.0
ENSG00000125875.15,16.439853
ENSG00000125877.13,50.67544
ENSG00000125878.7,0.0
ENSG00000125879.5,0.0
ENSG00000125885.13,0.33521
ENSG00000125888.15,0.0
ENSG00000125895.6,0.0
ENSG00000125898.13,52.502767
ENSG00000125899.9,0.0
ENSG00000125900.13,8.03615
ENSG00000125901.6,20.786353
ENSG00000125903.4,0.0
ENSG00000125910.6,323.380342
ENSG00000125912.11,42.654429
ENSG00000125931.11,0.0
ENSG00000125944.22,29.262893
ENSG00000125945.16,1.584212
ENSG00000125952.21,170.37781
ENSG00000125954.13,0.0
ENSG00000125962.16,0.861531
ENSG00000125965.9,0.0
ENSG00000125966.10,0.0
ENSG00000125967.17,5.741999
ENSG00000125968.10,0.56201
ENSG00000125970.12,253.937557
ENSG00000125971.18,244.755434
ENSG00000125975.14,0.0
ENSG00000125977.7,19.467109
ENSG00000125991.21,127.846733
ENSG00000125995.16,68.747163
ENSG00000125997.6,0.0
ENSG00000125998.8,0.0
ENSG00000125999.11,0.0
ENSG00000126001.17,11.35576
ENSG00000126003.7,14.29858
ENSG00000126005.17,71.879532
ENSG00000126010.6,0.099899
ENSG00000126012.14,55.031238
ENSG00000126016.17,0.232366
ENSG00000126062.4,26.464081
ENSG00000126067.12,54.078376
ENSG00000126070.20,1.874631
ENSG00000126088.14,60.126121
ENSG00000126091.21,4.03118
ENSG00000126106.14,5.62889
ENSG00000126107.15,25.389006
ENSG00000126214.22,82.541706
ENSG00000126215.14,8.237216
ENSG00000126216.15,20.562532
ENSG00000126217.22,1.2527469999999998
ENSG00000126218.12,0.0
ENSG00000126226.22,14.655612999999999
ENSG00000126231.15,0.0
ENSG00000126233.2,0.0
ENSG00000126243.9,1.066574
ENSG00000126246.10,129.521591
ENSG00000126247.11,858.9284660000001
ENSG00000126249.8,2.10447
ENSG00000126251.7,0.199593
ENSG00000126254.12,67.92901800000001
ENSG00000126259.20,0.079726
ENSG00000126261.13,18.387670999999997
ENSG00000126262.5,293.441547
ENSG00000126264.10,493.180976
ENSG00000126266.4,0.0
ENSG00000126267.11,766.812947
ENSG00000126337.14,0.148381
ENSG00000126351.13,7.217334
ENSG00000126353.4,84.725057
ENSG00000126368.6,2.735131
ENSG00000126391.14,23.43681
ENSG00000126432.14,299.570104
ENSG00000126453.11,16.406627
ENSG00000126456.16,149.81065900000002
ENSG00000126457.22,59.29342200000001
ENSG00000126458.4,63.498178
ENSG00000126460.11,0.908953
ENSG00000126461.15,18.549243
ENSG00000126464.15,5.507642
ENSG00000126467.11,0.0
ENSG00000126500.5,0.0
ENSG00000126522.17,37.912473
ENSG00000126524.12,6.762491
ENSG00000126545.14,0.0
ENSG00000126549.11,0.0
ENSG00000126550.10,0.0
ENSG00000126561.18,79.59153
ENSG00000126562.17,0.0
ENSG00000126581.13,73.386241
ENSG00000126583.12,0.0
ENSG00000126602.11,17.82394
ENSG00000126603.9,0.419876
ENSG00000126653.18,8.124975
ENSG00000126698.11,33.74037
ENSG00000126705.15,1.713442
ENSG00000126709.16,600.910294
ENSG00000126733.22,0.0
ENSG00000126746.19,42.592076
ENSG00000126749.17,2.776438
ENSG00000126752.8,0.0
ENSG00000126756.12,143.935294
ENSG00000126759.14,989.3922580000001
ENSG00000126767.19,12.060677
ENSG00000126768.13,98.426792
ENSG00000126773.13,9.258408
ENSG00000126775.9,2.813621
ENSG00000126777.18,5.734509
ENSG00000126778.12,0.0
ENSG00000126785.13,0.264298
ENSG00000126787.13,0.165322
ENSG00000126790.12,5.235559
ENSG00000126803.10,0.043146
ENSG00000126804.14,6.0504999999999995
ENSG00000126814.7,0.784192
ENSG00000126821.8,0.989774
ENSG00000126822.18,70.337423
ENSG00000126838.10,0.0
ENSG00000126856.16,0.098789
ENSG00000126858.19,12.332601
ENSG00000126860.12,27.647642
ENSG00000126861.5,0.160314
ENSG00000126870.16,2.874999
ENSG00000126878.13,0.143774
ENSG00000126882.14,43.03703999999999
ENSG00000126883.19,268.012376
ENSG00000126890.14,0.373966
ENSG00000126895.16,0.157754
ENSG00000126903.16,34.207543
ENSG00000126934.15,153.64818300000002
ENSG00000126945.9,36.135044
ENSG00000126947.13,0.346763
ENSG00000126950.8,0.0
ENSG00000126952.19,0.0
ENSG00000126953.8,1.8066300000000002
ENSG00000126970.17,3.378662
ENSG00000127022.16,0.311744
ENSG00000127054.22,69.899513
ENSG00000127074.15,0.0
ENSG00000127080.10,3.407174
ENSG00000127081.15,1.1874
ENSG00000127083.8,0.053794
ENSG00000127084.19,313.44228899999996
ENSG00000127124.16,4.35398
ENSG00000127125.9,37.072869
ENSG00000127129.10,0.0
ENSG00000127152.18,4.768818
ENSG00000127184.13,48.607447
ENSG00000127191.19,12.950529000000001
ENSG00000127220.6,14.297694
ENSG00000127241.18,0.0
ENSG00000127249.15,0.185745
ENSG00000127252.7,0.725152
ENSG00000127311.10,0.933296
ENSG00000127314.18,80.792315
ENSG00000127318.11,0.0
ENSG00000127324.9,0.0
ENSG00000127325.19,0.0
ENSG00000127328.22,5.185802
ENSG00000127329.16,0.036712
ENSG00000127334.11,3.768553
ENSG00000127337.7,3.34096
ENSG00000127362.2,0.0
ENSG00000127364.4,0.184231
ENSG00000127366.5,0.231778
ENSG00000127377.10,0.0
ENSG00000127399.15,8.005904
ENSG00000127412.7,0.115288
ENSG00000127415.13,12.555819
ENSG00000127418.15,2.369506
ENSG00000127419.17,55.489368999999996
ENSG00000127423.11,0.0
ENSG00000127445.14,61.495504000000004
ENSG00000127452.9,10.248634
ENSG00000127463.16,2.854824
ENSG00000127472.11,0.0
ENSG00000127481.15,82.27309299999999
ENSG00000127483.20,30.402904
ENSG00000127507.18,64.61708
ENSG00000127511.10,33.563913
ENSG00000127515.3,0.0
ENSG00000127526.15,9.721193999999999
ENSG00000127527.15,48.766762
ENSG00000127528.6,155.397881
ENSG00000127529.7,0.0
ENSG00000127530.4,0.062011
ENSG00000127533.4,0.212229
ENSG00000127540.12,100.157852
ENSG00000127554.13,15.243624
ENSG00000127561.16,0.484788
ENSG00000127564.17,2.073919
ENSG00000127578.7,0.332037
ENSG00000127580.17,6.911646
ENSG00000127585.13,6.869948
ENSG00000127586.17,7.233674
ENSG00000127588.5,0.0
ENSG00000127589.5,0.197621
ENSG00000127603.32,23.180212
ENSG00000127616.22,23.434987
ENSG00000127663.16,34.93887
ENSG00000127666.11,14.676549
ENSG00000127720.8,2.374734
ENSG00000127743.6,0.0
ENSG00000127774.7,20.129763
ENSG00000127780.3,0.0
ENSG00000127804.13,7.475517
ENSG00000127824.15,408.007563
ENSG00000127831.11,1.3839160000000001
ENSG00000127837.10,73.63474500000001
ENSG00000127838.15,50.206288
ENSG00000127863.16,0.056144
ENSG00000127870.17,3.808652
ENSG00000127884.5,51.130168
ENSG00000127903.14,0.682663
ENSG00000127914.19,5.707209
ENSG00000127920.6,4.404932
ENSG00000127922.10,16.90285
ENSG00000127928.13,0.0
ENSG00000127946.17,13.995767
ENSG00000127947.16,27.411708
ENSG00000127948.17,58.320119
ENSG00000127951.8,135.877746
ENSG00000127952.17,41.724641
ENSG00000127954.13,28.608065000000003
ENSG00000127955.17,0.254465
ENSG00000127957.21,0.0
ENSG00000127980.16,4.610507
ENSG00000127989.14,4.3522300000000005
ENSG00000127990.19,0.0
ENSG00000127993.16,3.163203
ENSG00000127995.17,0.832268
ENSG00000128000.17,0.0
ENSG00000128011.5,15.135419
ENSG00000128016.8,237.609631
ENSG00000128039.13,11.166192
ENSG00000128040.13,0.0
ENSG00000128045.7,0.0
ENSG00000128050.9,4.80281
ENSG00000128052.10,0.0
ENSG00000128059.8,0.70058
ENSG00000128159.12,31.197789999999998
ENSG00000128165.9,0.349696
ENSG00000128185.10,53.372318
ENSG00000128191.17,9.892213
ENSG00000128203.7,8.462955
ENSG00000128218.8,14.219116
ENSG00000128228.5,24.579229
ENSG00000128242.13,0.0
ENSG00000128245.15,51.263006000000004
ENSG00000128250.5,0.0
ENSG00000128253.16,0.177394
ENSG00000128254.17,0.0
ENSG00000128262.9,0.0
ENSG00000128266.9,3.433395
ENSG00000128268.12,0.8456990000000001
ENSG00000128271.22,29.606538999999998
ENSG00000128272.19,155.568369
ENSG00000128274.17,0.0
ENSG00000128276.10,0.0
ENSG00000128283.7,6.704616
ENSG00000128284.21,115.74794599999998
ENSG00000128285.5,0.0
ENSG00000128294.16,42.260844
ENSG00000128298.18,0.9537180000000001
ENSG00000128309.18,31.600264
ENSG00000128310.3,0.0
ENSG00000128311.14,59.262102999999996
ENSG00000128313.2,0.0
ENSG00000128322.7,0.0
ENSG00000128335.14,175.177042
ENSG00000128340.16,1456.6877350000002
ENSG00000128342.5,0.0
ENSG00000128346.11,0.0
ENSG00000128383.14,680.980066
ENSG00000128394.17,10.186272
ENSG00000128408.9,0.0
ENSG00000128422.18,0.0
ENSG00000128438.11,0.0
ENSG00000128463.13,46.869304
ENSG00000128482.16,0.521772
ENSG00000128487.19,15.27871
ENSG00000128510.12,0.0
ENSG00000128512.24,2.430469
ENSG00000128513.16,2.679419
ENSG00000128519.3,0.0
ENSG00000128524.5,251.414486
ENSG00000128534.8,2.529632
ENSG00000128536.16,0.178265
ENSG00000128563.13,19.423547
ENSG00000128564.8,0.0
ENSG00000128567.17,0.038363
ENSG00000128573.28,0.0
ENSG00000128578.10,0.562532
ENSG00000128581.17,0.144657
ENSG00000128585.18,9.216785999999999
ENSG00000128590.5,2.606744
ENSG00000128591.17,0.0
ENSG00000128594.8,14.908471
ENSG00000128595.17,10.400834
ENSG00000128596.17,0.77807
ENSG00000128602.11,0.11745
ENSG00000128604.21,89.948388
ENSG00000128606.13,0.0
ENSG00000128607.14,4.691927
ENSG00000128609.16,1.277591
ENSG00000128610.12,0.0
ENSG00000128617.3,0.0
ENSG00000128626.12,43.437065
ENSG00000128641.19,0.097233
ENSG00000128645.15,0.0
ENSG00000128652.12,0.0
ENSG00000128654.14,2.820026
ENSG00000128655.19,0.0
ENSG00000128656.15,0.8401890000000001
ENSG00000128683.14,0.0
ENSG00000128692.8,0.0
ENSG00000128694.12,2.201282
ENSG00000128699.15,33.275434000000004
ENSG00000128708.13,0.0
ENSG00000128709.13,0.0
ENSG00000128710.6,0.0
ENSG00000128713.14,0.0
ENSG00000128714.6,0.0
ENSG00000128731.18,3.677715
ENSG00000128739.23,51.057139
ENSG00000128789.22,55.403888
ENSG00000128791.12,0.187416
ENSG00000128805.15,1.183825
ENSG00000128815.20,27.832829
ENSG00000128829.12,4.117651
ENSG00000128833.13,0.229318
ENSG00000128849.11,0.0
ENSG00000128872.10,3.771134
ENSG00000128881.18,0.94834
ENSG00000128886.12,1.239991
ENSG00000128891.17,14.346952
ENSG00000128908.19,10.133747999999999
ENSG00000128915.12,2.836523
ENSG00000128917.8,0.137461
ENSG00000128918.15,1.996581
ENSG00000128923.11,0.417164
ENSG00000128928.10,15.642318
ENSG00000128944.14,5.034233
ENSG00000128951.14,24.191932
ENSG00000128965.13,0.0
ENSG00000128973.13,16.338531
ENSG00000128989.11,12.082362
ENSG00000129003.19,9.525727
ENSG00000129007.16,11.696089
ENSG00000129009.13,0.0
ENSG00000129028.9,0.0
ENSG00000129038.16,0.898703
ENSG00000129048.7,0.104946
ENSG00000129055.13,28.075265
ENSG00000129071.10,27.62535
ENSG00000129083.13,29.886772999999998
ENSG00000129084.19,73.54208700000001
ENSG00000129103.19,45.509625
ENSG00000129116.20,0.899684
ENSG00000129128.13,16.017478
ENSG00000129151.9,0.0
ENSG00000129152.4,0.0
ENSG00000129158.11,12.886668
ENSG00000129159.9,0.0
ENSG00000129167.11,0.234963
ENSG00000129170.10,0.0
ENSG00000129173.13,0.068603
ENSG00000129187.15,26.269859999999998
ENSG00000129194.8,1.036249
ENSG00000129195.16,0.635965
ENSG00000129197.15,9.920256
ENSG00000129204.17,0.365992
ENSG00000129214.15,0.0
ENSG00000129219.14,13.556619
ENSG00000129221.16,0.353707
ENSG00000129226.14,553.908022
ENSG00000129235.11,19.925577
ENSG00000129244.9,0.0
ENSG00000129245.13,18.784225
ENSG00000129250.12,16.106243
ENSG00000129255.16,61.641395
ENSG00000129292.21,7.334378
ENSG00000129295.10,3.456513
ENSG00000129315.12,3.712125
ENSG00000129317.15,0.398848
ENSG00000129347.21,16.790428
ENSG00000129351.18,48.498289
ENSG00000129353.15,302.408994
ENSG00000129354.12,3.554901
ENSG00000129355.7,138.925311
ENSG00000129422.15,0.192835
ENSG00000129437.11,0.51572
ENSG00000129450.10,85.966431
ENSG00000129451.12,0.0
ENSG00000129455.16,0.0
ENSG00000129460.17,9.549458
ENSG00000129465.16,51.633853
ENSG00000129467.14,8.067246
ENSG00000129472.15,4.817864
ENSG00000129473.11,1.7843
ENSG00000129474.17,0.090503
ENSG00000129480.14,1.549447
ENSG00000129484.14,2.912836
ENSG00000129493.15,2.8122670000000003
ENSG00000129514.8,0.0
ENSG00000129515.20,23.376015
ENSG00000129518.10,29.588755
ENSG00000129521.15,3.519566
ENSG00000129534.14,5.926926
ENSG00000129535.13,0.8037359999999999
ENSG00000129538.14,0.77041
ENSG00000129559.13,242.847275
ENSG00000129562.11,250.126874
ENSG00000129566.13,29.649262
ENSG00000129595.14,0.361255
ENSG00000129596.5,0.16189
ENSG00000129625.13,83.942329
ENSG00000129636.13,14.053109
ENSG00000129646.16,1.499292
ENSG00000129654.8,0.092808
ENSG00000129657.16,188.792106
ENSG00000129667.13,96.879394
ENSG00000129673.10,0.0
ENSG00000129675.16,25.211931
ENSG00000129680.16,1.590366
ENSG00000129682.16,0.522696
ENSG00000129691.16,22.539811
ENSG00000129696.13,9.906587
ENSG00000129744.3,0.0
ENSG00000129749.3,2.048559
ENSG00000129757.15,20.193823000000002
ENSG00000129810.15,0.125084
ENSG00000129816.6,0.0
ENSG00000129824.16,0.0
ENSG00000129845.6,0.0
ENSG00000129862.7,0.0
ENSG00000129864.7,0.0
ENSG00000129873.8,0.0
ENSG00000129910.8,0.0
ENSG00000129911.9,16.253065
ENSG00000129925.11,88.991941
ENSG00000129932.10,3.678646
ENSG00000129933.21,52.793586
ENSG00000129946.11,0.163558
ENSG00000129951.19,0.0
ENSG00000129965.15,0.0
ENSG00000129968.17,101.255042
ENSG00000129988.6,0.0
ENSG00000129990.15,0.0
ENSG00000129991.14,0.391998
ENSG00000129993.15,31.762032
ENSG00000130005.13,6.178016
ENSG00000130021.15,14.696900999999999
ENSG00000130023.16,2.320937
ENSG00000130024.15,10.300307
ENSG00000130032.17,0.0
ENSG00000130035.9,0.617431
ENSG00000130037.5,0.0
ENSG00000130038.10,5.295172
ENSG00000130045.17,0.0
ENSG00000130052.14,3.313952
ENSG00000130054.5,0.046933
ENSG00000130055.14,0.0
ENSG00000130066.17,749.038172
ENSG00000130119.17,4.996884
ENSG00000130147.16,0.183244
ENSG00000130150.12,12.585552999999999
ENSG00000130158.14,0.311994
ENSG00000130159.15,41.150726999999996
ENSG00000130164.16,1.958938
ENSG00000130165.11,100.70905300000001
ENSG00000130167.14,0.0
ENSG00000130173.14,0.919947
ENSG00000130175.10,203.257142
ENSG00000130176.8,0.0
ENSG00000130177.16,20.391441
ENSG00000130182.8,0.0
ENSG00000130193.8,9.002362999999999
ENSG00000130202.10,7.139255
ENSG00000130203.10,0.228209
ENSG00000130204.13,19.187795
ENSG00000130208.10,0.0
ENSG00000130222.11,3.6117980000000003
ENSG00000130224.15,0.0
ENSG00000130226.18,0.0
ENSG00000130227.17,15.486669
ENSG00000130234.13,0.0
ENSG00000130244.13,19.056963
ENSG00000130254.13,52.989161
ENSG00000130255.13,757.183549
ENSG00000130270.16,1.450408
ENSG00000130283.9,0.0
ENSG00000130287.14,0.0
ENSG00000130294.18,0.0
ENSG00000130299.17,7.385982
ENSG00000130300.9,5.297308
ENSG00000130303.14,327.827574
ENSG00000130304.17,13.432786
ENSG00000130305.17,39.80937900000001
ENSG00000130307.12,0.06526
ENSG00000130309.12,58.255333
ENSG00000130311.11,33.078504
ENSG00000130312.7,47.29638
ENSG00000130313.7,211.080462
ENSG00000130332.15,56.890302
ENSG00000130338.13,0.634226
ENSG00000130340.17,6.3428
ENSG00000130347.13,3.143547
ENSG00000130348.11,2.839486
ENSG00000130349.10,2.451563
ENSG00000130363.14,1.168959
ENSG00000130368.7,0.069108
ENSG00000130377.14,0.0
ENSG00000130382.9,40.949114
ENSG00000130383.7,0.0
ENSG00000130385.6,0.0
ENSG00000130396.22,0.966872
ENSG00000130402.14,152.423282
ENSG00000130413.16,0.247798
ENSG00000130414.13,45.019048999999995
ENSG00000130427.3,0.0
ENSG00000130429.16,918.8102269999999
ENSG00000130433.8,3.018173
ENSG00000130449.6,4.048191
ENSG00000130475.16,61.961234000000005
ENSG00000130477.16,0.0
ENSG00000130479.11,40.543339
ENSG00000130487.9,5.723839
ENSG00000130508.11,0.0
ENSG00000130511.16,71.29875
ENSG00000130513.7,0.220511
ENSG00000130517.14,10.613565000000001
ENSG00000130518.18,3.996603
ENSG00000130520.11,61.534251
ENSG00000130522.6,128.57266900000002
ENSG00000130528.12,0.0
ENSG00000130529.16,3.76771
ENSG00000130538.6,0.0
ENSG00000130540.14,0.108586
ENSG00000130544.12,0.801858
ENSG00000130545.16,0.0
ENSG00000130558.20,1.449096
ENSG00000130559.19,1.767891
ENSG00000130560.9,32.78133
ENSG00000130561.17,0.685232
ENSG00000130584.12,0.710427
ENSG00000130589.16,58.150209000000004
ENSG00000130590.14,8.991378000000001
ENSG00000130592.17,1181.477802
ENSG00000130595.20,6.234072
ENSG00000130598.17,35.722378
ENSG00000130600.23,0.0
ENSG00000130612.17,0.0
ENSG00000130635.17,0.053884
ENSG00000130638.18,29.811069
ENSG00000130640.15,53.770101
ENSG00000130643.9,0.752163
ENSG00000130649.10,0.299966
ENSG00000130653.16,1.236708
ENSG00000130656.6,0.0
ENSG00000130669.17,6.578368
ENSG00000130675.15,0.0
ENSG00000130684.14,9.448223
ENSG00000130695.16,8.841083
ENSG00000130699.20,6.292287
ENSG00000130700.7,0.0
ENSG00000130701.4,0.0
ENSG00000130702.15,1.242835
ENSG00000130703.17,41.786465
ENSG00000130706.13,118.51503400000001
ENSG00000130707.18,0.467889
ENSG00000130711.5,0.0
ENSG00000130713.17,6.330665
ENSG00000130714.19,11.632604
ENSG00000130717.13,20.615352
ENSG00000130720.13,0.0
ENSG00000130724.10,432.213683
ENSG00000130725.8,90.153659
ENSG00000130726.12,245.92530299999999
ENSG00000130731.16,74.911372
ENSG00000130733.11,18.906697
ENSG00000130734.10,37.780575
ENSG00000130741.11,57.392877
ENSG00000130748.7,13.440219
ENSG00000130749.10,10.90571
ENSG00000130751.10,0.580353
ENSG00000130755.13,502.4017339999999
ENSG00000130758.8,6.54404
ENSG00000130762.15,0.0
ENSG00000130764.10,18.861348
ENSG00000130766.5,8.904736
ENSG00000130768.15,1.450354
ENSG00000130770.18,49.941569
ENSG00000130772.14,18.74231
ENSG00000130775.16,475.721411
ENSG00000130779.22,12.566893
ENSG00000130783.14,0.41286500000000004
ENSG00000130787.14,10.975079
ENSG00000130803.15,12.972352
ENSG00000130810.20,16.301085999999998
ENSG00000130811.12,274.774839
ENSG00000130812.11,0.80128
ENSG00000130813.18,80.350995
ENSG00000130816.17,25.477499
ENSG00000130818.12,1.418218
ENSG00000130821.17,15.073863000000001
ENSG00000130822.16,0.0
ENSG00000130826.19,10.748413
ENSG00000130827.6,6.230386
ENSG00000130829.18,0.0
ENSG00000130830.15,173.352058
ENSG00000130844.19,1.5042710000000001
ENSG00000130856.18,0.624556
ENSG00000130876.11,0.0
ENSG00000130881.14,10.419439
ENSG00000130921.9,5.431055000000001
ENSG00000130935.10,8.596833
ENSG00000130939.20,26.48244
ENSG00000130940.15,3.0654760000000003
ENSG00000130943.7,0.0
ENSG00000130948.10,0.0
ENSG00000130950.15,0.0
ENSG00000130956.14,2.169419
ENSG00000130957.5,0.0
ENSG00000130958.13,9.671140000000001
ENSG00000130962.19,0.052822
ENSG00000130985.17,168.628707
ENSG00000130988.13,0.0
ENSG00000130997.16,0.05871
ENSG00000131002.15,0.0
ENSG00000131007.10,0.0
ENSG00000131013.4,3.214795
ENSG00000131015.5,0.0
ENSG00000131016.17,0.322371
ENSG00000131018.25,18.312545
ENSG00000131019.11,0.556744
ENSG00000131023.13,1.4726519999999999
ENSG00000131037.15,0.44322
ENSG00000131042.15,0.57063
ENSG00000131043.13,25.487363
ENSG00000131044.19,0.0
ENSG00000131050.11,0.0
ENSG00000131051.24,139.645742
ENSG00000131055.5,0.0
ENSG00000131059.12,0.0
ENSG00000131061.15,8.282081
ENSG00000131067.17,8.261904
ENSG00000131068.4,0.0
ENSG00000131069.20,39.143384
ENSG00000131080.15,0.0
ENSG00000131089.17,2.406635
ENSG00000131094.5,0.0
ENSG00000131095.14,0.0
ENSG00000131096.11,0.0
ENSG00000131097.7,0.0
ENSG00000131100.13,129.742494
ENSG00000131115.16,3.870197
ENSG00000131116.12,10.489042999999999
ENSG00000131126.19,0.25786
ENSG00000131127.14,2.496178
ENSG00000131142.14,0.580345
ENSG00000131143.10,442.635144
ENSG00000131148.9,12.56702
ENSG00000131149.19,6.920384
ENSG00000131152.4,0.0
ENSG00000131153.9,1.003705
ENSG00000131165.16,117.557319
ENSG00000131171.13,73.439755
ENSG00000131174.7,9.213982
ENSG00000131183.11,0.42165600000000003
ENSG00000131187.11,2.209547
ENSG00000131188.12,3.974463
ENSG00000131196.18,10.822201
ENSG00000131203.13,20.89727
ENSG00000131233.10,0.0
ENSG00000131236.18,712.903674
ENSG00000131238.18,249.40531099999998
ENSG00000131242.18,34.230719
ENSG00000131263.13,3.135351
ENSG00000131264.4,0.0
ENSG00000131269.19,7.624107
ENSG00000131323.17,11.178434000000001
ENSG00000131351.15,8.655809999999999
ENSG00000131355.16,96.63779199999999
ENSG00000131368.9,9.578145000000001
ENSG00000131370.16,24.254473
ENSG00000131373.15,10.631916
ENSG00000131374.15,5.75851
ENSG00000131375.10,2.03235
ENSG00000131378.14,17.890055
ENSG00000131379.10,0.0
ENSG00000131381.13,3.893998
ENSG00000131386.20,0.0
ENSG00000131389.18,83.80495300000001
ENSG00000131398.15,2.2571019999999997
ENSG00000131400.9,1.169614
ENSG00000131401.14,148.133503
ENSG00000131408.15,119.48752999999999
ENSG00000131409.13,0.0
ENSG00000131435.13,0.0
ENSG00000131437.16,0.730861
ENSG00000131446.17,243.818189
ENSG00000131459.13,0.078211
ENSG00000131462.9,8.610181
ENSG00000131467.12,42.715922000000006
ENSG00000131469.15,402.665147
ENSG00000131470.15,2.4487360000000002
ENSG00000131471.7,4.935748
ENSG00000131473.17,30.867001
ENSG00000131475.7,51.760967
ENSG00000131477.11,0.0
ENSG00000131480.9,5.030895999999999
ENSG00000131482.10,0.0
ENSG00000131495.9,105.871059
ENSG00000131503.21,33.834876
ENSG00000131504.18,112.934834
ENSG00000131507.11,17.760431
ENSG00000131508.17,57.169198
ENSG00000131538.8,0.0
ENSG00000131548.8,0.0
ENSG00000131558.16,11.540327
ENSG00000131584.19,26.262656
ENSG00000131591.18,8.311681
ENSG00000131620.18,0.0
ENSG00000131626.19,16.07198
ENSG00000131634.14,19.7784
ENSG00000131650.15,0.128483
ENSG00000131652.14,30.478436000000002
ENSG00000131653.14,34.323946
ENSG00000131668.14,0.0
ENSG00000131669.10,667.373099
ENSG00000131686.15,0.373554
ENSG00000131697.18,2.671291
ENSG00000131711.15,0.019165
ENSG00000131721.6,0.0
ENSG00000131724.11,46.886286999999996
ENSG00000131725.14,4.224814
ENSG00000131730.16,0.0
ENSG00000131732.12,10.501161
ENSG00000131737.7,0.0
ENSG00000131738.11,0.0
ENSG00000131746.13,0.311171
ENSG00000131747.15,0.282741
ENSG00000131748.16,95.585088
ENSG00000131759.18,206.12441199999998
ENSG00000131771.14,0.54346
ENSG00000131773.15,0.0
ENSG00000131778.20,11.352454
ENSG00000131779.11,23.672157000000002
ENSG00000131781.13,1.677835
ENSG00000131788.16,12.420449000000001
ENSG00000131791.8,1.81238
ENSG00000131797.14,0.0
ENSG00000131808.11,0.0
ENSG00000131828.14,27.547817
ENSG00000131831.18,0.0
ENSG00000131844.17,8.839564000000001
ENSG00000131845.15,1.564177
ENSG00000131848.10,1.913009
ENSG00000131849.14,0.160487
ENSG00000131864.11,0.0
ENSG00000131871.16,14.830995999999999
ENSG00000131873.7,9.398202
ENSG00000131876.18,18.942989999999998
ENSG00000131885.18,0.0
ENSG00000131899.13,5.160732
ENSG00000131910.5,0.0
ENSG00000131914.11,0.0
ENSG00000131931.8,2.257746
ENSG00000131941.8,0.0
ENSG00000131943.20,7.890098
ENSG00000131944.11,4.028971
ENSG00000131951.12,0.0
ENSG00000131966.14,22.113353
ENSG00000131969.15,0.0
ENSG00000131979.20,17.174709
ENSG00000131981.16,233.645773
ENSG00000131982.5,0.0
ENSG00000132000.14,0.539666
ENSG00000132002.10,47.258895
ENSG00000132003.10,1.822428
ENSG00000132004.13,3.185702
ENSG00000132005.9,12.866099
ENSG00000132010.16,2.611092
ENSG00000132016.12,0.0
ENSG00000132017.11,61.298326
ENSG00000132024.18,21.153924
ENSG00000132026.15,0.11798
ENSG00000132031.13,0.0
ENSG00000132109.10,164.14577
ENSG00000132122.12,1.108834
ENSG00000132128.18,24.093113
ENSG00000132141.14,0.622576
ENSG00000132153.15,21.274953
ENSG00000132155.14,180.253492
ENSG00000132164.10,0.36585
ENSG00000132170.24,0.102549
ENSG00000132182.13,36.355023
ENSG00000132185.18,4.465266
ENSG00000132196.16,8.147328
ENSG00000132199.20,5.052932
ENSG00000132204.15,0.0
ENSG00000132205.11,42.053748
ENSG00000132207.19,28.341175999999997
ENSG00000132254.13,24.684396
ENSG00000132256.20,14.968527000000002
ENSG00000132259.13,0.38679
ENSG00000132274.17,193.46525
ENSG00000132275.11,16.355894
ENSG00000132286.12,7.192257
ENSG00000132294.15,5.2786859999999995
ENSG00000132297.13,0.10952
ENSG00000132300.19,13.590294
ENSG00000132305.22,35.749202000000004
ENSG00000132313.15,2.205781
ENSG00000132321.17,0.0
ENSG00000132323.9,28.144543
ENSG00000132326.13,2.648547
ENSG00000132329.11,1.408977
ENSG00000132330.18,11.387753
ENSG00000132334.17,50.082817
ENSG00000132341.12,168.847899
ENSG00000132356.12,10.760704
ENSG00000132357.14,11.854222
ENSG00000132359.17,34.310512
ENSG00000132361.18,15.943816
ENSG00000132376.20,89.861833
ENSG00000132382.15,14.683746
ENSG00000132383.12,34.179776000000004
ENSG00000132386.11,4.089885000000001
ENSG00000132388.13,10.080252
ENSG00000132394.11,0.294776
ENSG00000132405.19,43.1489
ENSG00000132406.12,3.199969
ENSG00000132423.12,0.784732
ENSG00000132424.17,34.447393000000005
ENSG00000132429.10,0.0
ENSG00000132432.14,69.81957200000001
ENSG00000132434.10,6.784388
ENSG00000132436.13,1.2377070000000001
ENSG00000132437.18,0.0
ENSG00000132446.7,0.0
ENSG00000132463.15,21.199785
ENSG00000132464.13,0.0
ENSG00000132465.12,20.402319
ENSG00000132466.20,5.025391
ENSG00000132467.4,11.067879
ENSG00000132470.14,0.86908
ENSG00000132471.12,401.683096
ENSG00000132475.10,1606.112899
ENSG00000132478.10,9.370357
ENSG00000132481.7,3.1924710000000003
ENSG00000132485.14,7.838799
ENSG00000132507.18,259.919196
ENSG00000132510.11,58.671391
ENSG00000132514.14,22.786814
ENSG00000132517.15,0.101821
ENSG00000132518.7,0.701951
ENSG00000132522.16,134.004757
ENSG00000132530.17,91.01323599999999
ENSG00000132535.23,9.398431
ENSG00000132541.11,1.016467
ENSG00000132549.20,5.706362
ENSG00000132554.21,0.0
ENSG00000132561.14,0.120867
ENSG00000132563.17,0.233115
ENSG00000132570.15,3.265187
ENSG00000132581.10,66.22696300000001
ENSG00000132589.16,404.07926399999997
ENSG00000132591.12,19.680871
ENSG00000132600.18,15.500720000000001
ENSG00000132603.15,6.07805
ENSG00000132604.11,11.088075
ENSG00000132612.17,59.919415
ENSG00000132613.16,0.278598
ENSG00000132622.11,0.0
ENSG00000132623.16,0.610997
ENSG00000132631.6,0.0
ENSG00000132635.17,27.291444000000002
ENSG00000132639.15,0.113624
ENSG00000132640.15,0.44183500000000003
ENSG00000132646.11,21.974890000000002
ENSG00000132661.4,10.730534
ENSG00000132664.13,2.428479
ENSG00000132669.14,3.286953
ENSG00000132670.21,24.357817
ENSG00000132671.6,0.0
ENSG00000132676.16,62.759939
ENSG00000132677.13,0.0
ENSG00000132680.11,17.866028
ENSG00000132681.17,0.8955740000000001
ENSG00000132688.11,0.0
ENSG00000132692.19,0.264771
ENSG00000132693.12,0.0
ENSG00000132694.20,30.159691
ENSG00000132698.15,0.0
ENSG00000132702.13,0.0
ENSG00000132703.4,0.0
ENSG00000132704.16,1.618259
ENSG00000132716.19,75.149874
ENSG00000132718.9,4.87105
ENSG00000132740.10,10.001904
ENSG00000132744.8,1.850417
ENSG00000132746.16,1.091913
ENSG00000132749.11,1.825856
ENSG00000132763.15,1.3001200000000002
ENSG00000132768.14,12.459566
ENSG00000132773.12,8.723578999999999
ENSG00000132780.17,27.869821
ENSG00000132781.22,16.81409
ENSG00000132792.21,35.573515
ENSG00000132793.12,0.10411
ENSG00000132801.7,5.333235
ENSG00000132819.17,121.775442
ENSG00000132821.12,0.0
ENSG00000132823.11,56.263087
ENSG00000132824.14,34.247595000000004
ENSG00000132825.7,8.510604
ENSG00000132837.15,0.074564
ENSG00000132840.10,0.092192
ENSG00000132842.16,16.798089
ENSG00000132846.6,0.523704
ENSG00000132849.22,1.102588
ENSG00000132854.19,0.041883
ENSG00000132855.5,0.0
ENSG00000132872.12,0.0
ENSG00000132874.15,0.0627
ENSG00000132879.14,16.679722
ENSG00000132881.12,5.201969
ENSG00000132906.18,16.040964
ENSG00000132911.5,0.0
ENSG00000132912.14,9.021211999999998
ENSG00000132915.12,0.256908
ENSG00000132932.19,0.07142899999999999
ENSG00000132938.22,0.0
ENSG00000132950.19,1.006745
ENSG00000132952.12,5.499955
ENSG00000132953.18,0.896919
ENSG00000132958.19,0.336526
ENSG00000132963.9,73.55151
ENSG00000132964.13,3.860687
ENSG00000132965.10,1383.0117970000001
ENSG00000132967.11,0.0
ENSG00000132970.14,0.143992
ENSG00000132972.19,0.0
ENSG00000132975.8,0.095417
ENSG00000133019.12,0.088485
ENSG00000133020.4,0.0
ENSG00000133026.14,0.0
ENSG00000133027.18,17.777719
ENSG00000133028.12,6.135318
ENSG00000133030.22,27.299926
ENSG00000133048.13,423.04864399999997
ENSG00000133055.10,3.554215
ENSG00000133056.14,2.510109
ENSG00000133059.18,2.297822
ENSG00000133063.16,1.9922360000000001
ENSG00000133065.11,2.208728
ENSG00000133067.18,3.295585
ENSG00000133069.17,6.752174
ENSG00000133083.15,0.0
ENSG00000133101.10,0.0
ENSG00000133103.18,1.643073
ENSG00000133104.14,13.035915
ENSG00000133105.8,0.0
ENSG00000133106.15,66.81733700000001
ENSG00000133107.15,0.0
ENSG00000133110.15,0.0
ENSG00000133111.4,1.261732
ENSG00000133112.17,837.806545
ENSG00000133114.18,1.673962
ENSG00000133115.12,0.0
ENSG00000133116.8,0.092192
ENSG00000133119.13,2.849384
ENSG00000133121.21,0.119246
ENSG00000133124.12,0.0
ENSG00000133131.15,2.02874
ENSG00000133134.12,4.039888
ENSG00000133135.14,0.0
ENSG00000133136.6,0.0
ENSG00000133138.20,0.337971
ENSG00000133142.19,4.976312
ENSG00000133169.6,1.105795
ENSG00000133193.13,23.087445000000002
ENSG00000133195.12,8.877642
ENSG00000133216.17,1.535036
ENSG00000133226.19,31.312376999999998
ENSG00000133243.10,57.14204600000001
ENSG00000133246.12,173.931128
ENSG00000133247.14,8.774578
ENSG00000133250.14,25.366889999999998
ENSG00000133256.13,8.441193
ENSG00000133265.11,18.539136
ENSG00000133275.16,97.217574
ENSG00000133302.13,1.577374
ENSG00000133313.15,111.928407
ENSG00000133315.12,1.304943
ENSG00000133316.16,34.917786
ENSG00000133317.16,19.468473
ENSG00000133318.14,235.351718
ENSG00000133321.12,264.63989200000003
ENSG00000133328.4,0.407072
ENSG00000133392.19,0.160865
ENSG00000133393.13,2.102264
ENSG00000133398.4,17.557415
ENSG00000133401.16,0.0
ENSG00000133422.14,19.628322
ENSG00000133424.22,0.11393600000000001
ENSG00000133433.11,0.0
ENSG00000133454.16,0.072039
ENSG00000133460.20,3.840276
ENSG00000133466.14,3.327448
ENSG00000133475.19,0.0
ENSG00000133477.17,0.128855
ENSG00000133488.15,0.322449
ENSG00000133519.14,0.0
ENSG00000133561.15,67.093114
ENSG00000133574.10,285.610054
ENSG00000133597.11,6.438697
ENSG00000133606.11,154.242839
ENSG00000133612.20,22.877859
ENSG00000133619.18,2.612479
ENSG00000133624.15,0.0
ENSG00000133627.18,2.185836
ENSG00000133636.11,0.0
ENSG00000133639.6,287.373203
ENSG00000133640.20,0.0
ENSG00000133641.18,1.337538
ENSG00000133657.17,2.8446089999999997
ENSG00000133661.17,1.426147
ENSG00000133665.13,0.0
ENSG00000133678.14,9.550593000000001
ENSG00000133687.16,0.129035
ENSG00000133703.14,4.558145000000001
ENSG00000133704.10,5.219469999999999
ENSG00000133706.20,13.880590000000002
ENSG00000133710.17,0.0
ENSG00000133731.10,3.5074859999999997
ENSG00000133739.16,0.193292
ENSG00000133740.11,1.0702960000000001
ENSG00000133742.14,28.606083
ENSG00000133773.12,8.93406
ENSG00000133789.15,4.02672
ENSG00000133794.20,26.067624000000002
ENSG00000133800.9,1.7943939999999998
ENSG00000133805.16,13.944018000000002
ENSG00000133812.18,12.228885
ENSG00000133816.20,30.686059
ENSG00000133818.14,1.343364
ENSG00000133835.18,38.454194
ENSG00000133858.17,24.922679000000002
ENSG00000133863.9,0.0
ENSG00000133872.14,196.472264
ENSG00000133874.2,12.966081
ENSG00000133878.9,0.0
ENSG00000133884.11,49.649744
ENSG00000133895.19,16.797217
ENSG00000133935.7,6.163276
ENSG00000133937.5,0.0
ENSG00000133943.21,100.943029
ENSG00000133958.14,0.0
ENSG00000133961.22,143.4494
ENSG00000133962.8,0.0
ENSG00000133980.5,0.0
ENSG00000133983.16,2.555748
ENSG00000133985.3,5.895779
ENSG00000133997.12,18.13965
ENSG00000134001.15,13.699805
ENSG00000134007.5,0.171508
ENSG00000134013.16,0.503882
ENSG00000134014.18,11.704706999999999
ENSG00000134020.8,0.0
ENSG00000134028.14,0.51548
ENSG00000134030.14,3.380944
ENSG00000134042.14,0.134062
ENSG00000134046.12,107.360946
ENSG00000134049.6,0.882069
ENSG00000134056.12,11.890554
ENSG00000134057.15,4.598636000000001
ENSG00000134058.12,10.091987
ENSG00000134061.5,7.806279
ENSG00000134070.5,2.332133
ENSG00000134072.11,73.53412
ENSG00000134077.16,5.085863
ENSG00000134086.11,15.595331
ENSG00000134107.5,22.754847
ENSG00000134108.14,17.123866
ENSG00000134109.11,10.511329
ENSG00000134115.13,0.0
ENSG00000134121.10,0.0
ENSG00000134138.22,0.300982
ENSG00000134146.12,4.021549
ENSG00000134152.11,21.412263000000003
ENSG00000134153.10,54.175484
ENSG00000134160.17,0.0
ENSG00000134183.13,0.187258
ENSG00000134184.13,0.0
ENSG00000134186.12,10.108172
ENSG00000134193.15,0.215383
ENSG00000134198.10,5.586276
ENSG00000134200.4,0.0
ENSG00000134201.12,0.221389
ENSG00000134202.12,2.930399
ENSG00000134207.17,0.0
ENSG00000134215.16,7.525311
ENSG00000134216.19,0.0
ENSG00000134222.16,11.787194
ENSG00000134240.12,0.0
ENSG00000134242.16,6.191952
ENSG00000134243.12,14.823982
ENSG00000134245.18,0.047217
ENSG00000134247.10,0.290461
ENSG00000134248.14,82.977586
ENSG00000134249.7,0.0
ENSG00000134250.21,23.37154
ENSG00000134253.10,0.242394
ENSG00000134255.16,10.793608
ENSG00000134256.13,12.821223
ENSG00000134258.18,0.0
ENSG00000134259.6,0.0
ENSG00000134262.15,18.157561
ENSG00000134265.13,2.774615
ENSG00000134278.16,0.641118
ENSG00000134283.18,20.085458
ENSG00000134285.11,43.833248
ENSG00000134287.10,87.394622
ENSG00000134291.12,13.472204
ENSG00000134294.14,12.956503
ENSG00000134297.9,0.565856
ENSG00000134308.14,37.027685000000005
ENSG00000134313.17,7.444188
ENSG00000134317.18,0.696925
ENSG00000134318.16,1.5644390000000001
ENSG00000134321.13,41.492079
ENSG00000134323.13,0.0
ENSG00000134324.12,4.363259
ENSG00000134326.12,20.027113
ENSG00000134330.19,11.496396
ENSG00000134333.15,164.789118
ENSG00000134339.9,0.0
ENSG00000134343.14,0.0
ENSG00000134352.21,4.36926
ENSG00000134363.12,0.0
ENSG00000134365.15,0.0
ENSG00000134369.17,0.62871
ENSG00000134371.15,7.5134240000000005
ENSG00000134375.11,6.895202
ENSG00000134376.17,0.264929
ENSG00000134389.11,0.0
ENSG00000134398.15,0.0
ENSG00000134419.15,353.843959
ENSG00000134438.10,0.0
ENSG00000134440.12,33.557747
ENSG00000134443.10,0.0
ENSG00000134444.15,7.994279
ENSG00000134452.20,20.372513
ENSG00000134453.16,30.375735999999996
ENSG00000134460.19,1.688812
ENSG00000134461.16,1.874151
ENSG00000134463.15,7.712531
ENSG00000134470.21,18.983835
ENSG00000134480.17,15.067302
ENSG00000134489.7,0.512154
ENSG00000134490.14,0.515002
ENSG00000134504.14,0.29382
ENSG00000134508.13,0.118106
ENSG00000134516.20,87.147435
ENSG00000134531.10,0.388525
ENSG00000134532.20,0.0
ENSG00000134533.6,0.0
ENSG00000134538.3,0.0
ENSG00000134539.17,11.294661999999999
ENSG00000134545.14,1.805647
ENSG00000134548.11,0.447244
ENSG00000134551.14,0.0
ENSG00000134569.10,0.0
ENSG00000134571.12,4.528334
ENSG00000134574.12,39.583209
ENSG00000134575.13,21.400147
ENSG00000134588.13,0.0
ENSG00000134590.14,43.121775
ENSG00000134594.5,2.951819
ENSG00000134595.9,0.0
ENSG00000134597.17,7.060252
ENSG00000134602.16,7.382147
ENSG00000134612.13,0.0
ENSG00000134627.12,2.337446
ENSG00000134640.3,0.0
ENSG00000134644.16,6.486427
ENSG00000134668.13,4.323803
ENSG00000134684.13,32.478255
ENSG00000134686.21,340.49348999999995
ENSG00000134690.11,2.211168
ENSG00000134697.13,14.568126999999999
ENSG00000134698.11,14.849722
ENSG00000134709.13,0.04026
ENSG00000134716.11,0.131885
ENSG00000134717.18,5.909276
ENSG00000134744.14,13.578688000000001
ENSG00000134748.13,14.312677
ENSG00000134755.19,5.510485
ENSG00000134757.5,0.0
ENSG00000134758.14,10.474878
ENSG00000134759.14,20.243629
ENSG00000134760.6,0.0
ENSG00000134762.17,0.0
ENSG00000134765.10,0.055347
ENSG00000134769.23,0.33626
ENSG00000134775.16,0.0
ENSG00000134779.15,42.982307
ENSG00000134780.10,1.331954
ENSG00000134802.18,28.662921
ENSG00000134809.9,52.704727000000005
ENSG00000134812.8,0.0
ENSG00000134815.20,66.052774
ENSG00000134817.12,0.0
ENSG00000134824.14,3.7704180000000003
ENSG00000134825.16,115.766157
ENSG00000134827.8,15.237755
ENSG00000134830.6,62.920365
ENSG00000134851.13,15.780296
ENSG00000134852.15,0.549532
ENSG00000134853.12,0.0
ENSG00000134864.11,0.993846
ENSG00000134871.20,0.0
ENSG00000134873.10,0.097746
ENSG00000134874.18,0.139708
ENSG00000134882.16,42.974706
ENSG00000134884.15,17.203354
ENSG00000134897.14,0.988713
ENSG00000134899.24,20.490092999999998
ENSG00000134900.13,12.299522
ENSG00000134901.14,0.157826
ENSG00000134905.17,226.114542
ENSG00000134909.19,0.5601659999999999
ENSG00000134910.14,24.142159
ENSG00000134917.10,0.0
ENSG00000134940.14,0.0
ENSG00000134954.14,35.519642000000005
ENSG00000134955.12,19.443651
ENSG00000134962.7,0.0
ENSG00000134970.14,3.32331
ENSG00000134982.19,2.017802
ENSG00000134986.14,5.591406
ENSG00000134987.13,1.52806
ENSG00000134996.12,178.152069
ENSG00000135002.12,2.373742
ENSG00000135018.14,17.807888
ENSG00000135040.16,1.245343
ENSG00000135045.7,0.823622
ENSG00000135046.15,94.688902
ENSG00000135047.16,27.518122
ENSG00000135048.14,14.747916
ENSG00000135049.16,13.751206
ENSG00000135052.16,5.192396
ENSG00000135063.20,0.0
ENSG00000135069.14,1.434745
ENSG00000135070.15,8.860211
ENSG00000135074.16,22.746501000000002
ENSG00000135077.10,17.377294
ENSG00000135083.17,23.853076
ENSG00000135090.14,25.405186999999998
ENSG00000135093.13,2.499578
ENSG00000135094.11,0.786536
ENSG00000135097.7,0.0
ENSG00000135100.19,0.103643
ENSG00000135108.16,3.112771
ENSG00000135111.16,0.0
ENSG00000135114.14,111.271195
ENSG00000135116.9,0.124279
ENSG00000135119.15,0.307954
ENSG00000135124.16,30.836141
ENSG00000135127.12,6.332299
ENSG00000135144.8,6.462123999999999
ENSG00000135148.12,116.728479
ENSG00000135164.19,19.70723
ENSG00000135175.6,0.0
ENSG00000135185.12,16.922538
ENSG00000135205.15,7.0454870000000005
ENSG00000135211.6,20.117805
ENSG00000135218.19,63.894323
ENSG00000135220.11,0.0
ENSG00000135222.7,0.0
ENSG00000135226.18,0.0
ENSG00000135241.17,7.1150839999999995
ENSG00000135245.10,1.716139
ENSG00000135248.16,0.0
ENSG00000135249.8,3.082524
ENSG00000135250.17,18.544104
ENSG00000135253.16,0.048862
ENSG00000135269.18,36.116643
ENSG00000135272.13,7.738592000000001
ENSG00000135297.17,6.876703
ENSG00000135298.15,0.0
ENSG00000135299.18,2.965448
ENSG00000135312.7,0.0
ENSG00000135314.14,0.0
ENSG00000135315.12,4.14728
ENSG00000135316.20,14.655668
ENSG00000135317.14,10.214755
ENSG00000135318.12,0.395742
ENSG00000135324.6,0.0
ENSG00000135333.15,0.063344
ENSG00000135334.9,49.480601
ENSG00000135336.17,4.098539
ENSG00000135338.14,0.0
ENSG00000135341.19,6.78452
ENSG00000135346.9,0.0
ENSG00000135355.4,0.0
ENSG00000135362.14,24.270119
ENSG00000135363.12,63.687091
ENSG00000135365.17,45.060143000000004
ENSG00000135372.10,11.221889
ENSG00000135373.13,0.0
ENSG00000135374.11,0.0
ENSG00000135378.4,7.560114
ENSG00000135387.21,39.545933000000005
ENSG00000135390.21,615.916187
ENSG00000135392.19,11.786951
ENSG00000135404.12,434.295541
ENSG00000135406.15,0.0
ENSG00000135407.11,13.846063000000001
ENSG00000135409.11,0.0
ENSG00000135413.9,0.0
ENSG00000135414.10,2.699586
ENSG00000135423.13,1.075742
ENSG00000135424.19,1.687411
ENSG00000135426.16,29.061654
ENSG00000135436.8,0.0
ENSG00000135437.10,11.021568
ENSG00000135439.12,25.049554
ENSG00000135441.8,277.558756
ENSG00000135443.8,0.0
ENSG00000135446.17,32.553981
ENSG00000135447.17,0.0
ENSG00000135451.13,1.07438
ENSG00000135452.10,10.866855000000001
ENSG00000135454.14,0.0
ENSG00000135457.11,12.074363
ENSG00000135469.14,4.80678
ENSG00000135472.9,0.0
ENSG00000135473.16,23.328568999999998
ENSG00000135476.12,0.057199
ENSG00000135477.12,0.0
ENSG00000135480.17,0.465335
ENSG00000135482.7,2.8676280000000003
ENSG00000135486.19,328.959292
ENSG00000135502.20,0.0
ENSG00000135503.13,7.223269
ENSG00000135506.17,253.030213
ENSG00000135517.9,0.0
ENSG00000135519.8,3.133085
ENSG00000135521.9,5.754262
ENSG00000135525.19,2.324868
ENSG00000135535.17,45.431681999999995
ENSG00000135537.17,1.0495079999999999
ENSG00000135540.13,0.129399
ENSG00000135541.22,0.17838900000000002
ENSG00000135547.9,0.097962
ENSG00000135549.16,1.5305900000000001
ENSG00000135569.5,0.0
ENSG00000135577.5,0.0
ENSG00000135587.9,9.832546
ENSG00000135596.18,120.96144400000001
ENSG00000135597.19,16.734741
ENSG00000135604.11,87.058662
ENSG00000135605.13,0.576672
ENSG00000135617.4,9.586066
ENSG00000135622.14,1.685307
ENSG00000135624.17,87.724731
ENSG00000135625.8,0.0
ENSG00000135631.17,2.1203510000000003
ENSG00000135632.12,11.385855
ENSG00000135636.16,177.411657
ENSG00000135637.15,6.528304
ENSG00000135638.14,0.0
ENSG00000135643.5,0.294729
ENSG00000135655.16,174.87118900000002
ENSG00000135677.11,63.683472
ENSG00000135678.12,1.727785
ENSG00000135679.27,17.073214999999998
ENSG00000135686.13,11.525475
ENSG00000135697.10,0.0
ENSG00000135698.10,3.4547689999999998
ENSG00000135702.15,0.0
ENSG00000135709.14,37.976315
ENSG00000135720.13,11.690095
ENSG00000135722.9,5.434782
ENSG00000135723.14,31.65384
ENSG00000135736.6,2.526335
ENSG00000135740.17,0.434094
ENSG00000135744.9,0.0
ENSG00000135747.11,0.608021
ENSG00000135749.20,7.5520700000000005
ENSG00000135750.15,0.0
ENSG00000135763.10,0.657497
ENSG00000135766.9,28.068611
ENSG00000135773.13,0.0
ENSG00000135775.14,9.141888
ENSG00000135776.5,2.971871
ENSG00000135778.12,9.585833
ENSG00000135801.11,4.300173
ENSG00000135821.20,533.493241
ENSG00000135823.14,8.195799
ENSG00000135824.13,0.0
ENSG00000135828.11,16.506126
ENSG00000135829.17,35.040834000000004
ENSG00000135835.13,0.071311
ENSG00000135837.18,3.75397
ENSG00000135838.14,119.837728
ENSG00000135842.17,55.197314000000006
ENSG00000135845.10,23.113642000000002
ENSG00000135862.6,0.287419
ENSG00000135870.13,4.41092
ENSG00000135898.10,1.130174
ENSG00000135899.20,121.252157
ENSG00000135900.4,30.036817
ENSG00000135902.10,0.0
ENSG00000135903.20,0.070185
ENSG00000135905.21,13.470684
ENSG00000135912.11,41.69324
ENSG00000135913.11,0.539364
ENSG00000135914.6,0.0
ENSG00000135916.16,19.921492999999998
ENSG00000135917.16,0.0
ENSG00000135919.14,0.583399
ENSG00000135924.17,58.904324
ENSG00000135925.9,1.3934730000000002
ENSG00000135926.15,143.78349
ENSG00000135929.9,94.277676
ENSG00000135930.15,65.32996999999999
ENSG00000135931.19,0.477083
ENSG00000135932.12,25.794840999999998
ENSG00000135940.7,258.224698
ENSG00000135945.10,7.278358
ENSG00000135951.16,1.938397
ENSG00000135953.11,2.875238
ENSG00000135956.11,89.820848
ENSG00000135960.10,0.565956
ENSG00000135966.14,4.56523
ENSG00000135968.22,3.289151
ENSG00000135972.9,7.093889
ENSG00000135973.3,0.0
ENSG00000135974.11,3.4186959999999997
ENSG00000135976.21,0.388595
ENSG00000135999.13,4.142638
ENSG00000136002.21,0.9402389999999999
ENSG00000136003.16,128.327836
ENSG00000136010.14,0.0
ENSG00000136011.15,0.0
ENSG00000136014.12,0.149731
ENSG00000136021.19,5.936166999999999
ENSG00000136026.14,47.595559
ENSG00000136040.9,39.871887
ENSG00000136044.12,15.400351
ENSG00000136045.12,7.000098
ENSG00000136048.14,9.648476
ENSG00000136051.15,14.313286
ENSG00000136052.10,0.0
ENSG00000136059.16,13.383443
ENSG00000136068.16,5.045138
ENSG00000136098.19,5.764775
ENSG00000136099.13,1.610593
ENSG00000136100.14,4.9519649999999995
ENSG00000136104.22,22.822834
ENSG00000136108.15,2.420901
ENSG00000136110.13,0.0
ENSG00000136111.14,2.947504
ENSG00000136114.17,0.0
ENSG00000136122.18,2.337004
ENSG00000136141.15,2.097469
ENSG00000136143.16,14.013081
ENSG00000136144.12,3.204059
ENSG00000136146.15,23.194064
ENSG00000136147.18,78.351101
ENSG00000136149.6,0.552541
ENSG00000136152.15,3.919307
ENSG00000136153.21,2.227056
ENSG00000136155.17,0.0
ENSG00000136156.15,2820.689274
ENSG00000136158.12,0.424594
ENSG00000136159.4,1.273707
ENSG00000136160.17,0.296961
ENSG00000136161.13,22.811028
ENSG00000136167.15,1535.703615
ENSG00000136169.17,2.177902
ENSG00000136193.17,4.354764
ENSG00000136197.14,1.4639790000000001
ENSG00000136205.18,5.662528
ENSG00000136206.5,0.0
ENSG00000136213.10,6.016043
ENSG00000136231.14,0.7915030000000001
ENSG00000136235.17,0.902659
ENSG00000136237.20,0.0
ENSG00000136238.20,332.714557
ENSG00000136240.10,20.889088
ENSG00000136243.18,11.392126000000001
ENSG00000136244.12,0.387894
ENSG00000136247.15,22.318495
ENSG00000136250.13,173.834295
ENSG00000136261.16,12.986866
ENSG00000136267.14,0.102596
ENSG00000136270.14,52.161932
ENSG00000136271.11,45.495110999999994
ENSG00000136273.14,7.542524
ENSG00000136274.9,0.0
ENSG00000136275.10,0.0
ENSG00000136279.21,268.590887
ENSG00000136280.17,176.404656
ENSG00000136286.16,154.302528
ENSG00000136295.16,42.231636
ENSG00000136297.16,0.0
ENSG00000136305.12,78.312036
ENSG00000136315.7,3.8298439999999996
ENSG00000136319.12,5.578728
ENSG00000136327.7,0.0
ENSG00000136352.20,0.0
ENSG00000136367.15,0.04883
ENSG00000136371.11,23.202039
ENSG00000136378.15,0.43073
ENSG00000136379.12,0.512391
ENSG00000136381.13,4.168561
ENSG00000136383.7,0.15488
ENSG00000136404.16,23.327047
ENSG00000136425.14,0.639688
ENSG00000136436.16,107.884981
ENSG00000136444.10,18.893908
ENSG00000136448.13,39.61589
ENSG00000136449.16,0.076357
ENSG00000136450.13,37.941607
ENSG00000136451.9,8.688689
ENSG00000136457.10,0.0
ENSG00000136463.9,10.186910999999998
ENSG00000136478.9,2.333645
ENSG00000136485.16,28.686812
ENSG00000136487.18,0.0
ENSG00000136488.15,0.0
ENSG00000136490.9,901.479604
ENSG00000136492.10,0.358964
ENSG00000136504.15,23.306882
ENSG00000136514.3,22.288271
ENSG00000136518.17,10.749675
ENSG00000136521.13,28.989908
ENSG00000136522.14,1.912868
ENSG00000136527.19,44.640266
ENSG00000136531.19,0.0
ENSG00000136535.15,0.0
ENSG00000136536.15,29.867665
ENSG00000136541.15,2.3099030000000003
ENSG00000136542.9,0.0
ENSG00000136546.17,0.0
ENSG00000136560.14,27.947412
ENSG00000136573.16,1.9600019999999998
ENSG00000136574.19,0.0
ENSG00000136603.15,1.0457100000000001
ENSG00000136628.18,14.017075
ENSG00000136630.13,53.472027999999995
ENSG00000136631.16,15.779477
ENSG00000136634.7,0.0
ENSG00000136636.13,0.348484
ENSG00000136643.12,3.136743
ENSG00000136682.16,7.125343000000001
ENSG00000136688.11,0.0
ENSG00000136689.20,193.958404
ENSG00000136694.9,0.0
ENSG00000136695.15,0.0
ENSG00000136696.11,0.0
ENSG00000136697.13,0.0
ENSG00000136698.10,0.0
ENSG00000136699.20,27.192326
ENSG00000136709.12,14.320564
ENSG00000136710.10,30.056568
ENSG00000136715.19,11.266084
ENSG00000136717.15,51.517462
ENSG00000136718.10,34.744916
ENSG00000136720.7,6.123332
ENSG00000136731.13,8.80597
ENSG00000136732.16,1313.670275
ENSG00000136738.15,5.035159
ENSG00000136750.13,0.0
ENSG00000136754.18,26.992326
ENSG00000136758.21,28.521791
ENSG00000136770.11,10.360466
ENSG00000136783.10,9.081879
ENSG00000136802.12,8.855186
ENSG00000136807.14,44.715292999999996
ENSG00000136810.13,60.090669999999996
ENSG00000136811.17,14.06618
ENSG00000136813.15,8.391985
ENSG00000136816.16,23.449723
ENSG00000136819.15,70.244873
ENSG00000136824.19,1.163382
ENSG00000136826.16,15.366945
ENSG00000136827.12,29.756881
ENSG00000136828.19,2.558467
ENSG00000136830.12,19.619311
ENSG00000136834.3,0.0
ENSG00000136839.1,0.0
ENSG00000136840.19,43.904934
ENSG00000136842.14,10.104012
ENSG00000136848.19,0.0
ENSG00000136854.26,0.856267
ENSG00000136856.18,4.148323
ENSG00000136859.10,0.0
ENSG00000136861.19,17.802165
ENSG00000136866.14,0.393581
ENSG00000136867.11,98.160099
ENSG00000136868.11,8.608596
ENSG00000136869.16,30.847431
ENSG00000136870.11,2.5779360000000002
ENSG00000136872.21,0.0
ENSG00000136874.11,4.901064
ENSG00000136875.13,9.795138
ENSG00000136877.16,26.538033
ENSG00000136878.14,45.722043
ENSG00000136881.12,0.123076
ENSG00000136883.16,0.0
ENSG00000136888.8,28.207082
ENSG00000136891.14,5.058758999999999
ENSG00000136895.19,0.04809
ENSG00000136897.8,1.060472
ENSG00000136908.18,83.448732
ENSG00000136918.8,0.0
ENSG00000136925.15,3.2821
ENSG00000136928.7,0.0
ENSG00000136929.13,2.222751
ENSG00000136930.13,79.256423
ENSG00000136931.10,0.079869
ENSG00000136932.16,16.172152
ENSG00000136933.17,12.134702
ENSG00000136935.14,7.143969
ENSG00000136936.11,3.749979
ENSG00000136937.13,3.897118
ENSG00000136938.9,57.70171
ENSG00000136939.1,0.0
ENSG00000136940.14,2.449446
ENSG00000136942.15,478.962648
ENSG00000136943.12,0.0
ENSG00000136944.19,0.0
ENSG00000136950.13,16.726316
ENSG00000136960.13,0.307222
ENSG00000136982.6,0.110805
ENSG00000136986.10,27.12722
ENSG00000136997.22,30.699657
ENSG00000136999.5,10.313053
ENSG00000137033.12,0.0
ENSG00000137038.8,15.929552000000001
ENSG00000137040.10,1.109463
ENSG00000137054.16,4.009774
ENSG00000137055.15,5.391234
ENSG00000137070.19,28.66288
ENSG00000137073.24,6.307421
ENSG00000137074.20,10.470217
ENSG00000137075.18,6.565929
ENSG00000137076.22,523.49629
ENSG00000137077.9,0.0
ENSG00000137078.10,43.376052
ENSG00000137080.4,0.0
ENSG00000137090.12,0.0
ENSG00000137094.16,2.2869599999999997
ENSG00000137098.14,1.052635
ENSG00000137100.16,100.170044
ENSG00000137101.14,7.844716
ENSG00000137103.20,2.214258
ENSG00000137106.18,68.487282
ENSG00000137124.8,1.175643
ENSG00000137133.11,19.946628
ENSG00000137135.18,0.083249
ENSG00000137142.5,0.0
ENSG00000137145.21,2.2954790000000003
ENSG00000137154.13,545.372679
ENSG00000137161.18,450.718242
ENSG00000137166.18,5.906427
ENSG00000137168.8,3.189749
ENSG00000137171.15,13.014042
ENSG00000137177.20,14.011747999999999
ENSG00000137185.13,4.307123
ENSG00000137193.14,139.360515
ENSG00000137197.6,0.0
ENSG00000137198.10,58.759563
ENSG00000137200.13,34.176859
ENSG00000137203.15,0.0
ENSG00000137204.15,0.0
ENSG00000137207.12,270.775224
ENSG00000137210.14,22.98399
ENSG00000137216.19,13.198158
ENSG00000137218.10,2.060203
ENSG00000137221.14,14.716232
ENSG00000137225.13,0.263985
ENSG00000137251.16,0.0
ENSG00000137252.10,0.0
ENSG00000137261.15,0.622425
ENSG00000137265.16,3.257886
ENSG00000137266.15,1.111024
ENSG00000137267.7,19.390528
ENSG00000137269.15,0.224747
ENSG00000137270.11,0.944755
ENSG00000137273.6,0.0
ENSG00000137274.14,1.492712
ENSG00000137275.16,22.922638
ENSG00000137285.11,1.418733
ENSG00000137288.10,15.846273
ENSG00000137309.21,77.406261
ENSG00000137310.13,0.31964400000000004
ENSG00000137312.15,165.119651
ENSG00000137313.15,0.0
ENSG00000137321.7,0.0
ENSG00000137331.12,0.0
ENSG00000137332.19,0.0
ENSG00000137337.16,5.802481
ENSG00000137338.6,0.230895
ENSG00000137343.18,2.7674630000000002
ENSG00000137345.19,0.0
ENSG00000137364.5,5.165993
ENSG00000137392.10,0.0
ENSG00000137393.10,9.873863
ENSG00000137394.14,0.0
ENSG00000137397.18,0.0
ENSG00000137403.19,449.51207100000005
ENSG00000137404.15,33.137768
ENSG00000137409.21,128.893706
ENSG00000137411.19,0.0
ENSG00000137413.17,16.043943
ENSG00000137414.7,22.173659
ENSG00000137434.12,1.272808
ENSG00000137440.5,0.0
ENSG00000137441.8,61.594387
ENSG00000137449.17,0.914981
ENSG00000137460.10,0.62466
ENSG00000137462.10,191.108227
ENSG00000137463.5,0.0
ENSG00000137473.19,0.0
ENSG00000137474.23,1.239433
ENSG00000137478.15,9.644559000000001
ENSG00000137486.17,69.946116
ENSG00000137491.15,0.486306
ENSG00000137492.9,8.373127
ENSG00000137494.14,1.207544
ENSG00000137496.19,24.486398
ENSG00000137497.19,65.613038
ENSG00000137500.10,9.123123
ENSG00000137501.18,2.665674
ENSG00000137502.10,0.231754
ENSG00000137504.16,3.850267
ENSG00000137507.11,0.166083
ENSG00000137509.12,131.536274
ENSG00000137513.11,1.916164
ENSG00000137522.18,7.503193
ENSG00000137547.9,14.303177
ENSG00000137558.9,0.0
ENSG00000137561.5,0.0
ENSG00000137563.13,1.683903
ENSG00000137571.11,0.062914
ENSG00000137573.14,0.0
ENSG00000137574.11,5.238564
ENSG00000137575.12,373.18565
ENSG00000137601.18,0.736283
ENSG00000137628.18,7.948866
ENSG00000137634.10,0.0
ENSG00000137642.13,91.532381
ENSG00000137648.20,0.0
ENSG00000137656.12,12.027092
ENSG00000137672.13,0.395243
ENSG00000137673.9,0.0
ENSG00000137674.4,0.0
ENSG00000137675.5,0.0
ENSG00000137691.13,0.444328
ENSG00000137692.12,2.473462
ENSG00000137693.14,0.0
ENSG00000137699.17,0.0
ENSG00000137700.19,0.987091
ENSG00000137707.14,0.0
ENSG00000137709.10,0.0
ENSG00000137710.17,1.3721899999999998
ENSG00000137713.16,1.986915
ENSG00000137714.3,1.957706
ENSG00000137720.8,4.928873
ENSG00000137726.17,21.148214
ENSG00000137727.13,0.0
ENSG00000137731.14,7.7802560000000005
ENSG00000137745.13,0.0
ENSG00000137747.16,1.5887060000000002
ENSG00000137752.25,201.20010299999998
ENSG00000137757.11,7.951999
ENSG00000137760.15,1.147226
ENSG00000137764.20,6.839156
ENSG00000137766.18,0.0
ENSG00000137767.14,193.7272
ENSG00000137770.14,1.7719749999999999
ENSG00000137776.17,24.652812
ENSG00000137801.11,3.303998
ENSG00000137802.15,3.669944
ENSG00000137804.14,4.078907
ENSG00000137806.10,7.672655
ENSG00000137807.16,3.510202
ENSG00000137809.17,0.0
ENSG00000137812.21,0.024496
ENSG00000137814.12,3.0268859999999997
ENSG00000137815.15,13.476875
ENSG00000137817.18,34.336096999999995
ENSG00000137818.12,1533.86453
ENSG00000137819.14,0.0
ENSG00000137821.12,0.0
ENSG00000137822.13,1.491209
ENSG00000137824.16,9.376674
ENSG00000137825.11,0.0
ENSG00000137831.15,0.231899
ENSG00000137834.15,0.122263
ENSG00000137841.12,338.842616
ENSG00000137842.7,7.487537
ENSG00000137843.12,0.483627
ENSG00000137845.15,21.212059
ENSG00000137857.18,0.332747
ENSG00000137860.12,0.32854099999999997
ENSG00000137868.19,0.0
ENSG00000137869.16,0.0
ENSG00000137871.21,1.17225
ENSG00000137872.17,0.0
ENSG00000137875.4,0.0
ENSG00000137876.11,2.7595980000000004
ENSG00000137877.10,0.6363639999999999
ENSG00000137878.18,0.0
ENSG00000137880.6,22.849248
ENSG00000137936.18,0.0
ENSG00000137941.17,0.028581
ENSG00000137942.18,0.060123
ENSG00000137944.18,10.546671
ENSG00000137947.12,16.620095
ENSG00000137948.19,0.0
ENSG00000137955.16,11.003711000000001
ENSG00000137959.17,21.216899
ENSG00000137960.6,0.0
ENSG00000137962.13,0.275263
ENSG00000137965.11,39.865027
ENSG00000137968.17,0.0
ENSG00000137970.7,0.0
ENSG00000137975.8,0.0
ENSG00000137976.8,0.0
ENSG00000137992.15,0.995152
ENSG00000137996.13,5.047376
ENSG00000138002.16,3.854971
ENSG00000138018.19,0.592808
ENSG00000138028.17,0.192613
ENSG00000138029.14,72.628613
ENSG00000138030.14,2.0619899999999998
ENSG00000138031.15,5.950306
ENSG00000138032.21,7.462041
ENSG00000138035.15,4.46581
ENSG00000138036.18,1.428978
ENSG00000138039.15,0.0
ENSG00000138050.15,1.344991
ENSG00000138061.13,2.719803
ENSG00000138068.12,0.0
ENSG00000138069.18,37.687921
ENSG00000138071.15,70.242498
ENSG00000138073.14,44.581551999999995
ENSG00000138074.15,8.847883
ENSG00000138075.14,0.0
ENSG00000138078.16,2.463677
ENSG00000138079.14,0.181301
ENSG00000138080.14,0.358497
ENSG00000138081.22,17.55688
ENSG00000138083.5,0.0
ENSG00000138085.18,76.589972
ENSG00000138092.11,1.476533
ENSG00000138095.20,8.256186999999999
ENSG00000138100.14,0.0
ENSG00000138101.20,6.795888
ENSG00000138107.13,92.366571
ENSG00000138109.11,0.0
ENSG00000138111.14,7.915694
ENSG00000138115.15,0.0
ENSG00000138119.17,8.710889
ENSG00000138131.4,0.0
ENSG00000138134.12,2.035492
ENSG00000138135.7,0.0
ENSG00000138136.7,0.0
ENSG00000138138.14,1.8812670000000002
ENSG00000138152.10,0.0
ENSG00000138160.7,0.0
ENSG00000138161.14,0.584543
ENSG00000138162.19,0.218544
ENSG00000138166.6,7.392955
ENSG00000138172.11,58.022403000000004
ENSG00000138175.9,0.732372
ENSG00000138180.16,0.0
ENSG00000138182.15,0.188922
ENSG00000138185.20,42.282571
ENSG00000138190.17,5.014013
ENSG00000138193.17,0.319847
ENSG00000138207.15,0.0
ENSG00000138231.14,4.4273299999999995
ENSG00000138246.17,8.281606
ENSG00000138271.6,0.0
ENSG00000138279.16,57.789974
ENSG00000138286.15,4.1883
ENSG00000138303.19,6.183904
ENSG00000138308.6,0.0
ENSG00000138311.18,0.145088
ENSG00000138315.13,0.0
ENSG00000138316.11,0.218904
ENSG00000138326.21,94.148036
ENSG00000138336.9,0.0
ENSG00000138346.16,0.896791
ENSG00000138347.17,0.0
ENSG00000138356.14,0.0
ENSG00000138363.15,23.880846
ENSG00000138375.14,9.387538000000001
ENSG00000138376.11,0.462547
ENSG00000138378.20,19.318243
ENSG00000138379.5,0.0
ENSG00000138380.18,0.656301
ENSG00000138381.10,4.507773
ENSG00000138382.15,5.497698
ENSG00000138385.16,9.428802000000001
ENSG00000138386.17,3.3008319999999998
ENSG00000138395.17,0.0
ENSG00000138398.17,3.976076
ENSG00000138399.18,0.89696
ENSG00000138400.13,0.0
ENSG00000138411.13,0.9235279999999999
ENSG00000138413.14,23.961223
ENSG00000138430.16,14.55564
ENSG00000138433.16,54.65654
ENSG00000138434.17,14.948910000000001
ENSG00000138435.16,0.0
ENSG00000138439.12,2.26501
ENSG00000138442.11,7.538844000000001
ENSG00000138443.17,1.05517
ENSG00000138448.13,1.4950720000000002
ENSG00000138449.11,26.175828
ENSG00000138459.9,10.777892999999999
ENSG00000138463.9,6.363863
ENSG00000138468.16,4.296197
ENSG00000138472.11,0.0
ENSG00000138483.3,0.0
ENSG00000138495.7,43.889458
ENSG00000138496.17,98.389365
ENSG00000138587.6,0.0
ENSG00000138592.15,16.806615999999998
ENSG00000138593.9,1.990924
ENSG00000138594.14,8.886054
ENSG00000138600.11,29.044725999999997
ENSG00000138604.10,2.033582
ENSG00000138606.20,1.51555
ENSG00000138613.14,14.764491
ENSG00000138614.16,13.716004
ENSG00000138615.6,0.324134
ENSG00000138617.16,6.522183
ENSG00000138621.12,59.408053
ENSG00000138622.4,0.0
ENSG00000138623.10,4.04897
ENSG00000138629.16,124.038008
ENSG00000138639.18,5.573370000000001
ENSG00000138640.15,3.3036630000000002
ENSG00000138641.19,11.442122000000001
ENSG00000138642.16,8.220005
ENSG00000138646.9,31.590162999999997
ENSG00000138650.9,0.0
ENSG00000138653.10,0.0
ENSG00000138658.17,1.763449
ENSG00000138660.12,0.830193
ENSG00000138663.9,8.379118
ENSG00000138668.20,122.26642199999999
ENSG00000138669.11,0.093985
ENSG00000138670.19,2.595834
ENSG00000138674.17,38.360808
ENSG00000138675.17,0.0
ENSG00000138678.11,18.111186
ENSG00000138684.9,0.0
ENSG00000138685.18,0.0
ENSG00000138686.10,0.560828
ENSG00000138688.17,12.323573
ENSG00000138696.11,0.0
ENSG00000138698.15,10.260493
ENSG00000138709.20,0.960189
ENSG00000138722.10,0.508551
ENSG00000138735.16,1.7165340000000002
ENSG00000138738.11,0.709152
ENSG00000138741.11,0.0
ENSG00000138744.17,120.679815
ENSG00000138750.16,8.959058
ENSG00000138755.6,0.43261
ENSG00000138756.19,5.535642
ENSG00000138757.15,16.343867
ENSG00000138758.12,2.730396
ENSG00000138759.20,0.0
ENSG00000138760.11,13.221217
ENSG00000138764.15,16.931419
ENSG00000138767.14,4.543881
ENSG00000138768.15,5.611247
ENSG00000138769.11,0.0
ENSG00000138771.16,0.0
ENSG00000138772.13,27.383659
ENSG00000138777.20,25.26738
ENSG00000138778.14,0.079869
ENSG00000138780.15,0.346313
ENSG00000138785.16,7.574251
ENSG00000138792.10,0.0
ENSG00000138794.10,5.748556000000001
ENSG00000138795.10,69.239695
ENSG00000138796.18,12.080366
ENSG00000138798.13,1.787154
ENSG00000138801.9,17.836891
ENSG00000138802.11,7.495522
ENSG00000138813.10,0.0
ENSG00000138814.17,7.028173999999999
ENSG00000138821.14,2.1125670000000003
ENSG00000138823.14,0.0
ENSG00000138829.14,1.4622060000000001
ENSG00000138834.15,50.415643
ENSG00000138835.24,54.674481
ENSG00000138867.17,82.613396
ENSG00000138892.12,0.0
ENSG00000138942.17,34.858288
ENSG00000138944.8,0.0
ENSG00000138964.18,330.731669
ENSG00000139044.12,1.128053
ENSG00000139053.3,1.661763
ENSG00000139055.7,3.642103
ENSG00000139083.11,22.610261
ENSG00000139112.11,37.401671
ENSG00000139116.19,0.229244
ENSG00000139117.14,2.119266
ENSG00000139131.13,6.1331240000000005
ENSG00000139132.16,2.211927
ENSG00000139133.7,0.387046
ENSG00000139144.11,0.0
ENSG00000139146.14,3.0549869999999997
ENSG00000139151.16,0.0
ENSG00000139154.16,3.0349759999999995
ENSG00000139155.9,0.0
ENSG00000139160.13,0.357931
ENSG00000139163.16,5.2408410000000005
ENSG00000139168.9,9.279725
ENSG00000139173.10,0.254029
ENSG00000139174.12,0.781832
ENSG00000139178.12,52.454633
ENSG00000139180.11,31.023474999999998
ENSG00000139182.15,23.485465
ENSG00000139187.10,5.340624
ENSG00000139190.17,17.347316
ENSG00000139192.12,115.118556
ENSG00000139193.4,86.45305900000001
ENSG00000139194.8,0.0
ENSG00000139197.11,8.599413
ENSG00000139200.14,0.208611
ENSG00000139209.16,0.0
ENSG00000139211.7,1.140819
ENSG00000139218.18,26.110183
ENSG00000139219.19,0.0
ENSG00000139220.17,0.0
ENSG00000139223.4,0.0
ENSG00000139233.7,11.290815
ENSG00000139239.7,0.572901
ENSG00000139263.12,0.0
ENSG00000139266.6,11.754386
ENSG00000139269.3,0.0
ENSG00000139278.10,136.222814
ENSG00000139287.13,0.0
ENSG00000139289.15,0.240341
ENSG00000139291.14,4.805609
ENSG00000139292.13,0.0
ENSG00000139304.16,0.0
ENSG00000139318.8,141.37047
ENSG00000139323.14,3.8204219999999998
ENSG00000139324.12,0.190521
ENSG00000139329.5,0.0
ENSG00000139330.6,0.0
ENSG00000139343.11,37.986211000000004
ENSG00000139344.8,1.723395
ENSG00000139350.13,2.926436
ENSG00000139351.15,0.0
ENSG00000139352.4,0.0
ENSG00000139354.11,0.080186
ENSG00000139364.11,0.0
ENSG00000139370.12,40.49824
ENSG00000139372.15,5.127734
ENSG00000139405.16,13.493367000000001
ENSG00000139410.15,7.561045
ENSG00000139428.12,5.687377000000001
ENSG00000139433.11,23.117753
ENSG00000139436.22,67.19094700000001
ENSG00000139437.18,8.095979
ENSG00000139438.6,0.262633
ENSG00000139445.18,0.0
ENSG00000139496.18,6.845174999999999
ENSG00000139505.13,5.432867
ENSG00000139508.15,9.255459
ENSG00000139514.13,1.8339
ENSG00000139515.6,0.0
ENSG00000139517.9,0.648468
ENSG00000139531.13,13.067794
ENSG00000139537.11,2.3393639999999998
ENSG00000139540.12,0.0
ENSG00000139546.12,18.042518
ENSG00000139547.8,1.524503
ENSG00000139549.4,0.0
ENSG00000139567.14,1.9984160000000002
ENSG00000139572.4,6.149751
ENSG00000139574.9,12.554032
ENSG00000139579.13,11.092944
ENSG00000139597.18,13.198837000000001
ENSG00000139610.2,0.0
ENSG00000139613.12,38.625807
ENSG00000139618.19,0.095016
ENSG00000139620.13,10.244261999999999
ENSG00000139624.14,35.551956
ENSG00000139625.13,10.069024
ENSG00000139626.16,88.03802400000001
ENSG00000139629.16,4.593378
ENSG00000139631.20,58.714565
ENSG00000139636.16,60.853352
ENSG00000139637.14,0.0
ENSG00000139641.13,103.46901700000001
ENSG00000139644.13,469.641517
ENSG00000139645.11,5.921034
ENSG00000139648.7,0.0
ENSG00000139651.11,7.40249
ENSG00000139668.9,10.110918999999999
ENSG00000139675.13,2.091447
ENSG00000139679.16,10.280966
ENSG00000139684.15,60.219096
ENSG00000139687.17,5.451699
ENSG00000139697.14,3.412338
ENSG00000139714.12,0.984879
ENSG00000139718.12,11.037751
ENSG00000139719.12,18.143532999999998
ENSG00000139722.7,56.309449
ENSG00000139725.8,52.168489
ENSG00000139726.11,7.392863
ENSG00000139734.19,0.0
ENSG00000139737.23,2.407628
ENSG00000139746.16,9.052922
ENSG00000139767.10,0.0
ENSG00000139780.8,0.0
ENSG00000139793.21,0.357704
ENSG00000139797.8,0.0
ENSG00000139800.9,0.0
ENSG00000139826.6,1.692779
ENSG00000139832.5,28.260672
ENSG00000139835.14,0.252299
ENSG00000139842.15,22.313323
ENSG00000139865.17,0.0
ENSG00000139874.6,0.0
ENSG00000139880.21,0.19846
ENSG00000139890.10,22.730978
ENSG00000139899.11,1.331683
ENSG00000139908.15,0.192446
ENSG00000139910.20,0.0
ENSG00000139914.7,3.357407
ENSG00000139915.22,0.0
ENSG00000139921.13,2.4281829999999998
ENSG00000139926.16,0.149479
ENSG00000139946.11,6.769505
ENSG00000139970.18,14.335837999999999
ENSG00000139971.15,0.0
ENSG00000139973.18,0.0
ENSG00000139974.17,2.404938
ENSG00000139977.14,0.899098
ENSG00000139985.8,0.0
ENSG00000139988.10,0.0
ENSG00000139990.18,24.454631
ENSG00000139998.16,1.5624410000000002
ENSG00000140006.12,1.371635
ENSG00000140009.19,0.0
ENSG00000140015.20,0.0
ENSG00000140022.14,0.784217
ENSG00000140025.16,1.894142
ENSG00000140030.6,7.693821
ENSG00000140043.12,0.283725
ENSG00000140044.13,48.334708
ENSG00000140057.9,0.0
ENSG00000140067.7,0.0
ENSG00000140090.18,11.265864
ENSG00000140092.16,2.855103
ENSG00000140093.10,0.0
ENSG00000140104.14,0.7391220000000001
ENSG00000140105.18,442.030563
ENSG00000140107.12,0.0
ENSG00000140153.18,7.091801
ENSG00000140157.16,17.943968
ENSG00000140199.13,27.121953
ENSG00000140254.13,0.0
ENSG00000140259.7,19.453572
ENSG00000140262.18,3.663972
ENSG00000140263.15,14.314966
ENSG00000140264.22,1230.497991
ENSG00000140265.14,3.914602
ENSG00000140274.14,0.0
ENSG00000140279.13,0.896825
ENSG00000140280.14,50.763085000000004
ENSG00000140284.11,0.223504
ENSG00000140285.12,0.043337
ENSG00000140287.11,11.050254
ENSG00000140297.13,0.046874
ENSG00000140299.14,17.969217999999998
ENSG00000140307.11,28.234129
ENSG00000140319.11,82.935648
ENSG00000140320.12,7.79777
ENSG00000140323.6,0.143172
ENSG00000140326.13,4.015486
ENSG00000140332.18,116.883922
ENSG00000140350.15,166.603641
ENSG00000140365.16,48.719655
ENSG00000140367.12,3.683672
ENSG00000140368.14,195.68437
ENSG00000140374.17,41.257694
ENSG00000140379.9,22.20176
ENSG00000140382.15,7.1715420000000005
ENSG00000140386.13,3.383158
ENSG00000140391.15,10.336019
ENSG00000140395.9,20.962226
ENSG00000140396.13,3.724607
ENSG00000140398.14,5.912209
ENSG00000140400.18,85.534858
ENSG00000140403.13,4.37844
ENSG00000140406.4,4.045544
ENSG00000140416.26,14.229343
ENSG00000140443.15,8.025538000000001
ENSG00000140450.9,2.527157
ENSG00000140451.13,1.266154
ENSG00000140455.17,61.795249999999996
ENSG00000140459.18,0.336769
ENSG00000140463.15,3.625928
ENSG00000140464.20,97.883772
ENSG00000140465.15,0.116071
ENSG00000140470.15,0.476238
ENSG00000140471.17,7.676494
ENSG00000140474.14,23.796406
ENSG00000140478.17,0.0
ENSG00000140479.18,3.65141
ENSG00000140481.15,0.0
ENSG00000140488.16,0.859968
ENSG00000140497.16,114.075617
ENSG00000140505.7,0.0
ENSG00000140506.17,0.0
ENSG00000140511.12,24.48001
ENSG00000140519.14,0.0
ENSG00000140521.18,35.433094000000004
ENSG00000140522.12,0.0
ENSG00000140525.20,1.672645
ENSG00000140526.18,34.35546
ENSG00000140527.15,0.0
ENSG00000140534.14,0.171933
ENSG00000140538.17,0.0
ENSG00000140543.15,2.813421
ENSG00000140545.16,4.02011
ENSG00000140548.10,35.628399
ENSG00000140553.18,26.143990000000002
ENSG00000140557.12,0.0
ENSG00000140563.16,20.494009
ENSG00000140564.13,94.942977
ENSG00000140575.13,168.6941
ENSG00000140577.17,10.734306
ENSG00000140598.16,4.96644
ENSG00000140600.17,0.0
ENSG00000140612.14,62.802749000000006
ENSG00000140623.14,0.0
ENSG00000140632.17,42.830807
ENSG00000140650.13,16.675813
ENSG00000140675.13,0.488517
ENSG00000140678.17,437.150301
ENSG00000140682.19,0.985209
ENSG00000140688.18,26.624185
ENSG00000140691.18,4.417316
ENSG00000140694.18,12.756153999999999
ENSG00000140718.22,9.44225
ENSG00000140740.11,97.009452
ENSG00000140743.8,9.117121000000001
ENSG00000140749.9,32.046334
ENSG00000140750.17,38.799674
ENSG00000140795.13,0.028349
ENSG00000140798.17,0.0
ENSG00000140807.7,0.197906
ENSG00000140829.12,24.541767
ENSG00000140830.10,9.336596
ENSG00000140832.11,0.0
ENSG00000140835.10,0.0
ENSG00000140836.17,0.934657
ENSG00000140839.13,4.006817
ENSG00000140848.17,35.217782
ENSG00000140853.17,175.139092
ENSG00000140854.13,34.217212
ENSG00000140859.16,6.2938
ENSG00000140873.16,0.0
ENSG00000140876.11,4.573752000000001
ENSG00000140905.11,0.488443
ENSG00000140931.20,99.850554
ENSG00000140932.10,347.793982
ENSG00000140937.14,0.0
ENSG00000140939.15,5.174854
ENSG00000140941.14,66.968357
ENSG00000140943.18,27.68683
ENSG00000140945.17,0.110971
ENSG00000140948.13,1.070095
ENSG00000140950.16,2.773462
ENSG00000140955.11,0.0
ENSG00000140961.14,8.342634
ENSG00000140968.12,26.752334
ENSG00000140983.15,107.226141
ENSG00000140986.8,0.227624
ENSG00000140987.22,11.743907
ENSG00000140988.16,2836.838768
ENSG00000140990.15,134.520691
ENSG00000140992.20,14.903884
ENSG00000140993.11,1.514416
ENSG00000140995.17,151.09086000000002
ENSG00000141002.20,164.473058
ENSG00000141012.13,32.314431
ENSG00000141013.17,2.405614
ENSG00000141026.6,6.755369
ENSG00000141027.23,17.602587999999997
ENSG00000141028.6,0.0
ENSG00000141030.13,50.121414
ENSG00000141034.10,3.959096
ENSG00000141040.15,1.6470669999999998
ENSG00000141052.18,0.0
ENSG00000141068.17,22.608546
ENSG00000141076.18,7.830083
ENSG00000141084.12,13.341743
ENSG00000141086.18,20.360197
ENSG00000141096.6,11.029257000000001
ENSG00000141098.13,12.192078
ENSG00000141101.13,28.659138000000002
ENSG00000141127.15,15.260559
ENSG00000141161.12,0.0
ENSG00000141179.14,26.501794999999998
ENSG00000141194.7,0.518024
ENSG00000141198.16,0.395485
ENSG00000141200.8,0.0
ENSG00000141219.16,2.948183
ENSG00000141232.5,8.883499
ENSG00000141252.21,16.938274999999997
ENSG00000141255.13,0.0
ENSG00000141258.13,33.355327
ENSG00000141279.18,44.316572
ENSG00000141293.17,24.791124
ENSG00000141294.10,1.3426010000000002
ENSG00000141295.14,17.700575
ENSG00000141298.19,49.106571
ENSG00000141314.13,0.0
ENSG00000141316.13,0.0
ENSG00000141337.13,11.379616
ENSG00000141338.15,0.0
ENSG00000141349.10,28.927134
ENSG00000141367.14,39.418647
ENSG00000141371.13,0.0
ENSG00000141376.24,10.37286
ENSG00000141378.15,10.183947
ENSG00000141380.14,17.848594
ENSG00000141384.13,0.262179
ENSG00000141385.12,9.134278
ENSG00000141391.14,0.749366
ENSG00000141401.12,114.82198400000001
ENSG00000141404.17,0.152006
ENSG00000141424.13,6.997309
ENSG00000141425.18,7.166565
ENSG00000141428.17,11.728396
ENSG00000141429.14,9.547651
ENSG00000141431.14,0.0
ENSG00000141433.13,0.0
ENSG00000141434.12,0.0
ENSG00000141437.10,0.223842
ENSG00000141441.16,0.0
ENSG00000141446.12,5.842625
ENSG00000141447.19,2.5164839999999997
ENSG00000141448.11,0.119182
ENSG00000141449.16,0.0
ENSG00000141452.11,59.01007
ENSG00000141456.16,10.24874
ENSG00000141458.13,12.672898
ENSG00000141469.18,6.188524
ENSG00000141480.18,844.438821
ENSG00000141485.17,0.170784
ENSG00000141497.14,5.149927
ENSG00000141499.18,13.51837
ENSG00000141503.17,37.945223
ENSG00000141504.12,72.394592
ENSG00000141505.12,34.909752999999995
ENSG00000141506.15,101.054378
ENSG00000141510.19,33.555036
ENSG00000141519.15,0.061692
ENSG00000141522.13,316.218013
ENSG00000141524.19,194.367177
ENSG00000141526.18,234.11261599999997
ENSG00000141527.19,0.169031
ENSG00000141540.11,16.839657000000003
ENSG00000141542.11,0.9630329999999999
ENSG00000141543.12,56.221272
ENSG00000141551.15,130.072523
ENSG00000141552.18,73.491651
ENSG00000141556.22,23.320388
ENSG00000141560.15,18.955056
ENSG00000141562.19,112.387533
ENSG00000141564.16,4.606984
ENSG00000141568.21,13.86028
ENSG00000141569.12,7.861045
ENSG00000141570.11,6.4433050000000005
ENSG00000141574.8,976.207437
ENSG00000141576.16,8.689396
ENSG00000141577.14,3.4668840000000003
ENSG00000141579.7,0.0
ENSG00000141580.16,20.130252
ENSG00000141582.15,18.527492
ENSG00000141622.14,1.013785
ENSG00000141627.14,18.952521
ENSG00000141639.12,0.0
ENSG00000141642.9,2.446989
ENSG00000141644.19,39.136657
ENSG00000141646.17,7.207953000000001
ENSG00000141655.18,0.111752
ENSG00000141664.10,27.315483
ENSG00000141665.13,1.291212
ENSG00000141668.10,0.0
ENSG00000141682.12,2.734491
ENSG00000141696.13,0.851699
ENSG00000141698.17,5.722408
ENSG00000141699.11,26.79297
ENSG00000141736.14,4.746945
ENSG00000141738.14,0.30139
ENSG00000141741.12,98.67850700000001
ENSG00000141744.4,0.353364
ENSG00000141748.13,0.0
ENSG00000141750.7,0.107953
ENSG00000141753.7,2.429236
ENSG00000141756.20,0.672688
ENSG00000141759.15,58.694259
ENSG00000141837.23,0.42889499999999997
ENSG00000141854.10,1.761991
ENSG00000141858.12,11.313401
ENSG00000141867.19,29.339464
ENSG00000141873.11,18.986433
ENSG00000141905.19,8.985644
ENSG00000141933.9,8.177491
ENSG00000141934.10,0.0
ENSG00000141946.1,0.0
ENSG00000141956.14,2.54221
ENSG00000141959.17,83.96317599999999
ENSG00000141965.5,5.589757
ENSG00000141968.8,122.254861
ENSG00000141971.14,44.377886000000004
ENSG00000141977.9,0.428241
ENSG00000141979.4,0.0
ENSG00000141985.9,37.540938
ENSG00000141994.16,19.087884
ENSG00000142002.19,26.145227
ENSG00000142025.16,0.74941
ENSG00000142039.4,40.811493
ENSG00000142046.15,140.185996
ENSG00000142065.14,0.767953
ENSG00000142082.15,15.344763
ENSG00000142089.17,2906.285554
ENSG00000142102.16,188.131976
ENSG00000142149.9,0.0
ENSG00000142156.16,0.5131
ENSG00000142163.8,0.0
ENSG00000142166.15,21.113722
ENSG00000142168.15,65.48888199999999
ENSG00000142173.17,7.593520000000001
ENSG00000142178.9,1.488053
ENSG00000142182.9,0.0
ENSG00000142185.18,6.828202
ENSG00000142186.18,70.916148
ENSG00000142188.17,22.929154
ENSG00000142192.22,25.094205
ENSG00000142197.13,5.111104
ENSG00000142207.7,0.857639
ENSG00000142208.19,119.19308800000002
ENSG00000142224.18,0.149537
ENSG00000142227.12,1072.266356
ENSG00000142230.13,28.101520999999998
ENSG00000142233.14,1.368672
ENSG00000142235.13,0.763834
ENSG00000142252.11,36.663152
ENSG00000142273.13,0.0
ENSG00000142279.13,0.016646
ENSG00000142303.14,8.157372
ENSG00000142319.19,0.0
ENSG00000142327.13,272.67915200000004
ENSG00000142330.20,22.610471
ENSG00000142347.21,912.584781
ENSG00000142396.11,30.534602
ENSG00000142405.24,54.646221000000004
ENSG00000142408.7,0.410764
ENSG00000142409.6,29.891582000000003
ENSG00000142444.7,11.154347999999999
ENSG00000142449.13,0.0
ENSG00000142453.13,29.897610999999998
ENSG00000142459.9,5.017756
ENSG00000142484.7,0.0
ENSG00000142494.13,1.009552
ENSG00000142507.10,111.54425200000001
ENSG00000142511.4,0.0
ENSG00000142512.15,102.053091
ENSG00000142513.6,0.0
ENSG00000142515.16,0.0
ENSG00000142528.16,2.254892
ENSG00000142530.11,0.681801
ENSG00000142534.7,2702.80744
ENSG00000142538.2,0.0
ENSG00000142539.9,0.0
ENSG00000142541.18,1529.9579430000001
ENSG00000142544.7,3.103116
ENSG00000142546.14,214.98247
ENSG00000142549.10,0.0
ENSG00000142552.8,51.185602
ENSG00000142556.19,0.8360029999999999
ENSG00000142583.18,0.5029600000000001
ENSG00000142599.20,51.225950999999995
ENSG00000142606.16,1.234113
ENSG00000142609.20,0.113812
ENSG00000142611.17,0.0
ENSG00000142615.8,0.0
ENSG00000142619.4,0.0
ENSG00000142621.21,0.0
ENSG00000142623.11,0.0
ENSG00000142627.13,0.05921
ENSG00000142632.17,2.9447710000000002
ENSG00000142634.13,546.636431
ENSG00000142655.13,11.264053
ENSG00000142657.21,426.00590500000004
ENSG00000142661.19,0.0
ENSG00000142669.15,3786.1434449999997
ENSG00000142675.18,0.568478
ENSG00000142676.14,389.796197
ENSG00000142677.4,0.0
ENSG00000142684.9,19.93178
ENSG00000142686.8,5.018525
ENSG00000142687.19,54.503934
ENSG00000142694.7,19.745206
ENSG00000142698.15,0.0
ENSG00000142700.12,0.0
ENSG00000142731.11,0.542512
ENSG00000142733.18,6.177027
ENSG00000142748.14,0.0
ENSG00000142751.15,11.61445
ENSG00000142765.18,140.98414
ENSG00000142784.16,64.60015
ENSG00000142789.20,0.0
ENSG00000142794.19,2.26535
ENSG00000142798.20,0.456564
ENSG00000142856.18,0.8144520000000001
ENSG00000142864.15,53.806533
ENSG00000142867.14,10.344355
ENSG00000142871.18,0.0
ENSG00000142875.21,3.2631419999999998
ENSG00000142892.15,2.2892520000000003
ENSG00000142910.16,0.0
ENSG00000142920.18,0.894313
ENSG00000142937.12,790.759701
ENSG00000142945.13,0.332996
ENSG00000142949.18,0.36563500000000004
ENSG00000142959.6,0.574849
ENSG00000142961.16,18.279269
ENSG00000142973.16,1.2904309999999999
ENSG00000143001.7,0.0
ENSG00000143006.7,0.0
ENSG00000143013.13,30.132204
ENSG00000143028.9,0.0
ENSG00000143032.8,0.0
ENSG00000143033.18,7.098716
ENSG00000143036.17,0.0
ENSG00000143061.18,0.0
ENSG00000143067.5,0.495136
ENSG00000143079.15,0.235129
ENSG00000143093.15,20.68895
ENSG00000143105.7,0.0
ENSG00000143106.13,66.49746999999999
ENSG00000143107.10,0.0
ENSG00000143110.12,535.517521
ENSG00000143119.15,923.3755189999999
ENSG00000143125.6,0.0
ENSG00000143126.8,0.845442
ENSG00000143127.13,0.225066
ENSG00000143147.15,0.124107
ENSG00000143149.13,35.750959
ENSG00000143153.14,1.663981
ENSG00000143155.13,6.253021
ENSG00000143156.14,1.209946
ENSG00000143157.12,9.521345
ENSG00000143158.11,12.09367
ENSG00000143162.9,43.828827000000004
ENSG00000143164.16,9.799361000000001
ENSG00000143167.12,3.868114
ENSG00000143171.13,0.0
ENSG00000143178.13,3.136638
ENSG00000143179.16,4.761716
ENSG00000143183.18,19.998021
ENSG00000143184.5,0.644318
ENSG00000143185.4,7.205174
ENSG00000143190.23,2.843675
ENSG00000143194.13,0.270737
ENSG00000143195.13,0.0
ENSG00000143196.5,0.0
ENSG00000143198.13,48.97072999999999
ENSG00000143199.18,0.434943
ENSG00000143207.21,39.594001
ENSG00000143217.9,0.0
ENSG00000143222.12,67.709079
ENSG00000143224.18,25.048761
ENSG00000143226.16,692.071738
ENSG00000143228.13,0.6293949999999999
ENSG00000143248.13,0.0
ENSG00000143252.17,59.370235
ENSG00000143256.5,22.228961
ENSG00000143257.13,0.0
ENSG00000143258.17,21.802788
ENSG00000143278.5,0.0
ENSG00000143294.15,48.364062
ENSG00000143297.19,1.7979180000000001
ENSG00000143303.12,27.650352
ENSG00000143314.12,24.240332000000002
ENSG00000143315.8,1.623392
ENSG00000143318.13,0.791015
ENSG00000143319.18,29.337239
ENSG00000143320.9,4.832025
ENSG00000143321.19,140.567385
ENSG00000143322.22,0.75369
ENSG00000143324.14,2.03132
ENSG00000143333.7,0.200609
ENSG00000143337.19,31.917369
ENSG00000143340.7,0.0
ENSG00000143341.12,0.0
ENSG00000143344.16,0.539383
ENSG00000143353.12,6.020284999999999
ENSG00000143355.16,0.0
ENSG00000143363.17,11.666623
ENSG00000143365.20,2.061086
ENSG00000143367.17,3.328586
ENSG00000143368.10,109.849631
ENSG00000143369.15,0.256521
ENSG00000143373.18,24.408681
ENSG00000143374.18,10.472725
ENSG00000143375.15,0.080418
ENSG00000143376.14,26.293006000000002
ENSG00000143379.13,36.65236
ENSG00000143382.16,37.756639
ENSG00000143384.14,299.555755
ENSG00000143387.14,7.401321
ENSG00000143390.18,24.643465
ENSG00000143393.17,56.512657000000004
ENSG00000143398.20,12.286092
ENSG00000143401.15,2.466584
ENSG00000143409.18,76.225066
ENSG00000143412.10,0.163558
ENSG00000143416.21,84.983271
ENSG00000143418.20,98.114562
ENSG00000143420.19,97.99156
ENSG00000143429.13,0.0
ENSG00000143434.17,0.784997
ENSG00000143436.11,22.901516
ENSG00000143437.21,16.348063
ENSG00000143442.24,14.338892999999999
ENSG00000143443.10,1.713587
ENSG00000143450.19,0.827788
ENSG00000143452.16,0.405587
ENSG00000143457.11,3.746158
ENSG00000143458.12,1.396206
ENSG00000143469.21,0.0
ENSG00000143473.14,0.0
ENSG00000143476.18,0.263546
ENSG00000143479.18,0.638557
ENSG00000143486.16,17.369448000000002
ENSG00000143493.13,2.481588
ENSG00000143494.16,0.0
ENSG00000143498.18,0.776281
ENSG00000143499.14,6.293476
ENSG00000143502.16,3.40679
ENSG00000143507.18,5.8825579999999995
ENSG00000143512.13,0.0
ENSG00000143514.18,7.1749089999999995
ENSG00000143515.20,18.712166
ENSG00000143520.6,0.0
ENSG00000143536.7,0.0
ENSG00000143537.14,73.108192
ENSG00000143543.15,128.462663
ENSG00000143545.10,3.2427960000000002
ENSG00000143546.10,1796.6972700000001
ENSG00000143549.22,520.117279
ENSG00000143552.10,0.0
ENSG00000143553.11,39.30849
ENSG00000143554.14,68.97084799999999
ENSG00000143556.9,0.0
ENSG00000143569.20,53.867913
ENSG00000143570.19,60.840788
ENSG00000143575.16,67.196504
ENSG00000143578.16,3.487988
ENSG00000143590.14,2.1639489999999997
ENSG00000143595.13,7.580422
ENSG00000143603.19,0.069234
ENSG00000143612.21,95.36535599999999
ENSG00000143614.11,7.914466999999999
ENSG00000143621.17,46.17351
ENSG00000143622.12,18.523035
ENSG00000143624.14,33.353075
ENSG00000143627.19,0.0
ENSG00000143630.10,0.0
ENSG00000143631.11,0.0
ENSG00000143632.15,0.0
ENSG00000143633.13,7.055767
ENSG00000143641.10,15.119643
ENSG00000143643.13,12.280697
ENSG00000143653.10,4.675874
ENSG00000143669.16,51.012799
ENSG00000143674.11,0.196321
ENSG00000143702.17,4.5761959999999995
ENSG00000143727.16,26.508381
ENSG00000143740.15,11.466439
ENSG00000143742.14,29.945129
ENSG00000143748.18,4.779225
ENSG00000143751.10,2.752812
ENSG00000143753.14,33.173463
ENSG00000143756.12,3.057076
ENSG00000143761.17,438.519407
ENSG00000143768.13,0.0
ENSG00000143771.12,15.136742
ENSG00000143772.11,24.155499
ENSG00000143774.18,1038.627608
ENSG00000143776.20,0.155155
ENSG00000143786.8,2.227208
ENSG00000143793.13,10.216644
ENSG00000143797.12,14.242187
ENSG00000143799.14,23.743224
ENSG00000143801.18,4.850188
ENSG00000143811.20,54.041411
ENSG00000143815.15,35.193387
ENSG00000143816.8,0.0
ENSG00000143819.13,4.467068
ENSG00000143839.15,0.0
ENSG00000143842.15,2.032238
ENSG00000143845.15,0.0
ENSG00000143847.16,0.795034
ENSG00000143850.17,0.18797
ENSG00000143851.17,33.936182
ENSG00000143858.12,0.0
ENSG00000143862.8,60.658419
ENSG00000143867.7,0.0
ENSG00000143869.7,0.0
ENSG00000143870.13,46.698542
ENSG00000143878.10,67.233561
ENSG00000143882.12,0.0
ENSG00000143889.16,8.012383
ENSG00000143891.17,15.264291
ENSG00000143919.16,2.525854
ENSG00000143921.9,0.0
ENSG00000143924.19,10.489564
ENSG00000143933.20,354.15092300000003
ENSG00000143942.5,0.0
ENSG00000143947.15,402.647834
ENSG00000143951.16,2.147287
ENSG00000143952.20,1.912359
ENSG00000143954.13,0.0
ENSG00000143970.18,2.072282
ENSG00000143971.9,0.467357
ENSG00000143977.14,4.262162
ENSG00000143994.14,1.302349
ENSG00000143995.20,0.630424
ENSG00000144010.11,0.0
ENSG00000144015.5,0.0
ENSG00000144021.3,21.198661
ENSG00000144026.14,2.001359
ENSG00000144028.15,71.743716
ENSG00000144029.14,12.185816
ENSG00000144031.12,0.0
ENSG00000144034.16,5.005993
ENSG00000144035.4,0.0
ENSG00000144036.16,0.782248
ENSG00000144040.13,16.005099
ENSG00000144043.13,32.964545
ENSG00000144045.14,0.0
ENSG00000144048.12,10.106352999999999
ENSG00000144057.16,0.033667
ENSG00000144061.14,0.127744
ENSG00000144063.4,0.0
ENSG00000144115.18,0.0
ENSG00000144118.14,103.81989399999999
ENSG00000144119.5,0.0
ENSG00000144120.13,2.980029
ENSG00000144130.12,1.906884
ENSG00000144134.19,9.094899
ENSG00000144136.11,40.195321
ENSG00000144152.13,4.88852
ENSG00000144158.4,0.0
ENSG00000144161.14,0.906911
ENSG00000144182.17,1.9846
ENSG00000144188.9,0.0
ENSG00000144191.12,0.0
ENSG00000144199.13,5.603845
ENSG00000144214.10,2.985384
ENSG00000144218.21,0.49420899999999995
ENSG00000144224.17,15.288201
ENSG00000144227.5,0.0
ENSG00000144228.10,5.119334
ENSG00000144229.13,0.0
ENSG00000144230.17,0.121861
ENSG00000144231.11,5.69189
ENSG00000144233.12,4.087662
ENSG00000144278.15,0.0
ENSG00000144283.23,4.5888
ENSG00000144285.24,0.0
ENSG00000144290.17,0.04127
ENSG00000144306.15,1.158834
ENSG00000144320.14,0.937486
ENSG00000144331.20,0.0
ENSG00000144339.12,0.0
ENSG00000144354.15,0.673561
ENSG00000144355.15,0.0
ENSG00000144357.18,1.897932
ENSG00000144362.12,0.0
ENSG00000144366.17,0.0
ENSG00000144369.14,0.040129
ENSG00000144381.18,29.833966999999998
ENSG00000144395.18,0.088946
ENSG00000144401.14,3.467071
ENSG00000144406.20,0.258611
ENSG00000144407.10,0.0
ENSG00000144410.5,0.211088
ENSG00000144426.19,0.45486699999999997
ENSG00000144445.17,1.533923
ENSG00000144451.20,0.42018
ENSG00000144452.15,0.0
ENSG00000144455.14,20.476285
ENSG00000144460.13,0.0
ENSG00000144468.17,5.470468
ENSG00000144476.6,1.663309
ENSG00000144481.17,0.0
ENSG00000144485.11,1.890095
ENSG00000144488.15,0.0
ENSG00000144504.16,10.197372
ENSG00000144524.18,27.923584
ENSG00000144535.20,5.730599
ENSG00000144550.14,0.142575
ENSG00000144554.13,2.8366620000000005
ENSG00000144559.11,3.162574
ENSG00000144560.16,5.650907
ENSG00000144566.11,12.330122000000001
ENSG00000144567.11,104.459884
ENSG00000144579.9,269.057542
ENSG00000144580.15,13.589979000000001
ENSG00000144583.5,0.0
ENSG00000144589.22,33.359113
ENSG00000144591.20,36.431173
ENSG00000144596.13,0.0
ENSG00000144597.14,5.798477
ENSG00000144619.15,0.133205
ENSG00000144635.9,25.097506
ENSG00000144642.22,0.050565
ENSG00000144644.15,0.0
ENSG00000144645.16,0.438383
ENSG00000144647.7,3.775372
ENSG00000144648.16,0.0
ENSG00000144649.10,0.904023
ENSG00000144655.15,22.49162
ENSG00000144659.13,21.143128
ENSG00000144668.12,0.115949
ENSG00000144671.11,0.0
ENSG00000144674.19,5.349137
ENSG00000144677.15,1.917377
ENSG00000144681.11,0.0
ENSG00000144711.17,62.304781999999996
ENSG00000144712.13,0.734446
ENSG00000144713.13,1203.109567
ENSG00000144724.20,0.0
ENSG00000144730.19,0.074421
ENSG00000144736.14,2.512528
ENSG00000144741.19,7.392113
ENSG00000144744.18,18.003002000000002
ENSG00000144746.7,70.411292
ENSG00000144747.17,4.960246
ENSG00000144749.14,2.146636
ENSG00000144771.8,0.0
ENSG00000144785.8,14.347111
ENSG00000144791.10,3.810443
ENSG00000144792.9,0.039396
ENSG00000144802.11,15.521201
ENSG00000144810.16,0.081892
ENSG00000144815.18,5.499601
ENSG00000144820.8,0.0
ENSG00000144821.11,0.0
ENSG00000144824.21,0.210408
ENSG00000144827.9,5.345137
ENSG00000144834.14,0.305318
ENSG00000144837.9,0.0
ENSG00000144840.10,1.602119
ENSG00000144843.12,8.893141
ENSG00000144847.13,0.0
ENSG00000144848.11,54.526267999999995
ENSG00000144852.20,0.0
ENSG00000144857.15,0.054426
ENSG00000144867.13,11.570407
ENSG00000144868.14,0.0
ENSG00000144891.19,0.0
ENSG00000144893.13,0.077946
ENSG00000144895.12,20.085127
ENSG00000144908.14,0.100759
ENSG00000144909.8,9.707784
ENSG00000144935.17,0.107587
ENSG00000144959.11,1.799874
ENSG00000144962.7,0.0
ENSG00000145002.13,0.0
ENSG00000145012.15,5.377125
ENSG00000145014.18,0.532183
ENSG00000145016.17,13.870907
ENSG00000145020.16,2.385379
ENSG00000145022.5,37.412377
ENSG00000145029.15,4.380199
ENSG00000145040.4,0.0
ENSG00000145041.17,4.147717999999999
ENSG00000145050.19,29.163269000000003
ENSG00000145063.16,0.0
ENSG00000145075.13,0.0
ENSG00000145087.14,0.0
ENSG00000145088.9,1.539555
ENSG00000145103.15,0.0
ENSG00000145107.16,0.15991
ENSG00000145113.22,0.0
ENSG00000145147.20,0.0
ENSG00000145191.15,22.025873
ENSG00000145192.13,0.0
ENSG00000145194.19,0.0
ENSG00000145198.15,0.363179
ENSG00000145214.14,16.28631
ENSG00000145216.17,21.026573
ENSG00000145217.14,0.0
ENSG00000145220.14,10.010778
ENSG00000145241.11,2.5427239999999998
ENSG00000145242.14,0.0
ENSG00000145244.12,0.626833
ENSG00000145246.14,3.711213
ENSG00000145247.12,11.988207
ENSG00000145248.7,0.144899
ENSG00000145283.8,0.0
ENSG00000145284.12,0.0
ENSG00000145287.12,256.588425
ENSG00000145293.17,3.056135
ENSG00000145309.6,0.0
ENSG00000145321.13,0.0
ENSG00000145331.14,0.601828
ENSG00000145332.14,2.275252
ENSG00000145335.17,135.622296
ENSG00000145337.5,23.641647
ENSG00000145348.17,7.209225
ENSG00000145349.20,2.902316
ENSG00000145354.12,5.686626
ENSG00000145358.6,0.0
ENSG00000145362.21,0.430938
ENSG00000145365.12,9.626092
ENSG00000145375.9,0.140254
ENSG00000145384.4,0.0
ENSG00000145386.11,0.608734
ENSG00000145388.15,2.5826029999999998
ENSG00000145390.12,0.396662
ENSG00000145391.15,3.039313
ENSG00000145414.9,1.613189
ENSG00000145416.14,5.38505
ENSG00000145423.5,0.616062
ENSG00000145425.10,173.498805
ENSG00000145428.15,0.571892
ENSG00000145431.11,1.383578
ENSG00000145439.12,3.595573
ENSG00000145451.13,0.0
ENSG00000145476.16,3.20456
ENSG00000145491.13,28.377568
ENSG00000145494.12,86.097312
ENSG00000145495.17,27.473748
ENSG00000145506.14,0.0
ENSG00000145526.12,0.0
ENSG00000145536.15,0.0
ENSG00000145545.13,5.217135
ENSG00000145555.15,0.362607
ENSG00000145569.6,4.220238
ENSG00000145592.14,980.850582
ENSG00000145604.17,3.742996
ENSG00000145623.13,0.0
ENSG00000145626.12,0.0
ENSG00000145632.15,1.713479
ENSG00000145642.12,0.0
ENSG00000145649.8,42.701126
ENSG00000145675.16,6.908067
ENSG00000145681.11,0.0
ENSG00000145685.14,7.478808
ENSG00000145687.17,18.158387
ENSG00000145692.15,0.0
ENSG00000145700.10,0.0
ENSG00000145703.17,18.305108
ENSG00000145708.11,1.192821
ENSG00000145715.15,3.244736
ENSG00000145721.12,0.0
ENSG00000145723.17,0.463487
ENSG00000145725.21,4.699464
ENSG00000145730.21,12.856755
ENSG00000145734.20,0.748738
ENSG00000145736.15,2.423388
ENSG00000145740.20,4.60375
ENSG00000145741.17,357.07231
ENSG00000145743.18,0.843632
ENSG00000145757.16,1.307386
ENSG00000145777.15,0.0
ENSG00000145779.8,20.981685
ENSG00000145780.8,3.27053
ENSG00000145781.9,4.298634
ENSG00000145782.13,18.563512
ENSG00000145794.17,0.0
ENSG00000145808.10,0.0
ENSG00000145817.17,11.611314
ENSG00000145819.18,72.475109
ENSG00000145824.13,0.0
ENSG00000145826.9,0.0
ENSG00000145832.16,0.0
ENSG00000145833.16,12.471699000000001
ENSG00000145835.6,0.0
ENSG00000145839.2,0.0
ENSG00000145850.9,0.195321
ENSG00000145860.13,25.980708
ENSG00000145861.9,0.0
ENSG00000145863.11,0.0
ENSG00000145864.14,0.0
ENSG00000145868.17,33.768937
ENSG00000145879.11,0.0
ENSG00000145882.11,9.150081
ENSG00000145888.11,0.0
ENSG00000145901.18,213.30809100000002
ENSG00000145907.16,19.078844
ENSG00000145908.14,0.217502
ENSG00000145911.7,0.345326
ENSG00000145912.10,63.275677
ENSG00000145916.19,22.306408
ENSG00000145919.11,8.581444
ENSG00000145920.15,0.100919
ENSG00000145934.17,0.0
ENSG00000145936.9,3.2291559999999997
ENSG00000145945.7,2.926455
ENSG00000145949.12,0.248583
ENSG00000145975.15,0.0
ENSG00000145979.18,12.533186
ENSG00000145982.13,7.324466
ENSG00000145990.11,1.344951
ENSG00000145996.11,3.830611
ENSG00000146001.6,0.0
ENSG00000146005.4,0.0
ENSG00000146006.8,0.0
ENSG00000146007.11,41.892096
ENSG00000146013.12,0.0
ENSG00000146021.15,0.824342
ENSG00000146038.12,0.0
ENSG00000146039.11,0.0
ENSG00000146047.7,0.0
ENSG00000146049.2,0.0
ENSG00000146054.18,2.7385490000000003
ENSG00000146063.20,15.548950000000001
ENSG00000146066.3,332.562764
ENSG00000146067.17,123.433949
ENSG00000146070.17,4.773174
ENSG00000146072.6,0.391904
ENSG00000146083.13,64.109347
ENSG00000146085.8,3.193782
ENSG00000146090.16,0.11931
ENSG00000146094.16,247.701121
ENSG00000146109.5,0.0
ENSG00000146112.12,411.525828
ENSG00000146122.17,2.977478
ENSG00000146143.19,2.730978
ENSG00000146147.15,0.0
ENSG00000146151.14,0.0
ENSG00000146166.17,0.0
ENSG00000146192.16,85.663263
ENSG00000146197.9,0.0
ENSG00000146205.15,0.0
ENSG00000146215.14,5.999273
ENSG00000146216.14,0.0
ENSG00000146221.10,0.0
ENSG00000146223.16,12.360004
ENSG00000146232.17,30.718902
ENSG00000146233.8,0.0
ENSG00000146242.9,0.082661
ENSG00000146243.14,0.041277
ENSG00000146247.15,2.439566
ENSG00000146250.7,0.0
ENSG00000146263.12,0.317543
ENSG00000146267.12,0.019608
ENSG00000146276.13,0.0
ENSG00000146278.11,156.932573
ENSG00000146281.6,0.391868
ENSG00000146282.19,4.395955
ENSG00000146285.15,15.295636
ENSG00000146350.14,1.125617
ENSG00000146352.13,0.0
ENSG00000146360.9,0.0
ENSG00000146373.17,0.212337
ENSG00000146374.14,0.0
ENSG00000146376.11,1.79021
ENSG00000146378.6,0.0
ENSG00000146383.7,0.0
ENSG00000146385.2,0.0
ENSG00000146386.8,36.611476
ENSG00000146399.3,0.0
ENSG00000146409.12,5.118008
ENSG00000146410.12,0.333747
ENSG00000146411.6,0.041315
ENSG00000146414.17,0.909567
ENSG00000146416.19,11.145547
ENSG00000146425.11,139.90321899999998
ENSG00000146426.19,7.917186
ENSG00000146433.12,4.3264700000000005
ENSG00000146453.13,0.136953
ENSG00000146457.16,39.562013
ENSG00000146463.12,3.437423
ENSG00000146469.13,0.0
ENSG00000146476.11,6.0352
ENSG00000146477.6,0.0
ENSG00000146530.15,0.0
ENSG00000146535.15,15.005749999999999
ENSG00000146540.15,41.223184
ENSG00000146555.20,0.0
ENSG00000146556.17,0.0
ENSG00000146574.16,30.455629
ENSG00000146576.13,31.261426
ENSG00000146587.18,0.692445
ENSG00000146592.17,25.651389
ENSG00000146618.3,0.0
ENSG00000146648.21,0.0
ENSG00000146666.5,0.0
ENSG00000146670.10,0.955265
ENSG00000146674.16,0.730481
ENSG00000146676.10,3.085356
ENSG00000146677.7,0.0
ENSG00000146678.10,0.0
ENSG00000146700.9,1.292298
ENSG00000146701.12,106.286367
ENSG00000146707.15,4.965947
ENSG00000146722.12,0.0
ENSG00000146729.10,9.407498
ENSG00000146731.11,41.808852
ENSG00000146733.14,2.570764
ENSG00000146755.11,0.239263
ENSG00000146757.14,0.897174
ENSG00000146776.15,2.8122040000000004
ENSG00000146802.13,0.901891
ENSG00000146809.14,0.0
ENSG00000146826.17,108.99079400000001
ENSG00000146828.18,119.60591600000001
ENSG00000146830.11,28.141583
ENSG00000146833.16,13.176338999999999
ENSG00000146834.16,46.242416000000006
ENSG00000146839.19,0.0
ENSG00000146842.17,3.780449
ENSG00000146856.14,0.0
ENSG00000146857.5,0.0
ENSG00000146858.8,0.0
ENSG00000146859.6,255.532798
ENSG00000146872.19,19.079382000000003
ENSG00000146904.9,7.385211
ENSG00000146909.8,2.324427
ENSG00000146910.14,0.0
ENSG00000146918.20,0.8429960000000001
ENSG00000146926.11,0.0
ENSG00000146938.16,0.0
ENSG00000146950.13,0.106658
ENSG00000146955.11,0.630282
ENSG00000146963.18,20.196364
ENSG00000146966.13,0.189554
ENSG00000147003.7,0.0
ENSG00000147010.19,96.620825
ENSG00000147027.4,0.0
ENSG00000147036.12,0.066236
ENSG00000147041.12,0.0
ENSG00000147044.23,1.378708
ENSG00000147050.18,8.177536
ENSG00000147059.9,0.222889
ENSG00000147065.18,473.769271
ENSG00000147081.15,0.0
ENSG00000147082.18,0.102881
ENSG00000147099.21,4.471532
ENSG00000147100.11,0.0
ENSG00000147113.17,0.0
ENSG00000147117.8,0.467611
ENSG00000147118.12,4.307379
ENSG00000147119.4,6.151895
ENSG00000147121.16,4.500879
ENSG00000147123.12,170.440641
ENSG00000147124.13,1.988313
ENSG00000147127.8,0.0
ENSG00000147130.14,6.3900760000000005
ENSG00000147133.18,4.941935
ENSG00000147138.3,1.425377
ENSG00000147140.17,162.541405
ENSG00000147144.13,1.625172
ENSG00000147145.14,0.0
ENSG00000147155.11,24.17798
ENSG00000147160.9,0.0
ENSG00000147162.15,52.538146000000005
ENSG00000147164.12,23.317823
ENSG00000147166.11,0.204297
ENSG00000147168.14,601.381645
ENSG00000147174.12,2.342061
ENSG00000147180.17,0.0
ENSG00000147183.10,0.0
ENSG00000147202.19,2.754392
ENSG00000147206.17,0.0
ENSG00000147223.6,0.0
ENSG00000147224.13,17.843301999999998
ENSG00000147231.14,1.362834
ENSG00000147234.11,0.162934
ENSG00000147246.10,0.0
ENSG00000147251.16,12.670506
ENSG00000147255.19,0.0
ENSG00000147256.12,0.0
ENSG00000147257.16,0.0
ENSG00000147262.5,0.0
ENSG00000147274.14,59.734075999999995
ENSG00000147316.15,5.098218
ENSG00000147324.11,2.442902
ENSG00000147364.17,6.36695
ENSG00000147378.11,0.252586
ENSG00000147381.12,0.0
ENSG00000147383.11,8.89532
ENSG00000147394.20,16.932893
ENSG00000147400.10,12.378963
ENSG00000147403.18,4080.3541490000002
ENSG00000147408.16,3.418656
ENSG00000147416.12,310.68820800000003
ENSG00000147419.19,2.445482
ENSG00000147421.18,19.331693
ENSG00000147432.7,0.0
ENSG00000147434.9,0.0
ENSG00000147437.10,2.693385
ENSG00000147439.14,75.59924699999999
ENSG00000147443.13,214.562614
ENSG00000147454.14,1853.355608
ENSG00000147457.14,34.861626
ENSG00000147459.18,28.734037
ENSG00000147465.12,0.0
ENSG00000147471.12,21.305415
ENSG00000147475.17,5.595905999999999
ENSG00000147481.17,0.0
ENSG00000147485.13,0.0
ENSG00000147488.13,0.0
ENSG00000147509.14,0.0
ENSG00000147526.20,21.098617
ENSG00000147533.19,49.366296
ENSG00000147535.17,15.759954
ENSG00000147536.12,0.740335
ENSG00000147548.17,18.525177
ENSG00000147570.10,0.11601
ENSG00000147571.5,0.0
ENSG00000147573.17,0.0
ENSG00000147576.17,4.3496109999999994
ENSG00000147586.10,4.9444230000000005
ENSG00000147588.7,0.0
ENSG00000147592.9,5.015715
ENSG00000147596.4,0.0
ENSG00000147601.15,3.785682
ENSG00000147604.14,146.18544
ENSG00000147606.9,0.0
ENSG00000147613.8,0.0
ENSG00000147614.4,0.0
ENSG00000147642.17,0.0
ENSG00000147647.13,0.0
ENSG00000147649.10,7.172834999999999
ENSG00000147650.12,0.377275
ENSG00000147654.16,4.191893
ENSG00000147655.12,0.0
ENSG00000147669.11,4.754399
ENSG00000147676.14,0.0
ENSG00000147677.12,113.55477099999999
ENSG00000147679.12,2.950215
ENSG00000147684.10,116.523372
ENSG00000147687.19,0.759651
ENSG00000147689.17,0.060156
ENSG00000147697.10,0.147658
ENSG00000147724.12,0.0
ENSG00000147753.11,0.0
ENSG00000147761.10,0.0
ENSG00000147789.16,5.861832
ENSG00000147799.12,0.148019
ENSG00000147804.10,16.210843999999998
ENSG00000147813.16,154.72464
ENSG00000147852.17,0.368143
ENSG00000147853.17,2.04515
ENSG00000147854.18,9.57136
ENSG00000147862.18,0.0
ENSG00000147869.5,0.0
ENSG00000147872.10,57.807964999999996
ENSG00000147873.6,0.0
ENSG00000147874.11,1.495745
ENSG00000147883.12,1.463954
ENSG00000147885.4,0.0
ENSG00000147889.18,2.535439
ENSG00000147894.17,16.409739000000002
ENSG00000147896.4,0.0
ENSG00000147905.18,6.4608229999999995
ENSG00000147912.13,0.739274
ENSG00000147955.18,23.865669999999998
ENSG00000147996.17,9.06875
ENSG00000148019.14,2.460961
ENSG00000148053.18,0.0
ENSG00000148057.16,6.080411
ENSG00000148082.10,0.0
ENSG00000148090.12,2.895045
ENSG00000148110.17,19.453797
ENSG00000148120.19,1.670668
ENSG00000148123.15,0.0
ENSG00000148136.5,0.0
ENSG00000148143.13,0.0
ENSG00000148153.14,6.11592
ENSG00000148154.10,2.950291
ENSG00000148156.8,0.0
ENSG00000148158.17,4.816095
ENSG00000148175.13,24.765091
ENSG00000148180.22,190.00843999999998
ENSG00000148187.18,16.129023
ENSG00000148200.17,2.619564
ENSG00000148204.12,0.0
ENSG00000148215.4,0.0
ENSG00000148218.16,17.619827
ENSG00000148219.18,0.284058
ENSG00000148225.17,0.142905
ENSG00000148229.13,22.310596
ENSG00000148248.14,62.882983
ENSG00000148288.13,26.37361
ENSG00000148290.10,68.688149
ENSG00000148291.10,15.052099
ENSG00000148296.7,8.134131
ENSG00000148297.16,19.032021
ENSG00000148300.12,12.570242
ENSG00000148303.17,1895.588559
ENSG00000148308.18,50.650651999999994
ENSG00000148331.12,13.181546
ENSG00000148334.16,20.340867
ENSG00000148335.15,21.213179
ENSG00000148337.22,44.103798000000005
ENSG00000148339.13,6.386183
ENSG00000148341.18,73.032919
ENSG00000148343.19,20.925355
ENSG00000148344.11,2.709241
ENSG00000148346.12,51.371996
ENSG00000148356.15,15.165388
ENSG00000148357.18,0.0
ENSG00000148358.21,11.570556
ENSG00000148377.6,0.0
ENSG00000148384.14,8.394684
ENSG00000148386.10,0.0
ENSG00000148396.19,39.717498
ENSG00000148399.13,17.372731
ENSG00000148400.13,36.035483
ENSG00000148408.15,0.031909
ENSG00000148411.8,13.080928
ENSG00000148426.14,1.3923130000000001
ENSG00000148429.15,0.8566159999999999
ENSG00000148444.16,20.867032000000002
ENSG00000148450.13,49.743655000000004
ENSG00000148459.16,2.714567
ENSG00000148468.17,0.445664
ENSG00000148481.14,8.042985
ENSG00000148482.12,0.0
ENSG00000148483.9,0.083515
ENSG00000148484.18,70.30095299999999
ENSG00000148488.17,0.098034
ENSG00000148498.17,0.313229
ENSG00000148513.20,0.0
ENSG00000148516.23,1.5944690000000001
ENSG00000148541.13,0.0
ENSG00000148572.16,65.870191
ENSG00000148584.16,0.0
ENSG00000148600.15,0.623492
ENSG00000148602.6,0.0
ENSG00000148604.15,0.0
ENSG00000148606.15,2.554615
ENSG00000148634.16,7.553007000000001
ENSG00000148655.16,9.349103
ENSG00000148660.22,52.220016
ENSG00000148671.15,0.0
ENSG00000148672.10,36.802129
ENSG00000148677.7,0.0
ENSG00000148680.16,0.0
ENSG00000148688.14,18.323495
ENSG00000148690.12,2.25683
ENSG00000148700.15,20.906188999999998
ENSG00000148702.15,0.0
ENSG00000148704.13,0.0
ENSG00000148719.16,51.969377
ENSG00000148730.7,31.816183
ENSG00000148734.8,0.035031
ENSG00000148735.16,0.0
ENSG00000148737.18,7.126022
ENSG00000148773.14,0.257423
ENSG00000148795.7,0.0
ENSG00000148798.11,0.0
ENSG00000148803.13,24.901329
ENSG00000148814.18,5.6398410000000005
ENSG00000148824.19,21.893278
ENSG00000148826.9,0.0
ENSG00000148832.16,3.812683
ENSG00000148834.13,143.973878
ENSG00000148835.12,1.163875
ENSG00000148840.11,5.845479999999999
ENSG00000148841.17,63.918350000000004
ENSG00000148842.18,0.8675959999999999
ENSG00000148843.15,11.107634000000001
ENSG00000148848.15,0.0
ENSG00000148908.15,87.180782
ENSG00000148925.11,13.43442
ENSG00000148926.10,42.720327
ENSG00000148935.12,0.941879
ENSG00000148942.15,0.0
ENSG00000148943.12,1.9041359999999998
ENSG00000148948.8,0.0
ENSG00000148950.11,5.0689
ENSG00000148965.10,0.0
ENSG00000148985.20,13.709081
ENSG00000149016.16,10.134498
ENSG00000149021.7,0.0
ENSG00000149043.17,0.0
ENSG00000149050.10,0.0
ENSG00000149054.16,0.0
ENSG00000149084.13,6.1455400000000004
ENSG00000149089.13,3.4538159999999998
ENSG00000149090.13,0.0
ENSG00000149091.15,168.443496
ENSG00000149100.13,117.34392
ENSG00000149115.14,0.829384
ENSG00000149124.11,0.0
ENSG00000149131.17,216.00558800000002
ENSG00000149133.1,0.0
ENSG00000149136.9,26.576627
ENSG00000149150.9,5.149929
ENSG00000149177.15,38.285542
ENSG00000149179.14,7.945959
ENSG00000149182.15,84.644316
ENSG00000149187.19,18.310643000000002
ENSG00000149196.17,13.769682999999999
ENSG00000149201.10,0.334608
ENSG00000149212.12,4.411816
ENSG00000149218.5,2.442582
ENSG00000149231.16,2.890004
ENSG00000149243.17,0.849676
ENSG00000149256.16,0.078326
ENSG00000149257.16,3.0281640000000003
ENSG00000149260.18,2.744866
ENSG00000149262.19,18.973745
ENSG00000149269.10,185.595428
ENSG00000149273.15,1474.978585
ENSG00000149289.11,0.325288
ENSG00000149292.17,5.396719000000001
ENSG00000149294.18,0.829531
ENSG00000149295.14,0.0
ENSG00000149300.10,0.0
ENSG00000149305.8,0.105494
ENSG00000149308.18,4.752776000000001
ENSG00000149311.22,8.370472
ENSG00000149313.11,7.78448
ENSG00000149328.16,0.145325
ENSG00000149346.15,0.68229
ENSG00000149357.10,259.296706
ENSG00000149380.12,0.0
ENSG00000149403.13,0.079059
ENSG00000149418.11,18.626958000000002
ENSG00000149428.21,20.337356
ENSG00000149435.12,0.0
ENSG00000149443.8,0.0
ENSG00000149451.19,0.0
ENSG00000149452.16,0.0
ENSG00000149474.15,3.817273
ENSG00000149476.16,28.483076
ENSG00000149480.7,68.751659
ENSG00000149483.13,17.750545
ENSG00000149485.19,2.2656609999999997
ENSG00000149488.14,0.0
ENSG00000149489.9,1.525044
ENSG00000149499.12,60.528973
ENSG00000149503.14,1.932623
ENSG00000149506.12,0.160952
ENSG00000149507.7,0.0
ENSG00000149516.15,1.558732
ENSG00000149527.18,5.840734
ENSG00000149531.15,0.0
ENSG00000149532.16,45.72824
ENSG00000149534.9,0.900416
ENSG00000149541.10,50.098144999999995
ENSG00000149547.15,11.697492
ENSG00000149548.15,0.297796
ENSG00000149554.15,1.15806
ENSG00000149557.14,4.563527
ENSG00000149564.12,8.0926
ENSG00000149571.12,0.069353
ENSG00000149573.9,5.886730999999999
ENSG00000149575.9,0.093688
ENSG00000149577.17,65.673909
ENSG00000149582.16,2.777885
ENSG00000149591.17,63.697518
ENSG00000149596.7,0.0
ENSG00000149599.16,0.0
ENSG00000149600.12,40.173879
ENSG00000149609.6,0.0
ENSG00000149633.12,0.0
ENSG00000149634.5,0.404112
ENSG00000149635.3,0.0
ENSG00000149636.16,4.691267
ENSG00000149639.15,0.633894
ENSG00000149646.12,1.040755
ENSG00000149651.4,0.0
ENSG00000149654.11,0.0
ENSG00000149656.10,0.0
ENSG00000149657.20,21.509196000000003
ENSG00000149658.18,13.378238
ENSG00000149679.12,4.023498
ENSG00000149716.13,11.211901000000001
ENSG00000149735.7,0.0
ENSG00000149742.10,0.0
ENSG00000149743.14,27.496429999999997
ENSG00000149761.9,74.56119100000001
ENSG00000149781.14,255.603647
ENSG00000149782.13,5.560307
ENSG00000149792.9,27.092999
ENSG00000149798.5,74.72397
ENSG00000149806.11,1006.082371
ENSG00000149809.17,8.199758
ENSG00000149823.10,105.677763
ENSG00000149922.12,0.970029
ENSG00000149923.14,242.858912
ENSG00000149925.22,1895.6121289999999
ENSG00000149926.14,0.138317
ENSG00000149927.18,1.082007
ENSG00000149929.16,10.591099
ENSG00000149930.18,22.281309
ENSG00000149932.17,191.58495900000003
ENSG00000149948.14,0.0
ENSG00000149968.12,0.0
ENSG00000149970.16,0.312439
ENSG00000149972.12,0.0
ENSG00000150045.12,6.381285999999999
ENSG00000150048.10,4.672366
ENSG00000150051.14,0.0
ENSG00000150054.19,2.330778
ENSG00000150093.20,22.217682
ENSG00000150175.15,0.0
ENSG00000150201.15,0.0
ENSG00000150244.12,0.0
ENSG00000150261.5,0.0
ENSG00000150269.1,0.0
ENSG00000150275.20,0.0
ENSG00000150276.8,0.0
ENSG00000150281.7,0.467948
ENSG00000150316.12,16.437796
ENSG00000150337.14,202.84806999999998
ENSG00000150347.17,1.130315
ENSG00000150361.12,0.0
ENSG00000150394.14,0.0
ENSG00000150401.15,5.005355
ENSG00000150403.18,16.627844
ENSG00000150433.10,10.85658
ENSG00000150455.15,6.584949
ENSG00000150456.11,2.06288
ENSG00000150457.9,2.823066
ENSG00000150459.13,108.32774500000001
ENSG00000150471.17,0.0
ENSG00000150477.15,2.318701
ENSG00000150510.17,0.116253
ENSG00000150527.18,15.704747999999999
ENSG00000150540.14,4.762359
ENSG00000150551.11,0.0
ENSG00000150556.17,0.0
ENSG00000150593.18,53.99998600000001
ENSG00000150594.7,0.180858
ENSG00000150625.17,0.0
ENSG00000150627.16,0.856765
ENSG00000150628.7,0.0
ENSG00000150630.4,0.21507
ENSG00000150636.17,0.133338
ENSG00000150637.9,4.359589
ENSG00000150656.15,0.0
ENSG00000150667.8,0.0
ENSG00000150672.19,0.0
ENSG00000150676.13,0.0
ENSG00000150681.10,13.506166
ENSG00000150687.12,6.086866
ENSG00000150712.11,3.564655
ENSG00000150722.11,0.0
ENSG00000150732.8,0.0
ENSG00000150750.9,0.0
ENSG00000150753.12,106.75427400000001
ENSG00000150756.14,4.130361000000001
ENSG00000150760.13,0.033653
ENSG00000150764.14,0.366679
ENSG00000150768.18,6.008841
ENSG00000150773.12,0.0
ENSG00000150776.18,3.7160230000000003
ENSG00000150779.12,8.834013
ENSG00000150782.13,10.64012
ENSG00000150783.10,0.0
ENSG00000150787.8,1.607124
ENSG00000150867.14,42.775232
ENSG00000150873.12,0.028829
ENSG00000150893.11,0.0
ENSG00000150907.10,4.09799
ENSG00000150938.10,0.113637
ENSG00000150961.15,11.100639
ENSG00000150967.19,1.4159519999999999
ENSG00000150977.12,100.66767099999998
ENSG00000150990.9,6.294363
ENSG00000150991.16,2529.070236
ENSG00000150995.21,4.598667
ENSG00000151005.5,0.0
ENSG00000151006.8,1.059454
ENSG00000151012.13,0.023514
ENSG00000151014.6,0.756664
ENSG00000151023.17,0.7865139999999999
ENSG00000151025.11,0.0
ENSG00000151033.10,0.0
ENSG00000151062.15,17.89387
ENSG00000151065.14,7.606371
ENSG00000151067.23,0.084163
ENSG00000151079.8,0.0
ENSG00000151090.20,0.145659
ENSG00000151092.18,16.862267
ENSG00000151093.8,1.522433
ENSG00000151116.17,3.650956
ENSG00000151117.9,1.36686
ENSG00000151131.11,2.544347
ENSG00000151135.10,1.846513
ENSG00000151136.15,3.430304
ENSG00000151148.14,9.884494
ENSG00000151150.22,1.732252
ENSG00000151151.6,1.167687
ENSG00000151164.19,0.087682
ENSG00000151176.8,8.833862
ENSG00000151208.17,0.346615
ENSG00000151224.13,0.0
ENSG00000151229.13,0.094868
ENSG00000151233.11,1.187496
ENSG00000151239.14,3.767418
ENSG00000151240.18,0.346828
ENSG00000151247.13,10.393635
ENSG00000151276.24,0.0
ENSG00000151287.17,2.230366
ENSG00000151292.19,2.016346
ENSG00000151303.13,0.051465
ENSG00000151304.6,0.333872
ENSG00000151320.11,0.030053
ENSG00000151322.20,0.0
ENSG00000151327.14,20.140088000000002
ENSG00000151332.20,4.4262060000000005
ENSG00000151338.21,0.191596
ENSG00000151348.16,10.286781
ENSG00000151353.16,5.628925000000001
ENSG00000151360.10,0.0
ENSG00000151364.17,0.450253
ENSG00000151365.2,0.0
ENSG00000151366.13,82.198453
ENSG00000151376.19,2.103986
ENSG00000151379.4,0.0
ENSG00000151388.11,0.0
ENSG00000151413.17,2.666292
ENSG00000151414.15,5.100649
ENSG00000151418.12,0.0
ENSG00000151422.14,0.281339
ENSG00000151445.16,17.360941999999998
ENSG00000151458.12,0.549406
ENSG00000151461.20,6.70041
ENSG00000151465.14,89.434021
ENSG00000151466.12,8.939928
ENSG00000151468.11,0.347984
ENSG00000151470.13,0.892372
ENSG00000151474.23,0.667325
ENSG00000151475.6,0.0
ENSG00000151490.15,3.905647
ENSG00000151491.14,2.810801
ENSG00000151498.12,13.00809
ENSG00000151500.15,30.993969
ENSG00000151502.11,35.497932
ENSG00000151503.14,3.246554
ENSG00000151532.15,9.290831
ENSG00000151552.13,8.122256
ENSG00000151553.16,2.837942
ENSG00000151572.18,0.0
ENSG00000151575.15,0.0
ENSG00000151576.10,3.921654
ENSG00000151577.14,0.0
ENSG00000151611.17,0.695726
ENSG00000151612.18,0.749069
ENSG00000151615.3,0.0
ENSG00000151617.17,0.0
ENSG00000151623.15,0.362405
ENSG00000151631.8,0.0
ENSG00000151632.18,0.7863249999999999
ENSG00000151640.13,0.164283
ENSG00000151650.8,15.582921
ENSG00000151651.16,348.28315899999996
ENSG00000151655.19,0.0
ENSG00000151657.12,1.81066
ENSG00000151665.13,4.942213
ENSG00000151687.15,0.299833
ENSG00000151689.13,9.294142
ENSG00000151690.15,1.76169
ENSG00000151692.15,4.181728
ENSG00000151693.11,0.412384
ENSG00000151694.15,7.823290999999999
ENSG00000151702.18,60.919597
ENSG00000151704.16,0.0
ENSG00000151715.8,4.505878
ENSG00000151718.16,0.102549
ENSG00000151725.12,1.0109050000000002
ENSG00000151726.16,318.37446200000005
ENSG00000151729.11,1.056462
ENSG00000151743.11,3.789154
ENSG00000151746.15,0.567084
ENSG00000151748.15,0.842531
ENSG00000151773.13,0.067667
ENSG00000151778.11,0.364369
ENSG00000151779.14,11.884638
ENSG00000151789.13,0.069916
ENSG00000151790.9,0.0
ENSG00000151806.14,2.22884
ENSG00000151812.15,0.0
ENSG00000151834.16,0.0
ENSG00000151835.17,0.104131
ENSG00000151838.12,0.0
ENSG00000151846.9,0.0
ENSG00000151849.16,1.884569
ENSG00000151876.13,3.626696
ENSG00000151881.15,1.591525
ENSG00000151882.11,1.97713
ENSG00000151883.20,47.829632000000004
ENSG00000151892.16,0.0
ENSG00000151893.15,6.828217
ENSG00000151914.22,1.745245
ENSG00000151917.18,0.0
ENSG00000151923.18,32.145881
ENSG00000151929.10,4.385247
ENSG00000151948.12,72.08295700000001
ENSG00000151952.16,0.0
ENSG00000151962.8,0.0
ENSG00000151963.4,0.0
ENSG00000151967.19,0.0
ENSG00000152034.11,0.0
ENSG00000152049.7,0.0
ENSG00000152056.18,0.378077
ENSG00000152061.24,17.311457
ENSG00000152076.19,0.191452
ENSG00000152078.10,0.033612
ENSG00000152082.15,85.349508
ENSG00000152086.9,0.0
ENSG00000152092.17,0.0
ENSG00000152093.8,0.0
ENSG00000152102.18,13.970293
ENSG00000152104.12,0.0
ENSG00000152117.19,0.0
ENSG00000152127.9,7.096083
ENSG00000152128.13,0.2615
ENSG00000152133.17,0.731368
ENSG00000152137.8,0.0
ENSG00000152147.11,2.2163969999999997
ENSG00000152154.12,0.0
ENSG00000152192.8,0.0
ENSG00000152193.8,1.542179
ENSG00000152207.8,1.835753
ENSG00000152208.13,0.0
ENSG00000152213.4,14.429374
ENSG00000152214.14,0.0
ENSG00000152217.20,0.418773
ENSG00000152219.6,2.1402
ENSG00000152223.16,7.857906999999999
ENSG00000152229.18,40.890153
ENSG00000152234.16,202.48455900000002
ENSG00000152240.13,1.768099
ENSG00000152242.11,12.036457
ENSG00000152253.9,0.0
ENSG00000152254.11,0.0
ENSG00000152256.14,5.634316999999999
ENSG00000152266.7,0.0
ENSG00000152270.10,4.623232
ENSG00000152284.5,0.159166
ENSG00000152291.15,33.194071
ENSG00000152292.18,0.0
ENSG00000152315.5,0.95397
ENSG00000152332.16,3.982717
ENSG00000152348.16,1.4126880000000002
ENSG00000152359.15,3.791948
ENSG00000152377.15,0.239934
ENSG00000152380.10,1.612639
ENSG00000152382.6,3.152055
ENSG00000152402.11,0.0
ENSG00000152404.16,2.493856
ENSG00000152409.10,0.34949
ENSG00000152413.15,0.0
ENSG00000152422.16,1.84148
ENSG00000152430.19,0.0
ENSG00000152433.15,3.633051
ENSG00000152439.13,3.4319059999999997
ENSG00000152443.13,5.687315
ENSG00000152454.4,0.772171
ENSG00000152455.16,0.080681
ENSG00000152457.19,4.73704
ENSG00000152463.15,3.258217
ENSG00000152464.15,8.809296
ENSG00000152465.18,5.122368
ENSG00000152467.10,0.0
ENSG00000152475.7,0.49580399999999997
ENSG00000152484.14,3.520794
ENSG00000152492.15,5.169252
ENSG00000152495.11,1.154462
ENSG00000152503.10,0.0
ENSG00000152518.8,53.266621
ENSG00000152520.14,7.74273
ENSG00000152527.14,0.068466
ENSG00000152556.17,3.453304
ENSG00000152558.15,28.677491
ENSG00000152578.15,0.0
ENSG00000152580.9,0.0
ENSG00000152582.14,0.208453
ENSG00000152583.13,0.0
ENSG00000152591.15,0.0
ENSG00000152592.15,0.0
ENSG00000152595.17,0.0
ENSG00000152601.18,17.895139
ENSG00000152611.12,0.0
ENSG00000152620.13,1.164048
ENSG00000152642.11,2.545359
ENSG00000152661.9,0.0
ENSG00000152669.9,0.0
ENSG00000152670.19,0.0
ENSG00000152672.8,0.194807
ENSG00000152683.14,3.33197
ENSG00000152684.11,7.67407
ENSG00000152689.19,1.6051080000000002
ENSG00000152700.14,7.499174
ENSG00000152705.8,0.191122
ENSG00000152749.8,0.204579
ENSG00000152760.10,0.0
ENSG00000152763.17,0.0
ENSG00000152766.6,8.870108
ENSG00000152767.17,0.060914
ENSG00000152778.10,20.822772
ENSG00000152779.14,0.0
ENSG00000152782.19,0.075017
ENSG00000152784.16,2.4164510000000003
ENSG00000152785.8,0.0
ENSG00000152795.18,76.27388400000001
ENSG00000152804.11,43.23110200000001
ENSG00000152818.20,11.572085
ENSG00000152822.15,0.0
ENSG00000152894.15,0.0
ENSG00000152904.11,13.126759
ENSG00000152910.19,0.0
ENSG00000152926.17,3.134151
ENSG00000152931.10,0.04098
ENSG00000152932.8,0.0
ENSG00000152936.11,0.0
ENSG00000152939.17,0.2125
ENSG00000152942.19,3.529611
ENSG00000152944.9,2.1462589999999997
ENSG00000152952.14,0.101821
ENSG00000152953.13,0.247385
ENSG00000152954.12,0.0
ENSG00000152969.21,2.575168
ENSG00000152977.10,0.0
ENSG00000152990.14,0.0
ENSG00000153002.12,0.0
ENSG00000153006.16,3.479184
ENSG00000153012.12,0.0
ENSG00000153015.17,3.8110309999999994
ENSG00000153029.16,18.045749
ENSG00000153037.15,7.677454
ENSG00000153044.10,1.36566
ENSG00000153046.18,3.722733
ENSG00000153048.11,61.160638000000006
ENSG00000153060.8,0.0
ENSG00000153064.12,3.8534170000000003
ENSG00000153066.13,27.835716
ENSG00000153071.15,2.836719
ENSG00000153086.14,0.0
ENSG00000153093.21,0.177324
ENSG00000153094.26,9.606418
ENSG00000153107.13,5.730644
ENSG00000153113.25,0.0
ENSG00000153130.18,0.979733
ENSG00000153132.13,0.087752
ENSG00000153140.9,0.0
ENSG00000153147.6,9.882169000000001
ENSG00000153157.14,0.081809
ENSG00000153162.9,1.794536
ENSG00000153165.19,0.0
ENSG00000153179.15,52.517782999999994
ENSG00000153187.21,125.55939400000001
ENSG00000153201.17,7.104068999999999
ENSG00000153207.16,10.581298
ENSG00000153208.19,3.6797630000000003
ENSG00000153214.11,2.59359
ENSG00000153230.4,0.0
ENSG00000153233.13,0.0
ENSG00000153234.16,0.668346
ENSG00000153237.19,0.0
ENSG00000153246.13,0.0
ENSG00000153250.21,20.246608000000002
ENSG00000153253.20,0.0
ENSG00000153266.13,0.0
ENSG00000153283.14,17.249094
ENSG00000153291.16,0.475899
ENSG00000153292.16,0.0
ENSG00000153294.12,0.0
ENSG00000153303.18,0.0
ENSG00000153310.22,114.86093100000001
ENSG00000153317.15,15.355775
ENSG00000153339.15,17.49529
ENSG00000153347.10,0.0
ENSG00000153363.16,2.398082
ENSG00000153391.16,24.786070000000002
ENSG00000153395.11,24.076386000000003
ENSG00000153404.15,0.112658
ENSG00000153406.14,52.091566
ENSG00000153443.13,33.949875
ENSG00000153446.16,0.0
ENSG00000153485.6,6.640052000000001
ENSG00000153487.14,8.276445
ENSG00000153495.11,0.0
ENSG00000153498.12,0.0
ENSG00000153531.15,1.650645
ENSG00000153551.14,106.446872
ENSG00000153558.17,0.0
ENSG00000153560.12,10.415353000000001
ENSG00000153561.13,19.668023
ENSG00000153563.17,17.412583
ENSG00000153574.9,10.284166
ENSG00000153684.16,0.0
ENSG00000153707.20,0.0
ENSG00000153714.6,0.0
ENSG00000153721.19,0.103414
ENSG00000153767.10,3.007955
ENSG00000153774.9,10.098236
ENSG00000153779.11,0.0
ENSG00000153786.13,62.799129
ENSG00000153789.14,0.0
ENSG00000153790.12,1.123665
ENSG00000153802.12,0.098526
ENSG00000153814.13,31.003997
ENSG00000153815.18,49.945711
ENSG00000153820.13,0.0
ENSG00000153822.15,0.0
ENSG00000153823.19,7.236863
ENSG00000153827.15,48.271131
ENSG00000153832.12,0.512012
ENSG00000153879.9,7.445854
ENSG00000153885.15,6.804921
ENSG00000153896.19,1.631074
ENSG00000153898.13,2.052444
ENSG00000153902.14,0.0
ENSG00000153904.21,0.237283
ENSG00000153914.16,6.066536
ENSG00000153922.12,12.456808
ENSG00000153923.11,0.0
ENSG00000153930.13,0.0
ENSG00000153933.10,1.085427
ENSG00000153936.18,1.252348
ENSG00000153944.12,7.464696
ENSG00000153956.17,0.0
ENSG00000153975.10,2.58852
ENSG00000153976.3,2.367621
ENSG00000153982.11,1.0360420000000001
ENSG00000153989.8,3.23467
ENSG00000153993.14,0.0
ENSG00000154001.14,2.606496
ENSG00000154007.7,0.0
ENSG00000154016.14,35.771702000000005
ENSG00000154025.16,0.124176
ENSG00000154027.19,1.12419
ENSG00000154040.21,0.0
ENSG00000154059.11,1.819868
ENSG00000154065.17,0.30324
ENSG00000154079.6,1.861968
ENSG00000154080.14,0.0
ENSG00000154096.14,0.051572
ENSG00000154099.18,0.166166
ENSG00000154102.11,3.255681
ENSG00000154114.13,1.388239
ENSG00000154118.13,0.0
ENSG00000154122.14,35.788819000000004
ENSG00000154124.7,9.290592
ENSG00000154127.10,4.541251
ENSG00000154133.15,0.0
ENSG00000154134.15,4.905535
ENSG00000154143.3,0.0
ENSG00000154144.13,36.529861000000004
ENSG00000154146.13,258.901994
ENSG00000154153.15,3.092544
ENSG00000154162.15,0.0
ENSG00000154165.5,0.619397
ENSG00000154174.8,4.438181
ENSG00000154175.19,0.0
ENSG00000154188.10,0.275229
ENSG00000154198.15,0.0
ENSG00000154217.16,15.937438
ENSG00000154222.15,22.019866
ENSG00000154227.14,0.133579
ENSG00000154229.12,3.382002
ENSG00000154237.13,6.330921
ENSG00000154240.18,0.0
ENSG00000154252.12,0.0
ENSG00000154258.17,0.0
ENSG00000154262.13,0.112034
ENSG00000154263.18,0.0
ENSG00000154265.16,2.823086
ENSG00000154269.15,0.330767
ENSG00000154274.15,0.349476
ENSG00000154277.13,0.0
ENSG00000154305.18,51.047135
ENSG00000154309.9,0.5801879999999999
ENSG00000154310.17,4.861598
ENSG00000154316.17,0.0
ENSG00000154319.16,0.516251
ENSG00000154328.16,1.088914
ENSG00000154330.13,1.165099
ENSG00000154342.6,0.0
ENSG00000154358.23,5.5720849999999995
ENSG00000154359.13,1.217745
ENSG00000154370.16,28.667561000000003
ENSG00000154380.19,0.08733
ENSG00000154415.8,0.0
ENSG00000154429.11,1.576584
ENSG00000154438.8,0.0
ENSG00000154447.15,0.360959
ENSG00000154451.15,116.112466
ENSG00000154473.18,38.116119
ENSG00000154478.4,0.0
ENSG00000154479.13,0.0
ENSG00000154485.5,0.0
ENSG00000154493.20,0.0
ENSG00000154511.12,1.757887
ENSG00000154518.10,134.173668
ENSG00000154529.15,1.375479
ENSG00000154545.17,0.186876
ENSG00000154548.10,0.0
ENSG00000154553.17,0.0
ENSG00000154556.20,0.077152
ENSG00000154582.18,9.176443
ENSG00000154589.7,12.106657
ENSG00000154608.14,0.0
ENSG00000154611.15,0.0
ENSG00000154620.6,0.0
ENSG00000154639.19,0.0
ENSG00000154640.15,0.91246
ENSG00000154642.11,2.974961
ENSG00000154645.14,0.0
ENSG00000154646.9,0.0
ENSG00000154654.15,0.0
ENSG00000154655.16,0.984789
ENSG00000154678.18,0.0
ENSG00000154710.18,4.793595
ENSG00000154719.14,5.625298
ENSG00000154721.15,0.142029
ENSG00000154723.13,30.705393
ENSG00000154727.11,1.353827
ENSG00000154734.16,0.823178
ENSG00000154736.6,0.117868
ENSG00000154743.19,1.562392
ENSG00000154760.14,4.622189
ENSG00000154764.6,0.526579
ENSG00000154767.16,23.29459
ENSG00000154781.17,18.669235
ENSG00000154783.12,0.0
ENSG00000154803.13,23.550229
ENSG00000154813.10,4.648879
ENSG00000154814.14,5.953605
ENSG00000154822.18,12.718119
ENSG00000154832.16,66.14378599999999
ENSG00000154839.10,0.426818
ENSG00000154845.16,34.122185
ENSG00000154856.13,1.121043
ENSG00000154864.14,0.0
ENSG00000154874.18,0.0
ENSG00000154889.17,72.07567800000001
ENSG00000154898.17,0.0
ENSG00000154914.17,0.0
ENSG00000154917.11,0.176865
ENSG00000154920.15,0.356782
ENSG00000154928.19,3.0412879999999998
ENSG00000154930.15,19.902191000000002
ENSG00000154945.7,5.494257999999999
ENSG00000154957.14,12.599498
ENSG00000154975.14,0.0
ENSG00000154978.13,37.067823
ENSG00000154997.9,1.186299
ENSG00000155008.16,0.777679
ENSG00000155011.9,0.0
ENSG00000155016.18,0.842282
ENSG00000155026.17,0.0
ENSG00000155034.21,2.9866289999999998
ENSG00000155052.15,0.0
ENSG00000155066.16,0.559877
ENSG00000155070.8,0.0
ENSG00000155085.16,2.388847
ENSG00000155087.4,0.0
ENSG00000155090.15,12.988745
ENSG00000155093.20,2.663122
ENSG00000155096.15,10.207399
ENSG00000155097.12,11.062314
ENSG00000155099.8,56.643692
ENSG00000155100.11,0.82714
ENSG00000155111.15,5.485208
ENSG00000155115.7,24.986118
ENSG00000155158.20,1.802271
ENSG00000155189.12,1.5985399999999998
ENSG00000155229.21,28.792867
ENSG00000155249.5,0.0
ENSG00000155252.14,7.667792
ENSG00000155254.13,7.824999
ENSG00000155256.18,41.927964
ENSG00000155265.12,2.444845
ENSG00000155269.12,0.0
ENSG00000155275.19,4.276223
ENSG00000155287.12,67.557338
ENSG00000155304.6,1.421423
ENSG00000155307.19,11.548535
ENSG00000155313.16,9.703881
ENSG00000155324.10,2.2819789999999998
ENSG00000155329.12,2.134946
ENSG00000155330.10,0.334097
ENSG00000155363.19,51.606795999999996
ENSG00000155366.17,155.38311000000002
ENSG00000155367.16,0.389614
ENSG00000155368.18,27.320960999999997
ENSG00000155380.13,2.345485
ENSG00000155393.14,8.653479
ENSG00000155428.12,0.0
ENSG00000155438.12,15.126526
ENSG00000155463.14,139.959582
ENSG00000155465.21,242.688959
ENSG00000155495.9,0.0
ENSG00000155506.19,13.978141
ENSG00000155508.14,47.047895999999994
ENSG00000155511.19,0.0
ENSG00000155530.4,0.943419
ENSG00000155542.12,1.602093
ENSG00000155545.20,0.488321
ENSG00000155561.15,11.134306
ENSG00000155592.16,0.429596
ENSG00000155621.15,1.6074099999999998
ENSG00000155622.7,0.0
ENSG00000155629.15,33.753190000000004
ENSG00000155636.16,2.627159
ENSG00000155657.29,0.034893
ENSG00000155659.15,3.440791
ENSG00000155660.11,24.666402
ENSG00000155666.12,2.58113
ENSG00000155714.14,0.0
ENSG00000155719.18,0.0
ENSG00000155729.13,4.478886
ENSG00000155744.10,2.905068
ENSG00000155749.13,1.9798099999999998
ENSG00000155754.15,0.0
ENSG00000155755.20,0.088397
ENSG00000155760.3,0.101149
ENSG00000155761.14,0.0
ENSG00000155792.10,0.093511
ENSG00000155816.21,0.0
ENSG00000155827.12,13.826423
ENSG00000155833.15,0.0
ENSG00000155846.17,1.056075
ENSG00000155849.16,56.032292000000005
ENSG00000155850.9,0.367537
ENSG00000155858.6,0.453267
ENSG00000155868.8,2.129298
ENSG00000155875.15,0.0
ENSG00000155876.6,39.801642
ENSG00000155886.12,0.0
ENSG00000155890.4,0.0
ENSG00000155893.13,1.7327949999999999
ENSG00000155897.10,0.0
ENSG00000155903.14,2.734561
ENSG00000155906.20,2.5964150000000004
ENSG00000155918.8,0.0
ENSG00000155926.14,197.491538
ENSG00000155957.19,108.926944
ENSG00000155959.12,5.9315
ENSG00000155961.5,1.104129
ENSG00000155962.13,4.983301
ENSG00000155966.14,0.131185
ENSG00000155970.13,0.0
ENSG00000155974.14,6.065732000000001
ENSG00000155975.10,9.652519
ENSG00000155980.13,0.0
ENSG00000156006.5,0.0
ENSG00000156009.10,0.0
ENSG00000156011.19,0.019399
ENSG00000156017.13,1.281494
ENSG00000156026.15,7.088546
ENSG00000156030.14,12.828494
ENSG00000156042.19,0.505852
ENSG00000156049.7,0.0
ENSG00000156050.10,0.409454
ENSG00000156052.11,7.512105
ENSG00000156076.10,0.0
ENSG00000156096.15,0.0
ENSG00000156097.13,0.0
ENSG00000156103.16,0.0
ENSG00000156110.15,7.774757
ENSG00000156113.25,0.0
ENSG00000156127.8,32.264545
ENSG00000156136.10,6.740221
ENSG00000156140.11,0.0
ENSG00000156150.9,0.0
ENSG00000156162.16,2.8371649999999997
ENSG00000156170.14,3.0255460000000003
ENSG00000156171.15,27.46567
ENSG00000156172.6,0.211825
ENSG00000156194.19,0.0
ENSG00000156206.14,0.89775
ENSG00000156218.13,0.0
ENSG00000156219.18,0.0
ENSG00000156222.12,0.0
ENSG00000156232.7,3.570563
ENSG00000156234.8,0.0
ENSG00000156239.12,0.629674
ENSG00000156253.7,3.015249
ENSG00000156256.15,5.381681
ENSG00000156261.13,68.96245499999999
ENSG00000156265.17,13.13719
ENSG00000156269.5,0.0
ENSG00000156273.16,14.344165
ENSG00000156282.5,0.0
ENSG00000156284.6,0.0
ENSG00000156298.13,0.149078
ENSG00000156299.15,5.305928000000001
ENSG00000156304.15,13.196422
ENSG00000156313.15,5.339836
ENSG00000156345.18,0.521822
ENSG00000156374.16,0.543726
ENSG00000156381.9,4.169345
ENSG00000156384.15,2.2856620000000003
ENSG00000156395.14,0.123876
ENSG00000156398.13,1.469398
ENSG00000156411.10,33.009897
ENSG00000156413.15,0.234197
ENSG00000156414.20,2.475676
ENSG00000156427.8,0.0
ENSG00000156453.14,0.74674
ENSG00000156463.18,0.0
ENSG00000156466.11,0.0
ENSG00000156467.10,6.924979
ENSG00000156469.9,4.225443
ENSG00000156471.13,59.666598
ENSG00000156475.19,2.9295780000000002
ENSG00000156482.11,1162.156567
ENSG00000156486.8,0.0
ENSG00000156500.16,9.648145
ENSG00000156502.14,13.066539
ENSG00000156504.17,10.774305
ENSG00000156508.20,3561.0168590000003
ENSG00000156509.14,0.0
ENSG00000156510.13,1.86246
ENSG00000156515.25,71.584394
ENSG00000156521.14,8.479594
ENSG00000156531.18,1.2309940000000001
ENSG00000156535.15,0.076465
ENSG00000156564.10,0.0
ENSG00000156574.10,0.0
ENSG00000156575.2,0.328314
ENSG00000156587.16,728.638431
ENSG00000156599.12,36.939391
ENSG00000156603.20,10.292794
ENSG00000156639.12,58.373738
ENSG00000156642.17,76.8911
ENSG00000156650.14,1.786022
ENSG00000156671.15,2.123139
ENSG00000156675.16,67.971571
ENSG00000156687.11,0.0
ENSG00000156689.7,0.0
ENSG00000156697.13,8.410992
ENSG00000156709.15,15.748987
ENSG00000156711.17,24.936932
ENSG00000156735.11,6.968156
ENSG00000156738.18,12.392866
ENSG00000156755.10,0.0
ENSG00000156787.17,2.0063199999999997
ENSG00000156795.8,2.1787479999999997
ENSG00000156802.13,0.747201
ENSG00000156804.7,4.069528
ENSG00000156831.9,2.820018
ENSG00000156853.13,5.324233
ENSG00000156858.12,84.607063
ENSG00000156860.16,83.995285
ENSG00000156869.14,1.058147
ENSG00000156873.16,54.482696
ENSG00000156875.14,12.963985
ENSG00000156876.10,0.182392
ENSG00000156885.6,0.0
ENSG00000156886.12,0.8161069999999999
ENSG00000156920.11,0.0
ENSG00000156925.12,0.0
ENSG00000156928.5,18.516544
ENSG00000156931.17,27.609974
ENSG00000156958.15,10.326414999999999
ENSG00000156959.9,0.0
ENSG00000156966.8,0.744622
ENSG00000156968.9,0.160917
ENSG00000156970.13,0.12938
ENSG00000156973.14,22.13745
ENSG00000156976.17,63.55033400000001
ENSG00000156983.17,13.297432
ENSG00000156990.14,37.817841
ENSG00000157005.4,0.0
ENSG00000157014.11,29.524092
ENSG00000157017.16,20.905432
ENSG00000157020.18,86.79717000000001
ENSG00000157021.9,0.0
ENSG00000157036.13,2.743003
ENSG00000157045.9,21.663164000000002
ENSG00000157060.16,0.0
ENSG00000157064.11,0.0
ENSG00000157077.16,0.126096
ENSG00000157087.20,0.0
ENSG00000157093.9,0.0
ENSG00000157103.13,0.05799
ENSG00000157106.18,5.938610000000001
ENSG00000157107.14,2.564638
ENSG00000157110.16,0.490598
ENSG00000157111.13,0.422577
ENSG00000157119.12,0.0
ENSG00000157131.12,0.0
ENSG00000157150.5,0.0
ENSG00000157152.17,0.344434
ENSG00000157168.22,17.580585
ENSG00000157181.16,1.225331
ENSG00000157184.7,11.329574000000001
ENSG00000157191.20,120.217188
ENSG00000157193.18,0.8728389999999999
ENSG00000157211.12,0.0
ENSG00000157212.20,2.08225
ENSG00000157214.14,0.069245
ENSG00000157216.17,26.816817
ENSG00000157219.5,0.0
ENSG00000157224.16,0.0
ENSG00000157227.14,0.696787
ENSG00000157240.4,1.160791
ENSG00000157259.8,5.339243
ENSG00000157303.11,53.098704
ENSG00000157306.15,0.192491
ENSG00000157315.5,1.541402
ENSG00000157322.18,0.887234
ENSG00000157326.19,8.25921
ENSG00000157330.10,0.0
ENSG00000157335.21,1.787731
ENSG00000157343.9,0.910032
ENSG00000157349.17,22.096622
ENSG00000157350.13,39.452745
ENSG00000157353.17,9.592787
ENSG00000157368.12,2.208062
ENSG00000157379.14,27.253491000000004
ENSG00000157388.20,0.687851
ENSG00000157399.17,0.284601
ENSG00000157404.17,0.593525
ENSG00000157423.18,0.0
ENSG00000157426.14,1.730311
ENSG00000157429.16,0.452742
ENSG00000157445.16,3.726529
ENSG00000157450.16,12.269121
ENSG00000157456.8,1.543578
ENSG00000157470.12,0.068057
ENSG00000157483.9,1.187396
ENSG00000157500.12,1.851683
ENSG00000157502.13,0.0
ENSG00000157510.14,0.072925
ENSG00000157514.18,633.9001689999999
ENSG00000157538.14,33.394330000000004
ENSG00000157540.22,8.097423
ENSG00000157542.11,0.0
ENSG00000157551.19,201.15930300000002
ENSG00000157554.20,0.049849
ENSG00000157557.13,21.628328
ENSG00000157570.12,6.957307999999999
ENSG00000157578.14,0.383213
ENSG00000157593.20,15.304195
ENSG00000157600.13,35.964781
ENSG00000157601.15,204.010103
ENSG00000157613.11,0.0
ENSG00000157617.17,5.138176
ENSG00000157625.16,3.5642320000000005
ENSG00000157637.13,62.48843
ENSG00000157653.12,0.493396
ENSG00000157654.19,1.117632
ENSG00000157657.15,0.548851
ENSG00000157680.17,0.0
ENSG00000157693.15,12.620118
ENSG00000157703.16,0.0
ENSG00000157734.14,3.264897
ENSG00000157741.15,1.242423
ENSG00000157764.14,2.9929099999999997
ENSG00000157765.13,0.0
ENSG00000157766.19,0.0
ENSG00000157778.9,15.751893
ENSG00000157782.10,0.211326
ENSG00000157796.18,3.09654
ENSG00000157800.18,13.256926
ENSG00000157823.17,18.874578
ENSG00000157827.21,1.084876
ENSG00000157833.13,0.373348
ENSG00000157837.16,27.168082
ENSG00000157851.17,0.0
ENSG00000157856.12,0.0
ENSG00000157869.16,3.364858
ENSG00000157870.17,11.294826
ENSG00000157873.18,274.43791799999997
ENSG00000157881.16,11.586509
ENSG00000157884.11,0.0
ENSG00000157890.19,0.0
ENSG00000157895.11,7.215215
ENSG00000157911.11,3.6956789999999997
ENSG00000157916.20,151.59292799999997
ENSG00000157927.17,0.0
ENSG00000157933.11,11.741548
ENSG00000157954.15,68.352462
ENSG00000157965.13,0.0
ENSG00000157978.13,46.432325
ENSG00000157985.20,0.103896
ENSG00000157992.12,2.725633
ENSG00000157999.6,0.0
ENSG00000158006.14,8.027676
ENSG00000158008.10,0.0
ENSG00000158014.15,0.076515
ENSG00000158019.21,33.354653
ENSG00000158022.7,0.0
ENSG00000158023.10,0.151457
ENSG00000158042.9,7.407046
ENSG00000158050.6,5.867147999999999
ENSG00000158055.17,0.0
ENSG00000158062.21,109.160594
ENSG00000158077.5,0.0
ENSG00000158079.16,0.373736
ENSG00000158089.15,0.788559
ENSG00000158092.7,8.343539
ENSG00000158104.11,2.173841
ENSG00000158106.15,6.471577
ENSG00000158109.15,59.605327
ENSG00000158113.13,1.361766
ENSG00000158122.12,1.687306
ENSG00000158125.10,0.0
ENSG00000158156.9,97.456965
ENSG00000158158.12,2.808091
ENSG00000158161.16,5.502851000000001
ENSG00000158163.15,0.202068
ENSG00000158164.7,0.0
ENSG00000158169.14,1.125951
ENSG00000158186.13,2.2017539999999998
ENSG00000158195.11,74.612927
ENSG00000158201.10,23.129091
ENSG00000158220.14,0.150593
ENSG00000158234.13,0.604821
ENSG00000158246.8,0.202991
ENSG00000158258.16,0.015865
ENSG00000158270.12,0.04018
ENSG00000158286.13,0.990446
ENSG00000158290.19,10.292853
ENSG00000158292.7,0.943254
ENSG00000158296.14,0.07191
ENSG00000158301.20,0.20461
ENSG00000158315.11,0.0
ENSG00000158321.19,1.636039
ENSG00000158352.18,0.05094
ENSG00000158373.9,20.787537
ENSG00000158402.21,0.381897
ENSG00000158406.6,14.865872
ENSG00000158411.11,21.552189
ENSG00000158417.12,9.045482
ENSG00000158423.17,0.20411
ENSG00000158427.15,0.947699
ENSG00000158428.5,4.5905130000000005
ENSG00000158435.8,15.21111
ENSG00000158445.10,0.086505
ENSG00000158457.6,20.299955
ENSG00000158458.21,0.0
ENSG00000158467.17,3.813025
ENSG00000158470.5,28.901341
ENSG00000158473.8,29.202245
ENSG00000158477.7,1.92446
ENSG00000158480.11,7.445254
ENSG00000158481.13,7.004092
ENSG00000158482.10,0.0
ENSG00000158483.20,0.0
ENSG00000158485.11,0.741535
ENSG00000158486.15,0.0
ENSG00000158488.16,1.230077
ENSG00000158497.7,0.0
ENSG00000158516.12,0.0
ENSG00000158517.16,2223.9709169999996
ENSG00000158525.16,0.12294
ENSG00000158526.8,11.226544
ENSG00000158528.12,0.023405
ENSG00000158545.16,23.306172
ENSG00000158552.13,69.105509
ENSG00000158553.5,0.0
ENSG00000158555.15,25.43631
ENSG00000158560.14,0.0
ENSG00000158571.11,0.0
ENSG00000158578.21,1374.589044
ENSG00000158604.16,34.754780000000004
ENSG00000158615.10,12.148404
ENSG00000158623.14,4.608693
ENSG00000158636.17,5.0763929999999995
ENSG00000158639.13,0.0
ENSG00000158669.11,44.059594999999995
ENSG00000158683.10,0.190852
ENSG00000158691.16,0.200688
ENSG00000158710.15,2085.667773
ENSG00000158711.14,1.896884
ENSG00000158714.11,6.127885
ENSG00000158715.6,4.2361629999999995
ENSG00000158716.9,39.117806
ENSG00000158717.11,250.668562
ENSG00000158731.2,0.0
ENSG00000158747.15,3.065752
ENSG00000158748.4,0.061606
ENSG00000158764.7,0.0
ENSG00000158769.19,49.432981
ENSG00000158773.14,238.543719
ENSG00000158786.5,0.0
ENSG00000158792.16,13.972278000000001
ENSG00000158793.14,41.346742
ENSG00000158796.17,50.370013
ENSG00000158805.12,49.88899
ENSG00000158806.14,0.0
ENSG00000158813.18,0.855541
ENSG00000158815.11,0.0
ENSG00000158816.16,0.0
ENSG00000158825.6,543.901665
ENSG00000158828.8,107.654599
ENSG00000158850.15,41.994488000000004
ENSG00000158856.19,170.185086
ENSG00000158859.10,0.04638
ENSG00000158863.22,19.886538
ENSG00000158864.13,94.497132
ENSG00000158865.13,0.0
ENSG00000158869.11,1969.028743
ENSG00000158874.12,0.0
ENSG00000158882.15,6.730095
ENSG00000158887.21,11.917975
ENSG00000158901.12,0.0
ENSG00000158941.17,45.310804
ENSG00000158955.11,0.0
ENSG00000158966.16,0.087717
ENSG00000158985.14,25.055239
ENSG00000158987.22,2.239151
ENSG00000159023.23,41.5185
ENSG00000159055.4,1.477457
ENSG00000159063.14,12.562486
ENSG00000159069.14,102.35064
ENSG00000159079.19,11.381034
ENSG00000159082.18,2.988791
ENSG00000159086.15,3.6309620000000002
ENSG00000159110.22,40.248522
ENSG00000159111.13,36.604154
ENSG00000159128.16,82.284088
ENSG00000159131.17,14.555867000000001
ENSG00000159140.23,63.440183000000005
ENSG00000159147.18,1.492624
ENSG00000159164.10,0.265498
ENSG00000159166.15,0.0
ENSG00000159167.12,0.0
ENSG00000159173.20,0.0
ENSG00000159176.14,51.700453
ENSG00000159182.5,0.0
ENSG00000159184.8,0.0
ENSG00000159186.4,0.0
ENSG00000159189.13,8.988548
ENSG00000159197.5,0.0
ENSG00000159199.14,102.583425
ENSG00000159200.18,3.832329
ENSG00000159202.18,39.098816
ENSG00000159208.16,0.732252
ENSG00000159210.10,102.383205
ENSG00000159212.13,0.121197
ENSG00000159214.13,2.358729
ENSG00000159216.20,7.654167
ENSG00000159217.10,0.0
ENSG00000159224.4,0.0
ENSG00000159228.13,52.197205000000004
ENSG00000159231.6,2.757758
ENSG00000159239.13,0.0
ENSG00000159247.14,0.0
ENSG00000159248.5,0.0
ENSG00000159251.10,0.0
ENSG00000159256.13,8.038691
ENSG00000159259.8,0.520063
ENSG00000159261.12,0.0
ENSG00000159263.16,0.0
ENSG00000159267.17,0.8520880000000001
ENSG00000159289.6,0.074489
ENSG00000159307.20,0.023146
ENSG00000159314.13,73.985507
ENSG00000159322.18,65.93264599999999
ENSG00000159335.19,40.922603
ENSG00000159337.7,0.0
ENSG00000159339.13,233.20655299999999
ENSG00000159346.13,440.394121
ENSG00000159348.13,35.25669499999999
ENSG00000159352.16,150.976344
ENSG00000159363.19,22.092334
ENSG00000159374.18,0.850904
ENSG00000159377.11,338.20159099999995
ENSG00000159387.8,0.0
ENSG00000159388.6,67.172408
ENSG00000159398.16,0.0
ENSG00000159399.10,12.057244
ENSG00000159403.18,1.456013
ENSG00000159409.15,0.0
ENSG00000159423.17,4.450025
ENSG00000159433.12,0.5124869999999999
ENSG00000159445.13,11.332915
ENSG00000159450.13,0.0
ENSG00000159455.9,0.0
ENSG00000159459.12,1.510261
ENSG00000159461.15,29.649765000000002
ENSG00000159479.17,23.245424
ENSG00000159495.8,0.0
ENSG00000159496.15,52.331906
ENSG00000159516.9,0.0
ENSG00000159527.4,0.0
ENSG00000159556.10,6.607019
ENSG00000159579.14,5.38565
ENSG00000159588.15,3.60346
ENSG00000159592.11,38.867993999999996
ENSG00000159593.15,7.862735000000001
ENSG00000159596.7,25.262867
ENSG00000159618.16,8.267941
ENSG00000159625.15,0.542796
ENSG00000159640.17,1.830819
ENSG00000159648.13,0.0
ENSG00000159650.9,0.0
ENSG00000159658.15,20.792662
ENSG00000159674.12,86.72518000000001
ENSG00000159685.11,1.840421
ENSG00000159692.18,93.683713
ENSG00000159708.18,0.930022
ENSG00000159712.10,0.0
ENSG00000159713.11,25.620909
ENSG00000159714.12,2.09608
ENSG00000159720.13,489.541011
ENSG00000159723.5,0.725152
ENSG00000159733.14,5.027286
ENSG00000159753.15,28.334125
ENSG00000159761.15,3.230012
ENSG00000159763.4,0.0
ENSG00000159784.18,0.335763
ENSG00000159788.20,12.000350999999998
ENSG00000159792.10,14.056853
ENSG00000159840.16,850.241022
ENSG00000159842.16,26.356096
ENSG00000159860.8,0.0
ENSG00000159871.15,0.34717
ENSG00000159873.10,3.767437
ENSG00000159882.13,2.5502469999999997
ENSG00000159884.12,21.89738
ENSG00000159885.14,1.094181
ENSG00000159899.16,0.811178
ENSG00000159904.13,0.485587
ENSG00000159905.15,0.116374
ENSG00000159915.13,0.0
ENSG00000159917.17,2.9224300000000003
ENSG00000159921.20,1.960731
ENSG00000159958.7,2.74023
ENSG00000159961.3,0.0
ENSG00000160007.20,2.78198
ENSG00000160013.10,12.993241000000001
ENSG00000160014.17,307.969627
ENSG00000160049.12,5.806411
ENSG00000160050.16,15.97812
ENSG00000160051.12,0.755304
ENSG00000160055.20,15.173219000000001
ENSG00000160058.19,27.331341
ENSG00000160062.15,0.096773
ENSG00000160072.20,12.588294000000001
ENSG00000160075.12,132.748758
ENSG00000160087.21,38.588916000000005
ENSG00000160094.15,11.596068
ENSG00000160097.21,0.0
ENSG00000160111.15,4.176818
ENSG00000160113.6,1.11594
ENSG00000160117.16,2.651698
ENSG00000160124.9,3.437753
ENSG00000160131.14,10.582204
ENSG00000160145.16,1.432653
ENSG00000160161.9,0.110943
ENSG00000160172.11,0.0
ENSG00000160179.20,18.858338
ENSG00000160180.17,12.616784
ENSG00000160181.9,0.0
ENSG00000160182.3,0.0
ENSG00000160183.17,0.572186
ENSG00000160185.15,10.989938
ENSG00000160188.10,0.0
ENSG00000160190.14,9.249861000000001
ENSG00000160191.18,1.444187
ENSG00000160193.12,2.370715
ENSG00000160194.18,12.101301999999999
ENSG00000160199.15,6.727082
ENSG00000160200.18,8.720928
ENSG00000160201.12,62.41309100000001
ENSG00000160202.8,0.0
ENSG00000160207.9,0.0
ENSG00000160208.13,4.921928
ENSG00000160209.19,73.805688
ENSG00000160211.20,224.027229
ENSG00000160213.10,363.654874
ENSG00000160214.13,8.027859
ENSG00000160216.21,36.481485
ENSG00000160218.13,15.371099
ENSG00000160219.12,17.314695999999998
ENSG00000160221.18,7.2544699999999995
ENSG00000160223.18,1.7956580000000002
ENSG00000160224.17,0.40897
ENSG00000160226.16,21.74182
ENSG00000160229.13,0.107725
ENSG00000160233.8,0.393198
ENSG00000160255.19,1335.704801
ENSG00000160256.14,17.537449
ENSG00000160271.16,24.023644
ENSG00000160282.15,0.0
ENSG00000160284.15,7.941444
ENSG00000160285.15,10.409225
ENSG00000160293.17,4.496354
ENSG00000160294.11,25.269134
ENSG00000160298.18,2.305505
ENSG00000160299.19,8.690082
ENSG00000160305.19,12.215758000000001
ENSG00000160307.10,6.057239
ENSG00000160310.20,101.327991
ENSG00000160318.6,6.18891
ENSG00000160321.16,0.0
ENSG00000160323.19,0.429724
ENSG00000160325.15,0.737197
ENSG00000160326.14,38.538082
ENSG00000160336.17,1.805886
ENSG00000160339.16,0.0
ENSG00000160345.13,0.0
ENSG00000160349.10,0.0
ENSG00000160352.16,0.053482
ENSG00000160360.13,2.996428
ENSG00000160392.14,9.608257
ENSG00000160396.9,0.0
ENSG00000160401.15,0.0
ENSG00000160404.18,41.742912
ENSG00000160408.16,21.375104999999998
ENSG00000160410.15,467.984552
ENSG00000160439.16,2.590009
ENSG00000160445.11,36.863554
ENSG00000160446.19,81.86297900000001
ENSG00000160447.7,0.069439
ENSG00000160460.17,0.038556
ENSG00000160469.17,0.661171
ENSG00000160471.13,0.0
ENSG00000160472.5,0.0
ENSG00000160505.16,0.0
ENSG00000160539.6,0.593366
ENSG00000160551.12,2.6832730000000002
ENSG00000160563.14,18.997284
ENSG00000160570.14,155.325288
ENSG00000160584.17,22.177709
ENSG00000160588.10,27.182492
ENSG00000160593.20,1082.279792
ENSG00000160602.14,3.87751
ENSG00000160606.11,0.784501
ENSG00000160613.15,64.603504
ENSG00000160633.13,60.639592
ENSG00000160654.11,10.537840000000001
ENSG00000160678.12,0.0
ENSG00000160679.14,60.677357
ENSG00000160683.5,5.458835
ENSG00000160685.14,116.754292
ENSG00000160688.19,32.719656
ENSG00000160691.19,40.203787000000005
ENSG00000160695.16,28.210662
ENSG00000160703.17,16.198238999999997
ENSG00000160710.19,213.94589
ENSG00000160712.13,108.40686
ENSG00000160714.11,69.701049
ENSG00000160716.6,0.0
ENSG00000160741.17,80.363485
ENSG00000160746.13,15.904955999999999
ENSG00000160752.15,102.001574
ENSG00000160753.17,11.968157999999999
ENSG00000160766.17,0.0
ENSG00000160767.23,9.637024
ENSG00000160781.17,2.796493
ENSG00000160783.19,87.26714199999999
ENSG00000160785.14,44.235389
ENSG00000160789.25,10.394732
ENSG00000160791.14,2.387034
ENSG00000160796.18,485.07089
ENSG00000160799.13,60.432272000000005
ENSG00000160801.14,0.0
ENSG00000160803.8,11.347458
ENSG00000160808.13,0.0
ENSG00000160813.7,23.114738
ENSG00000160818.17,0.649359
ENSG00000160838.14,0.0
ENSG00000160856.21,7.059025999999999
ENSG00000160862.13,0.0
ENSG00000160867.15,0.399416
ENSG00000160868.16,0.0
ENSG00000160870.15,0.0
ENSG00000160877.7,18.989562
ENSG00000160882.13,0.0
ENSG00000160883.11,220.329961
ENSG00000160886.13,0.0
ENSG00000160888.8,132.124952
ENSG00000160908.15,32.772627
ENSG00000160917.15,19.460042
ENSG00000160932.11,437.808063
ENSG00000160948.14,11.879135999999999
ENSG00000160949.18,1.82694
ENSG00000160951.4,0.0
ENSG00000160953.17,8.635807
ENSG00000160957.15,0.674118
ENSG00000160959.8,11.581001
ENSG00000160961.12,9.956682
ENSG00000160963.14,0.080013
ENSG00000160972.10,5.588533
ENSG00000160973.8,0.0
ENSG00000160991.17,41.997443
ENSG00000160993.4,7.64316
ENSG00000160994.4,0.0
ENSG00000160999.11,34.550678999999995
ENSG00000161010.16,14.705743
ENSG00000161011.20,321.2436
ENSG00000161013.17,57.420263
ENSG00000161016.18,1521.3026
ENSG00000161021.13,0.0
ENSG00000161031.13,0.173246
ENSG00000161036.13,38.922338
ENSG00000161040.19,1.2586590000000002
ENSG00000161048.12,1.8420640000000001
ENSG00000161055.4,2.325589
ENSG00000161057.13,16.287989
ENSG00000161082.13,0.076043
ENSG00000161091.15,70.79658
ENSG00000161103.12,0.0
ENSG00000161132.6,0.0
ENSG00000161133.19,0.0
ENSG00000161179.14,21.358728
ENSG00000161180.11,0.0
ENSG00000161202.20,25.591865
ENSG00000161203.14,225.967647
ENSG00000161204.12,43.437641
ENSG00000161217.12,34.805866
ENSG00000161243.10,0.314123
ENSG00000161249.21,0.544644
ENSG00000161265.15,38.049292
ENSG00000161267.12,9.867313000000001
ENSG00000161270.20,0.041716
ENSG00000161277.11,5.90841
ENSG00000161281.11,0.0
ENSG00000161298.19,0.423036
ENSG00000161328.11,0.144294
ENSG00000161381.14,8.274819
ENSG00000161395.14,13.411639000000001
ENSG00000161405.18,7.600838
ENSG00000161509.14,0.0
ENSG00000161513.12,3.352942
ENSG00000161526.15,104.279207
ENSG00000161533.12,23.816689
ENSG00000161542.17,14.4977
ENSG00000161544.10,0.0
ENSG00000161547.17,71.859038
ENSG00000161551.15,0.857821
ENSG00000161558.11,3.9163360000000003
ENSG00000161594.7,0.0
ENSG00000161609.10,0.0
ENSG00000161610.1,0.0
ENSG00000161618.10,36.253942
ENSG00000161634.12,0.0
ENSG00000161638.11,137.954484
ENSG00000161640.15,3.672692
ENSG00000161642.18,128.068931
ENSG00000161643.13,5.045353
ENSG00000161647.19,0.256669
ENSG00000161649.14,0.0
ENSG00000161652.13,0.0
ENSG00000161653.11,2.395477
ENSG00000161654.10,15.368065
ENSG00000161664.7,0.0
ENSG00000161671.17,76.753283
ENSG00000161677.12,45.96201
ENSG00000161681.17,0.047072
ENSG00000161682.15,0.0
ENSG00000161692.18,3.417598
ENSG00000161714.12,0.476203
ENSG00000161791.14,6.003814
ENSG00000161798.7,0.0
ENSG00000161800.13,3.495441
ENSG00000161807.3,0.0
ENSG00000161813.23,1.308137
ENSG00000161835.11,2.353421
ENSG00000161847.15,34.259166
ENSG00000161849.3,0.0
ENSG00000161850.3,0.0
ENSG00000161860.8,0.210488
ENSG00000161888.12,0.423785
ENSG00000161896.12,0.0
ENSG00000161904.13,64.199012
ENSG00000161905.13,15.842943
ENSG00000161911.12,50.464850999999996
ENSG00000161912.19,0.742132
ENSG00000161914.10,8.26197
ENSG00000161920.11,31.328284
ENSG00000161921.17,102.068213
ENSG00000161929.15,67.789917
ENSG00000161939.19,0.400715
ENSG00000161940.11,0.0
ENSG00000161944.17,29.644276
ENSG00000161955.17,143.126677
ENSG00000161956.14,21.335427
ENSG00000161958.11,1.524356
ENSG00000161960.16,532.933778
ENSG00000161970.15,72.221744
ENSG00000161973.11,0.188209
ENSG00000161980.6,10.128253
ENSG00000161981.11,14.587712
ENSG00000161992.6,0.0
ENSG00000161996.19,5.198634
ENSG00000161999.13,24.345431
ENSG00000162004.19,0.464783
ENSG00000162006.10,0.0
ENSG00000162009.10,0.0
ENSG00000162032.16,91.671884
ENSG00000162039.19,0.0
ENSG00000162040.7,0.0
ENSG00000162062.15,0.13294
ENSG00000162063.13,0.670007
ENSG00000162065.15,1.63599
ENSG00000162066.16,27.939452
ENSG00000162068.2,0.0
ENSG00000162069.16,0.274583
ENSG00000162073.14,8.103114
ENSG00000162076.13,20.081531000000002
ENSG00000162078.12,10.444704
ENSG00000162086.16,8.551237
ENSG00000162104.10,1.573315
ENSG00000162105.21,0.0
ENSG00000162129.15,7.392273
ENSG00000162139.10,3.950281
ENSG00000162144.10,56.826104
ENSG00000162148.11,6.283462
ENSG00000162174.12,6.473122999999999
ENSG00000162188.7,0.062613
ENSG00000162191.14,201.290634
ENSG00000162194.13,3.1594119999999997
ENSG00000162222.14,32.860153000000004
ENSG00000162227.8,11.800343999999999
ENSG00000162231.14,120.958246
ENSG00000162236.13,71.410391
ENSG00000162241.13,17.48663
ENSG00000162244.12,1353.557697
ENSG00000162267.14,0.0
ENSG00000162298.19,18.204831
ENSG00000162300.13,45.29629
ENSG00000162302.13,51.640422
ENSG00000162337.12,0.226303
ENSG00000162341.18,12.29463
ENSG00000162344.4,0.0
ENSG00000162365.13,0.0
ENSG00000162366.8,81.760641
ENSG00000162367.12,13.004598
ENSG00000162368.15,9.639752
ENSG00000162373.13,0.174607
ENSG00000162374.18,0.0
ENSG00000162377.6,1.288211
ENSG00000162378.13,1.76776
ENSG00000162383.13,0.818144
ENSG00000162384.14,37.950668
ENSG00000162385.11,8.578652
ENSG00000162390.18,2.090683
ENSG00000162391.12,0.0
ENSG00000162396.6,1.951583
ENSG00000162398.12,0.280473
ENSG00000162399.9,0.022408
ENSG00000162402.15,6.297816
ENSG00000162407.9,0.120344
ENSG00000162408.11,3.846624
ENSG00000162409.12,0.0
ENSG00000162413.17,51.107764
ENSG00000162415.7,0.313284
ENSG00000162419.13,5.960564
ENSG00000162426.16,0.301867
ENSG00000162430.18,18.551306999999998
ENSG00000162433.15,2.225578
ENSG00000162434.14,104.963568
ENSG00000162437.15,0.053303
ENSG00000162438.12,3.677185
ENSG00000162441.12,14.103918
ENSG00000162444.12,72.04149100000001
ENSG00000162456.10,0.0
ENSG00000162458.13,1.1949830000000001
ENSG00000162460.7,0.0
ENSG00000162461.8,1.059533
ENSG00000162482.5,0.651834
ENSG00000162490.7,0.371853
ENSG00000162493.17,0.0
ENSG00000162494.6,0.0
ENSG00000162496.10,16.644185
ENSG00000162510.6,0.061098
ENSG00000162511.8,1727.808403
ENSG00000162512.16,2.72676
ENSG00000162517.13,71.575292
ENSG00000162520.15,0.067132
ENSG00000162521.19,51.32009
ENSG00000162522.11,1.309202
ENSG00000162526.7,0.691485
ENSG00000162542.14,9.415725
ENSG00000162543.6,0.289744
ENSG00000162545.6,0.208318
ENSG00000162551.14,169.65777500000002
ENSG00000162552.15,0.0
ENSG00000162571.14,0.106047
ENSG00000162572.21,1.6910980000000002
ENSG00000162576.17,0.0
ENSG00000162585.17,61.652499
ENSG00000162591.17,17.086565999999998
ENSG00000162592.10,0.0
ENSG00000162594.17,0.0
ENSG00000162595.8,0.0
ENSG00000162598.13,0.0
ENSG00000162599.18,0.30858800000000003
ENSG00000162600.12,8.147179999999999
ENSG00000162601.12,4.017924
ENSG00000162604.13,10.372571
ENSG00000162607.13,3.324347
ENSG00000162613.18,28.48063
ENSG00000162614.19,1.332944
ENSG00000162616.9,0.16398
ENSG00000162618.15,0.0
ENSG00000162620.16,0.0
ENSG00000162621.7,0.0
ENSG00000162623.16,1.369954
ENSG00000162624.16,0.0
ENSG00000162627.17,0.0
ENSG00000162630.6,0.0
ENSG00000162631.20,0.0
ENSG00000162636.16,1.496235
ENSG00000162639.16,5.59468
ENSG00000162641.20,0.090873
ENSG00000162642.14,3.335497
ENSG00000162643.13,0.0
ENSG00000162645.13,461.542825
ENSG00000162650.17,4.765029
ENSG00000162654.9,51.328435999999996
ENSG00000162664.17,0.722504
ENSG00000162669.16,0.0
ENSG00000162670.11,0.0
ENSG00000162676.13,4.698753
ENSG00000162685.6,0.0
ENSG00000162687.19,0.0
ENSG00000162688.17,0.297203
ENSG00000162692.12,0.0
ENSG00000162694.14,0.422095
ENSG00000162695.13,2.020039
ENSG00000162699.5,0.0
ENSG00000162702.8,4.186685
ENSG00000162704.16,312.513961
ENSG00000162706.13,0.0
ENSG00000162711.19,14.33382
ENSG00000162714.13,4.1475159999999995
ENSG00000162722.9,13.727293
ENSG00000162723.10,0.0
ENSG00000162727.3,0.0
ENSG00000162728.5,0.0
ENSG00000162729.14,18.458567
ENSG00000162733.19,0.079214
ENSG00000162734.13,47.034957
ENSG00000162735.19,15.991947
ENSG00000162736.18,81.457742
ENSG00000162738.8,0.0
ENSG00000162739.14,18.544842
ENSG00000162745.11,0.521597
ENSG00000162746.15,0.618462
ENSG00000162747.13,2766.6112009999997
ENSG00000162753.13,0.0
ENSG00000162755.14,0.0
ENSG00000162757.4,0.395859
ENSG00000162761.14,0.0
ENSG00000162763.4,0.0
ENSG00000162769.13,2.1190759999999997
ENSG00000162771.8,0.0
ENSG00000162772.18,9.068949
ENSG00000162775.17,2.408776
ENSG00000162777.17,86.65366999999999
ENSG00000162779.22,0.0
ENSG00000162782.16,0.0
ENSG00000162783.11,13.639221
ENSG00000162804.15,0.6320330000000001
ENSG00000162813.18,3.322045
ENSG00000162814.11,0.0
ENSG00000162817.7,1.152964
ENSG00000162819.12,8.38183
ENSG00000162825.18,0.113896
ENSG00000162836.12,6.77546
ENSG00000162840.4,0.0
ENSG00000162843.18,0.151311
ENSG00000162849.16,0.037291
ENSG00000162851.8,1.25658
ENSG00000162852.14,3.062755
ENSG00000162869.16,19.937423000000003
ENSG00000162873.15,0.486912
ENSG00000162877.13,0.116435
ENSG00000162878.13,0.0
ENSG00000162881.7,56.078862
ENSG00000162882.15,15.475383
ENSG00000162885.14,1.227496
ENSG00000162888.4,0.0
ENSG00000162889.11,80.777964
ENSG00000162891.11,0.0
ENSG00000162892.16,0.0
ENSG00000162894.12,106.241451
ENSG00000162896.6,0.054439
ENSG00000162897.16,0.0
ENSG00000162909.18,60.971622
ENSG00000162910.19,57.148591
ENSG00000162913.10,1.567487
ENSG00000162923.18,34.279544
ENSG00000162924.16,2.4329
ENSG00000162927.15,0.370496
ENSG00000162928.9,1.516809
ENSG00000162929.14,1.605901
ENSG00000162931.12,0.144522
ENSG00000162944.11,0.0
ENSG00000162946.24,4.644355
ENSG00000162947.6,0.0
ENSG00000162949.16,0.0
ENSG00000162951.11,0.0
ENSG00000162959.14,19.49914
ENSG00000162961.14,12.515983
ENSG00000162971.11,0.856464
ENSG00000162972.11,5.382263
ENSG00000162975.5,0.0
ENSG00000162976.13,26.289511
ENSG00000162980.17,4.407143
ENSG00000162981.14,0.0
ENSG00000162989.5,0.0
ENSG00000162992.5,0.0
ENSG00000162994.16,2.6925540000000003
ENSG00000162997.16,2.454499
ENSG00000162998.5,0.0
ENSG00000162999.13,0.240298
ENSG00000163001.12,3.3452859999999998
ENSG00000163002.13,1.314266
ENSG00000163006.12,0.287875
ENSG00000163012.4,0.0
ENSG00000163013.12,3.662784
ENSG00000163016.11,0.0
ENSG00000163017.14,0.0
ENSG00000163026.12,2.005518
ENSG00000163029.16,0.973548
ENSG00000163032.12,0.602063
ENSG00000163040.15,0.0
ENSG00000163041.13,2060.292316
ENSG00000163046.16,0.0
ENSG00000163050.18,34.826178999999996
ENSG00000163053.11,0.053911
ENSG00000163060.8,0.0
ENSG00000163064.7,0.0
ENSG00000163069.13,0.0
ENSG00000163071.11,0.0
ENSG00000163072.16,0.0
ENSG00000163075.13,0.0
ENSG00000163081.4,0.0
ENSG00000163082.10,0.603125
ENSG00000163083.6,0.295823
ENSG00000163092.22,0.082385
ENSG00000163093.12,2.454248
ENSG00000163098.7,0.0
ENSG00000163104.18,1.2254839999999998
ENSG00000163106.11,0.158316
ENSG00000163110.15,5.283983
ENSG00000163114.6,0.0
ENSG00000163116.10,0.0
ENSG00000163121.10,0.175573
ENSG00000163125.16,6.641948
ENSG00000163126.15,1.5032519999999998
ENSG00000163131.12,959.479598
ENSG00000163132.8,0.12716
ENSG00000163138.19,5.29676
ENSG00000163141.20,3.142696
ENSG00000163145.13,0.0
ENSG00000163154.6,181.265844
ENSG00000163155.12,1.175022
ENSG00000163156.12,139.956284
ENSG00000163157.15,1.956347
ENSG00000163159.15,40.492405
ENSG00000163161.14,19.48652
ENSG00000163162.9,212.702464
ENSG00000163166.15,16.065784
ENSG00000163170.12,4.804244
ENSG00000163171.8,36.743325
ENSG00000163191.6,5934.126987000001
ENSG00000163202.5,0.0
ENSG00000163206.6,0.0
ENSG00000163207.7,0.0
ENSG00000163209.15,0.0
ENSG00000163214.21,7.040821
ENSG00000163216.7,0.0
ENSG00000163217.2,0.0
ENSG00000163218.15,0.0
ENSG00000163219.12,251.136977
ENSG00000163220.11,20924.977874
ENSG00000163221.9,468.125259
ENSG00000163235.16,7.187745
ENSG00000163239.12,0.311746
ENSG00000163249.13,2.823708
ENSG00000163251.4,0.292168
ENSG00000163254.5,0.0
ENSG00000163257.12,3.1236900000000003
ENSG00000163263.7,0.922195
ENSG00000163273.4,0.0
ENSG00000163281.12,1.297461
ENSG00000163283.7,0.0
ENSG00000163285.8,0.0
ENSG00000163286.9,0.0
ENSG00000163288.14,0.0
ENSG00000163291.14,0.139884
ENSG00000163293.12,0.086996
ENSG00000163295.5,0.0
ENSG00000163297.18,26.931538
ENSG00000163312.11,3.030668
ENSG00000163319.11,4.673446
ENSG00000163320.12,16.775419
ENSG00000163322.14,2.2964350000000002
ENSG00000163328.14,7.151248
ENSG00000163331.12,0.0
ENSG00000163344.6,31.832528
ENSG00000163346.17,148.964989
ENSG00000163347.6,0.0
ENSG00000163348.4,23.460562
ENSG00000163349.22,12.958019
ENSG00000163352.6,0.0
ENSG00000163354.15,0.399237
ENSG00000163357.11,0.0
ENSG00000163359.17,0.105393
ENSG00000163362.11,0.670079
ENSG00000163364.13,0.0
ENSG00000163374.21,82.872458
ENSG00000163376.11,0.198106
ENSG00000163377.16,0.0
ENSG00000163378.14,0.828702
ENSG00000163380.16,0.0
ENSG00000163382.13,39.519560999999996
ENSG00000163389.12,4.248096
ENSG00000163393.13,6.025116
ENSG00000163394.6,0.0
ENSG00000163395.17,0.0
ENSG00000163399.16,76.238883
ENSG00000163406.11,4.001595
ENSG00000163412.13,18.685044
ENSG00000163421.9,73.722998
ENSG00000163424.9,0.0
ENSG00000163428.4,0.89186
ENSG00000163430.13,0.427569
ENSG00000163431.14,0.0
ENSG00000163435.16,0.369893
ENSG00000163440.12,0.0
ENSG00000163444.12,38.809014000000005
ENSG00000163449.11,0.859964
ENSG00000163453.11,12.603334
ENSG00000163462.19,1.323436
ENSG00000163463.13,207.642649
ENSG00000163464.8,920.476315
ENSG00000163466.16,576.148632
ENSG00000163467.12,0.0
ENSG00000163468.15,70.461328
ENSG00000163472.19,7.241019
ENSG00000163479.14,293.495028
ENSG00000163481.8,23.600955000000003
ENSG00000163482.12,4.846264
ENSG00000163485.18,0.0
ENSG00000163491.18,0.121395
ENSG00000163492.16,0.120999
ENSG00000163497.3,0.0
ENSG00000163499.12,0.0
ENSG00000163501.7,0.0
ENSG00000163507.15,0.387437
ENSG00000163508.13,3.906072
ENSG00000163510.14,5.138408
ENSG00000163512.14,9.984428000000001
ENSG00000163513.20,70.56469
ENSG00000163515.7,0.0
ENSG00000163516.14,40.613518
ENSG00000163517.15,3.300198
ENSG00000163518.11,0.0
ENSG00000163519.14,2.058103
ENSG00000163520.14,0.11308
ENSG00000163521.16,1.680075
ENSG00000163527.11,18.687374
ENSG00000163528.13,4.105685
ENSG00000163530.4,0.0
ENSG00000163531.17,0.0
ENSG00000163534.16,3.421431
ENSG00000163535.18,0.051861
ENSG00000163536.13,0.341949
ENSG00000163539.19,4.76482
ENSG00000163541.12,45.662869
ENSG00000163545.11,60.186344
ENSG00000163554.15,0.227217
ENSG00000163558.13,1.230915
ENSG00000163563.8,1124.937885
ENSG00000163564.15,10.434722
ENSG00000163565.20,212.918466
ENSG00000163568.17,13.476108
ENSG00000163576.18,1.240799
ENSG00000163577.8,0.166436
ENSG00000163581.14,0.0
ENSG00000163584.18,0.571189
ENSG00000163586.10,0.0
ENSG00000163590.14,0.9750920000000001
ENSG00000163596.17,0.133874
ENSG00000163597.18,42.021589
ENSG00000163599.18,1.477729
ENSG00000163600.13,1.276395
ENSG00000163602.12,0.698952
ENSG00000163605.16,2.379116
ENSG00000163606.11,0.509951
ENSG00000163607.18,5.677121
ENSG00000163608.15,8.226161
ENSG00000163611.11,0.5774239999999999
ENSG00000163612.10,0.0
ENSG00000163617.11,1.262584
ENSG00000163618.18,0.0
ENSG00000163623.10,0.0
ENSG00000163624.6,0.0
ENSG00000163625.17,15.096143000000001
ENSG00000163626.17,3.388333
ENSG00000163629.13,0.310125
ENSG00000163630.11,0.0
ENSG00000163631.19,0.0
ENSG00000163632.15,0.0
ENSG00000163633.12,0.156753
ENSG00000163634.12,16.193935
ENSG00000163635.20,9.61898
ENSG00000163636.11,40.33893
ENSG00000163637.13,0.0
ENSG00000163638.13,0.0
ENSG00000163644.15,3.135885
ENSG00000163645.15,0.0
ENSG00000163646.12,0.0
ENSG00000163655.16,9.82597
ENSG00000163659.13,7.126525
ENSG00000163660.12,66.315148
ENSG00000163661.4,0.78821
ENSG00000163666.10,0.0
ENSG00000163673.8,0.0
ENSG00000163681.17,5.57101
ENSG00000163682.17,92.35356399999999
ENSG00000163683.12,6.320217
ENSG00000163684.12,1.168382
ENSG00000163686.15,8.033943
ENSG00000163687.14,0.233115
ENSG00000163689.21,0.0
ENSG00000163694.15,19.718186
ENSG00000163697.18,0.0
ENSG00000163701.19,0.283876
ENSG00000163702.21,3.745977
ENSG00000163703.20,14.482797999999999
ENSG00000163704.13,3.4026009999999998
ENSG00000163705.13,0.0
ENSG00000163710.9,0.0
ENSG00000163714.18,8.399866
ENSG00000163719.20,99.80689
ENSG00000163728.11,10.625679
ENSG00000163734.4,0.375446
ENSG00000163735.7,0.495265
ENSG00000163736.5,26.526052
ENSG00000163737.5,196.17609
ENSG00000163738.19,1.229522
ENSG00000163739.5,5.885089
ENSG00000163743.14,8.736578000000002
ENSG00000163746.13,0.0
ENSG00000163749.18,0.140852
ENSG00000163751.4,3.25626
ENSG00000163754.18,57.984346
ENSG00000163755.9,9.625143000000001
ENSG00000163762.7,0.0
ENSG00000163781.14,12.652359999999998
ENSG00000163785.14,7.1660699999999995
ENSG00000163788.14,14.978489999999999
ENSG00000163792.6,0.0
ENSG00000163793.13,0.0
ENSG00000163794.6,0.368598
ENSG00000163795.14,15.454888
ENSG00000163798.14,13.479961
ENSG00000163803.13,18.036739999999998
ENSG00000163806.16,0.0
ENSG00000163807.6,4.323855
ENSG00000163808.17,0.0
ENSG00000163810.13,0.0
ENSG00000163811.12,3.027596
ENSG00000163812.16,33.999399
ENSG00000163814.8,0.308127
ENSG00000163815.6,1.40388
ENSG00000163817.17,0.043971
ENSG00000163818.20,1.015656
ENSG00000163820.16,4.322345
ENSG00000163823.4,75.620218
ENSG00000163825.5,0.0
ENSG00000163827.14,0.094625
ENSG00000163832.16,13.464039
ENSG00000163833.8,0.0
ENSG00000163840.10,32.009461
ENSG00000163848.21,4.0729880000000005
ENSG00000163864.18,1.953983
ENSG00000163866.9,34.426249
ENSG00000163867.17,2.637483
ENSG00000163870.16,27.043493
ENSG00000163872.16,8.090007
ENSG00000163873.10,0.0
ENSG00000163874.11,22.143514
ENSG00000163875.16,32.222835
ENSG00000163877.11,4.615274
ENSG00000163879.11,0.0
ENSG00000163882.10,13.057933
ENSG00000163884.4,0.0
ENSG00000163885.12,0.0
ENSG00000163888.4,0.0
ENSG00000163898.10,0.175066
ENSG00000163900.11,3.5270420000000002
ENSG00000163902.12,171.051232
ENSG00000163904.13,6.976046
ENSG00000163909.8,0.057214
ENSG00000163913.14,6.940634999999999
ENSG00000163914.5,0.0
ENSG00000163915.7,0.0
ENSG00000163918.12,3.9781929999999996
ENSG00000163923.10,1.241681
ENSG00000163930.10,43.640329
ENSG00000163931.17,1475.96569
ENSG00000163932.16,255.170942
ENSG00000163933.11,11.019085
ENSG00000163935.14,2.641934
ENSG00000163938.17,9.587254
ENSG00000163939.19,3.174515
ENSG00000163945.19,6.1486790000000004
ENSG00000163946.14,7.597009999999999
ENSG00000163947.12,19.354121
ENSG00000163950.13,26.958171
ENSG00000163956.13,240.229344
ENSG00000163958.14,1.651021
ENSG00000163959.10,0.25432
ENSG00000163960.13,4.192864
ENSG00000163961.4,1.724733
ENSG00000163964.18,5.503140999999999
ENSG00000163975.14,0.362507
ENSG00000163982.6,0.0
ENSG00000163993.7,230.183345
ENSG00000163995.22,0.126869
ENSG00000164002.12,2.165946
ENSG00000164007.11,0.0
ENSG00000164008.17,15.682925000000001
ENSG00000164010.15,6.719029000000001
ENSG00000164011.18,8.092098
ENSG00000164022.18,12.584719
ENSG00000164023.15,1.6355289999999998
ENSG00000164024.12,8.378065
ENSG00000164031.17,1.500754
ENSG00000164032.12,119.949712
ENSG00000164035.10,0.0
ENSG00000164037.17,0.0
ENSG00000164038.16,1.874198
ENSG00000164039.15,2.398702
ENSG00000164040.18,13.155519000000002
ENSG00000164045.12,0.064038
ENSG00000164047.6,62.517962999999995
ENSG00000164048.14,10.122925
ENSG00000164049.14,0.0
ENSG00000164050.13,2.400605
ENSG00000164051.14,4.32689
ENSG00000164053.22,3.4472020000000003
ENSG00000164054.17,679.8702959999999
ENSG00000164056.11,0.103096
ENSG00000164061.5,0.0
ENSG00000164062.13,60.783696
ENSG00000164066.13,0.017077
ENSG00000164068.16,30.513134
ENSG00000164070.12,0.085352
ENSG00000164073.11,7.151007999999999
ENSG00000164074.17,2.7722759999999997
ENSG00000164076.17,0.0
ENSG00000164077.15,5.171026
ENSG00000164078.15,0.522844
ENSG00000164080.14,2.691087
ENSG00000164081.13,63.547491
ENSG00000164082.15,0.528931
ENSG00000164086.10,18.999188
ENSG00000164087.8,2.537007
ENSG00000164088.18,131.123509
ENSG00000164089.9,0.0
ENSG00000164091.12,38.839523
ENSG00000164093.18,0.0
ENSG00000164096.13,31.899155
ENSG00000164099.3,0.0
ENSG00000164100.9,0.0
ENSG00000164104.12,30.263003
ENSG00000164105.4,5.823903
ENSG00000164106.8,0.058371
ENSG00000164107.9,0.0
ENSG00000164109.14,0.176584
ENSG00000164111.15,237.971663
ENSG00000164112.14,0.0
ENSG00000164113.11,0.0
ENSG00000164114.19,0.0
ENSG00000164116.17,1.4009349999999998
ENSG00000164117.14,5.564388
ENSG00000164118.13,0.781675
ENSG00000164120.14,1.898577
ENSG00000164122.9,0.0
ENSG00000164123.7,0.0
ENSG00000164124.11,2.822562
ENSG00000164125.16,4.250202
ENSG00000164128.7,0.0
ENSG00000164129.12,0.0
ENSG00000164134.14,4.6681289999999995
ENSG00000164136.17,5.53135
ENSG00000164142.16,1.789351
ENSG00000164144.16,9.400165000000001
ENSG00000164151.12,3.692513
ENSG00000164161.10,0.022809
ENSG00000164162.14,3.1698009999999996
ENSG00000164163.11,5.958166
ENSG00000164164.17,2.48128
ENSG00000164167.13,18.735075000000002
ENSG00000164168.8,6.1262989999999995
ENSG00000164169.13,1.359896
ENSG00000164171.11,0.0
ENSG00000164172.20,4.2999410000000005
ENSG00000164175.15,0.0
ENSG00000164176.13,0.0
ENSG00000164180.15,1.726152
ENSG00000164181.14,0.305743
ENSG00000164182.12,4.040656
ENSG00000164185.7,0.0
ENSG00000164187.7,2.178247
ENSG00000164188.9,0.0
ENSG00000164190.19,20.218467
ENSG00000164197.12,0.0
ENSG00000164199.18,0.752688
ENSG00000164209.17,3.3035840000000003
ENSG00000164211.13,0.782449
ENSG00000164219.10,8.063058
ENSG00000164220.7,0.0
ENSG00000164221.13,1.657885
ENSG00000164236.12,0.567873
ENSG00000164237.9,0.848551
ENSG00000164241.14,2.036147
ENSG00000164244.22,3.207757
ENSG00000164251.5,5.912898
ENSG00000164252.13,1.998848
ENSG00000164253.14,9.563907
ENSG00000164256.11,0.0
ENSG00000164258.12,8.386707
ENSG00000164265.9,0.0
ENSG00000164266.11,0.0
ENSG00000164270.19,0.0
ENSG00000164283.13,0.0
ENSG00000164284.15,0.929049
ENSG00000164287.13,0.0
ENSG00000164291.17,0.280208
ENSG00000164292.13,0.343414
ENSG00000164294.14,0.0
ENSG00000164296.7,1.309469
ENSG00000164299.7,0.0
ENSG00000164300.18,6.921397
ENSG00000164303.11,0.060797
ENSG00000164304.16,0.0
ENSG00000164305.20,5.824771
ENSG00000164306.11,3.345949
ENSG00000164307.13,17.353803
ENSG00000164308.18,38.128947
ENSG00000164309.15,0.0
ENSG00000164318.18,0.0
ENSG00000164323.15,0.811048
ENSG00000164325.8,0.0
ENSG00000164326.5,0.0
ENSG00000164327.14,2.733362
ENSG00000164329.15,12.012039000000001
ENSG00000164330.18,0.129305
ENSG00000164331.10,4.428628
ENSG00000164332.8,12.864296
ENSG00000164334.16,0.0
ENSG00000164338.10,0.815946
ENSG00000164342.14,0.299389
ENSG00000164344.17,0.11209
ENSG00000164346.10,22.129924
ENSG00000164347.18,4.635787
ENSG00000164362.21,0.836738
ENSG00000164363.10,0.0
ENSG00000164366.4,1.540485
ENSG00000164379.7,0.0
ENSG00000164385.12,0.0
ENSG00000164393.11,0.0
ENSG00000164398.15,1.479153
ENSG00000164399.5,0.0
ENSG00000164400.6,0.0
ENSG00000164402.14,1.4783680000000001
ENSG00000164403.15,3.741908
ENSG00000164404.9,0.140948
ENSG00000164405.11,31.149549999999998
ENSG00000164406.8,1.237842
ENSG00000164411.12,0.0
ENSG00000164414.19,7.43729
ENSG00000164418.22,0.510929
ENSG00000164430.17,4.073843
ENSG00000164434.12,0.0
ENSG00000164438.6,0.0
ENSG00000164440.16,0.100577
ENSG00000164442.11,19.946407
ENSG00000164451.14,0.0
ENSG00000164458.10,0.0
ENSG00000164463.12,7.3083219999999995
ENSG00000164465.19,3.604402
ENSG00000164466.13,5.282906
ENSG00000164483.17,12.673763
ENSG00000164484.12,0.164222
ENSG00000164485.15,0.0
ENSG00000164488.12,0.0
ENSG00000164494.12,3.275704
ENSG00000164500.7,0.0
ENSG00000164506.16,6.121148
ENSG00000164508.6,0.0
ENSG00000164509.17,0.532369
ENSG00000164512.18,5.817322
ENSG00000164520.12,0.07021
ENSG00000164530.15,12.038572
ENSG00000164532.11,0.0
ENSG00000164535.15,19.009244
ENSG00000164542.13,0.0
ENSG00000164543.7,23.694454
ENSG00000164548.12,39.576454999999996
ENSG00000164556.7,0.0
ENSG00000164574.16,10.819303999999999
ENSG00000164576.12,26.657128999999998
ENSG00000164587.13,973.2057749999999
ENSG00000164588.8,0.0
ENSG00000164591.14,0.0
ENSG00000164597.15,3.507387
ENSG00000164600.7,0.0
ENSG00000164603.12,2.134978
ENSG00000164604.14,0.0
ENSG00000164609.10,12.957681000000001
ENSG00000164610.10,4.147815
ENSG00000164611.13,9.554244
ENSG00000164615.6,11.503535
ENSG00000164616.17,0.0
ENSG00000164619.10,0.0
ENSG00000164620.9,9.600719
ENSG00000164621.6,0.0
ENSG00000164626.9,0.247591
ENSG00000164627.18,0.0
ENSG00000164631.19,3.5230170000000003
ENSG00000164638.11,0.081077
ENSG00000164645.3,0.0
ENSG00000164647.9,0.0
ENSG00000164649.20,4.144966
ENSG00000164651.18,0.0
ENSG00000164654.16,4.658603
ENSG00000164659.15,0.077152
ENSG00000164663.15,1.721975
ENSG00000164669.14,0.526396
ENSG00000164674.17,25.936057
ENSG00000164675.11,0.156422
ENSG00000164683.19,1.219464
ENSG00000164684.13,0.0
ENSG00000164687.11,3.214354
ENSG00000164690.8,0.0
ENSG00000164691.19,171.598029
ENSG00000164692.19,0.0
ENSG00000164694.17,0.0
ENSG00000164695.5,0.0
ENSG00000164707.17,0.0
ENSG00000164708.6,1.392944
ENSG00000164713.10,409.283488
ENSG00000164715.6,4.271047
ENSG00000164729.8,0.0
ENSG00000164733.23,373.823606
ENSG00000164736.6,0.0
ENSG00000164740.5,0.0
ENSG00000164741.15,0.0
ENSG00000164742.16,0.152766
ENSG00000164743.5,0.0
ENSG00000164744.14,0.0
ENSG00000164746.14,0.0
ENSG00000164749.13,0.0
ENSG00000164751.15,8.531905
ENSG00000164754.16,30.51259
ENSG00000164756.13,0.0
ENSG00000164758.7,15.028771
ENSG00000164761.9,0.0
ENSG00000164764.11,0.0
ENSG00000164776.11,0.236212
ENSG00000164778.4,0.0
ENSG00000164794.9,0.0
ENSG00000164796.18,0.0
ENSG00000164808.17,17.743294000000002
ENSG00000164815.11,5.133374
ENSG00000164816.8,0.0
ENSG00000164818.16,4.050898
ENSG00000164821.5,12.513301
ENSG00000164822.5,0.0
ENSG00000164823.11,4.121134
ENSG00000164825.4,0.0
ENSG00000164828.18,7.9997180000000006
ENSG00000164830.19,3.641711
ENSG00000164841.5,0.0
ENSG00000164845.17,0.0
ENSG00000164849.10,23.902998
ENSG00000164850.16,3.213393
ENSG00000164853.9,0.0
ENSG00000164855.16,0.0
ENSG00000164867.11,1.118297
ENSG00000164871.18,0.0
ENSG00000164877.19,2.434827
ENSG00000164879.7,0.0
ENSG00000164880.16,30.660424000000003
ENSG00000164885.13,18.98316
ENSG00000164889.16,27.672832999999997
ENSG00000164893.9,0.0
ENSG00000164896.21,65.314995
ENSG00000164897.14,60.328651
ENSG00000164898.13,2.630267
ENSG00000164900.5,0.0
ENSG00000164902.14,6.335747
ENSG00000164904.18,1.012171
ENSG00000164916.11,3.255841
ENSG00000164919.11,11.040624000000001
ENSG00000164920.10,0.0
ENSG00000164924.18,246.627731
ENSG00000164929.17,0.0
ENSG00000164930.12,0.0
ENSG00000164932.13,0.0
ENSG00000164933.13,1.97651
ENSG00000164934.15,7.993341
ENSG00000164935.6,1.3918970000000002
ENSG00000164938.14,10.514121
ENSG00000164941.15,25.381973
ENSG00000164944.12,15.978568000000001
ENSG00000164946.20,0.0
ENSG00000164949.8,0.0
ENSG00000164951.16,2.102152
ENSG00000164953.17,0.430742
ENSG00000164961.16,11.257674
ENSG00000164967.10,50.807991
ENSG00000164970.15,9.163218
ENSG00000164972.14,0.0
ENSG00000164975.16,6.842936
ENSG00000164976.9,0.248749
ENSG00000164978.19,8.041434
ENSG00000164983.9,1.162034
ENSG00000164985.15,20.1941
ENSG00000164989.17,0.069887
ENSG00000165006.14,64.370416
ENSG00000165023.7,1.581718
ENSG00000165025.15,88.503556
ENSG00000165028.12,0.373571
ENSG00000165029.17,1.370724
ENSG00000165030.5,45.125021
ENSG00000165046.13,5.116632
ENSG00000165055.16,3.116559
ENSG00000165059.8,0.0
ENSG00000165060.15,11.939340999999999
ENSG00000165061.15,0.947741
ENSG00000165066.13,0.0
ENSG00000165071.15,69.895139
ENSG00000165072.10,0.0
ENSG00000165076.14,0.0
ENSG00000165078.13,0.0
ENSG00000165084.16,0.212805
ENSG00000165091.18,0.0
ENSG00000165092.13,32.525904
ENSG00000165097.16,9.97187
ENSG00000165102.15,16.704209
ENSG00000165105.10,0.0
ENSG00000165113.13,1.9999820000000001
ENSG00000165115.15,1.438657
ENSG00000165118.15,3.711094
ENSG00000165119.23,372.244707
ENSG00000165120.5,0.0
ENSG00000165121.13,0.0
ENSG00000165124.19,0.0
ENSG00000165125.22,0.021704
ENSG00000165131.8,0.0
ENSG00000165138.18,0.991154
ENSG00000165140.12,77.876576
ENSG00000165152.9,0.0
ENSG00000165156.15,0.931519
ENSG00000165164.14,0.0
ENSG00000165168.9,120.824573
ENSG00000165169.11,1.04518
ENSG00000165171.11,1.280113
ENSG00000165175.17,61.789623
ENSG00000165178.9,312.312032
ENSG00000165181.17,0.0
ENSG00000165182.12,0.0
ENSG00000165185.15,0.25577099999999997
ENSG00000165186.12,0.0
ENSG00000165188.14,0.0
ENSG00000165192.14,0.0
ENSG00000165194.15,0.0
ENSG00000165195.16,1.972582
ENSG00000165197.5,0.0
ENSG00000165202.3,0.0
ENSG00000165204.3,0.0
ENSG00000165209.19,6.074149
ENSG00000165215.6,0.0
ENSG00000165219.23,6.6197230000000005
ENSG00000165233.18,120.256055
ENSG00000165238.17,0.137059
ENSG00000165240.22,2.327169
ENSG00000165244.7,0.063598
ENSG00000165246.15,0.0
ENSG00000165259.14,0.832926
ENSG00000165264.11,22.856441999999998
ENSG00000165269.13,0.0
ENSG00000165271.17,11.81324
ENSG00000165272.16,27.753955
ENSG00000165275.10,4.651521
ENSG00000165280.18,137.341698
ENSG00000165282.16,6.741912999999999
ENSG00000165283.16,34.282175
ENSG00000165288.11,1.8630970000000002
ENSG00000165300.8,0.021259
ENSG00000165304.8,0.250592
ENSG00000165309.14,0.6668
ENSG00000165312.7,4.860286
ENSG00000165322.18,1.217438
ENSG00000165323.16,0.028859
ENSG00000165325.15,0.0
ENSG00000165338.17,0.0
ENSG00000165349.12,0.0
ENSG00000165355.8,4.817801
ENSG00000165359.16,6.850250000000001
ENSG00000165370.3,0.0
ENSG00000165376.12,0.0
ENSG00000165379.14,0.0
ENSG00000165383.12,0.0
ENSG00000165389.7,2.609707
ENSG00000165392.11,0.639061
ENSG00000165406.16,21.705796
ENSG00000165409.18,0.12015400000000001
ENSG00000165410.15,0.971905
ENSG00000165416.15,15.881447
ENSG00000165417.12,1.806819
ENSG00000165424.7,2.298749
ENSG00000165434.8,0.402429
ENSG00000165443.12,0.0
ENSG00000165449.12,0.0
ENSG00000165457.15,20.478129
ENSG00000165458.15,90.57814
ENSG00000165462.5,0.0
ENSG00000165471.7,0.0
ENSG00000165474.8,0.0
ENSG00000165475.15,19.245071
ENSG00000165476.14,1.472906
ENSG00000165478.8,0.0
ENSG00000165480.16,0.0
ENSG00000165487.14,12.092972
ENSG00000165490.13,0.9362090000000001
ENSG00000165494.12,22.818407
ENSG00000165495.16,0.0
ENSG00000165496.5,0.0
ENSG00000165501.17,9.710462
ENSG00000165502.7,213.17918
ENSG00000165506.15,0.592282
ENSG00000165507.9,0.230576
ENSG00000165509.13,0.0
ENSG00000165511.7,1.627582
ENSG00000165512.5,3.140464
ENSG00000165516.11,13.450664
ENSG00000165521.16,0.0
ENSG00000165525.18,5.42262
ENSG00000165526.9,9.032265
ENSG00000165527.8,28.817479000000002
ENSG00000165533.19,0.476474
ENSG00000165548.11,2.450139
ENSG00000165553.5,0.0
ENSG00000165555.10,1.139466
ENSG00000165556.10,0.0
ENSG00000165566.13,0.0
ENSG00000165568.18,0.0
ENSG00000165572.8,0.396762
ENSG00000165583.16,0.0
ENSG00000165584.16,0.0
ENSG00000165588.19,0.0
ENSG00000165591.7,2.510288
ENSG00000165606.10,0.0
ENSG00000165609.14,37.24438
ENSG00000165617.16,0.672449
ENSG00000165621.9,0.0
ENSG00000165623.10,0.0
ENSG00000165626.19,0.296465
ENSG00000165629.20,54.415820000000004
ENSG00000165630.15,43.896507
ENSG00000165632.9,1.84915
ENSG00000165633.13,0.351966
ENSG00000165637.14,71.007376
ENSG00000165643.11,0.0
ENSG00000165644.11,7.656291
ENSG00000165646.14,0.305407
ENSG00000165650.12,2.5992040000000003
ENSG00000165655.17,0.516404
ENSG00000165660.8,5.631585
ENSG00000165661.18,3.576118
ENSG00000165669.14,10.798245999999999
ENSG00000165671.22,11.966755
ENSG00000165672.7,44.503983000000005
ENSG00000165675.20,2.21082
ENSG00000165678.22,77.27272
ENSG00000165682.15,3.0255599999999996
ENSG00000165684.6,5.075057
ENSG00000165685.9,0.0
ENSG00000165688.14,20.364857999999998
ENSG00000165689.17,22.09356
ENSG00000165694.11,0.0
ENSG00000165695.10,0.0
ENSG00000165698.16,0.663791
ENSG00000165699.16,10.73029
ENSG00000165702.15,18.703539999999997
ENSG00000165704.15,9.640114
ENSG00000165714.11,4.165505
ENSG00000165716.11,1.009242
ENSG00000165724.6,7.300132
ENSG00000165730.16,0.143914
ENSG00000165731.22,0.108533
ENSG00000165732.14,9.318096
ENSG00000165733.8,3.263229
ENSG00000165752.17,11.949641
ENSG00000165757.9,0.0
ENSG00000165762.3,0.0
ENSG00000165775.18,42.00036
ENSG00000165782.11,39.640888000000004
ENSG00000165792.18,24.780442
ENSG00000165794.10,0.0
ENSG00000165795.25,7.743065
ENSG00000165799.5,0.0
ENSG00000165801.10,65.069197
ENSG00000165802.23,23.641397
ENSG00000165804.16,3.132669
ENSG00000165805.10,0.25991
ENSG00000165806.21,8.541
ENSG00000165807.8,0.384227
ENSG00000165810.17,0.0
ENSG00000165813.20,1.390039
ENSG00000165816.13,0.0
ENSG00000165819.12,26.166880000000003
ENSG00000165821.12,0.476065
ENSG00000165828.15,0.0
ENSG00000165832.6,0.903746
ENSG00000165837.12,0.0
ENSG00000165841.11,0.0
ENSG00000165861.14,12.61275
ENSG00000165863.17,0.166249
ENSG00000165868.16,0.047272
ENSG00000165874.14,0.0
ENSG00000165879.9,61.623649
ENSG00000165886.5,25.050274
ENSG00000165887.12,0.0
ENSG00000165891.16,0.0
ENSG00000165895.19,0.0
ENSG00000165898.14,13.916319000000001
ENSG00000165899.12,0.0
ENSG00000165905.18,1.578832
ENSG00000165912.16,0.0
ENSG00000165914.15,1.752992
ENSG00000165915.14,21.342744
ENSG00000165916.9,56.582386
ENSG00000165917.10,0.932623
ENSG00000165923.17,0.8560220000000001
ENSG00000165929.13,2.374176
ENSG00000165934.13,6.044902
ENSG00000165935.10,0.0
ENSG00000165943.5,10.03499
ENSG00000165948.11,7.910047
ENSG00000165949.13,31.704833999999998
ENSG00000165953.10,0.0
ENSG00000165959.12,4.381585
ENSG00000165966.16,0.0
ENSG00000165970.12,0.0
ENSG00000165972.13,0.0
ENSG00000165973.19,0.0
ENSG00000165983.15,0.517973
ENSG00000165985.12,0.0
ENSG00000165995.24,0.0
ENSG00000165996.14,0.382554
ENSG00000165997.5,0.76449
ENSG00000166002.7,63.023790000000005
ENSG00000166004.15,3.80602
ENSG00000166006.14,0.0
ENSG00000166007.12,0.0
ENSG00000166012.17,23.791915
ENSG00000166013.11,0.0
ENSG00000166016.6,1.414863
ENSG00000166024.14,10.351048
ENSG00000166025.18,0.151758
ENSG00000166033.13,0.754498
ENSG00000166035.11,0.5397689999999999
ENSG00000166037.11,5.390193
ENSG00000166046.12,12.515453
ENSG00000166049.11,0.0
ENSG00000166068.13,0.471054
ENSG00000166069.14,0.0
ENSG00000166073.12,0.0
ENSG00000166086.13,1.294131
ENSG00000166090.8,0.0
ENSG00000166091.21,31.438379
ENSG00000166104.16,0.0
ENSG00000166105.16,0.296893
ENSG00000166106.4,0.0
ENSG00000166111.10,0.034654
ENSG00000166118.8,0.0
ENSG00000166123.14,1.1185230000000002
ENSG00000166126.11,0.689225
ENSG00000166128.13,8.461382
ENSG00000166130.15,11.488185
ENSG00000166133.18,3.778281
ENSG00000166135.14,8.781139
ENSG00000166136.17,137.228473
ENSG00000166140.17,21.748585000000002
ENSG00000166143.10,0.0
ENSG00000166145.15,18.528582
ENSG00000166147.16,0.519714
ENSG00000166148.4,0.036862
ENSG00000166152.4,0.0
ENSG00000166153.17,0.245563
ENSG00000166159.11,0.0
ENSG00000166160.9,0.0
ENSG00000166164.17,25.616567
ENSG00000166165.14,10.997601
ENSG00000166166.13,5.510951
ENSG00000166167.18,2.264977
ENSG00000166169.17,39.395731
ENSG00000166170.12,5.711675
ENSG00000166171.13,4.962876
ENSG00000166173.11,0.0
ENSG00000166181.13,12.53714
ENSG00000166183.16,0.0
ENSG00000166188.3,9.046596000000001
ENSG00000166189.8,17.72285
ENSG00000166192.15,0.617465
ENSG00000166197.17,14.037749000000002
ENSG00000166199.13,6.4101040000000005
ENSG00000166200.15,5.591181000000001
ENSG00000166206.16,0.0
ENSG00000166211.8,0.0
ENSG00000166220.14,0.0
ENSG00000166224.19,8.408843000000001
ENSG00000166225.9,0.943917
ENSG00000166226.13,15.772542000000001
ENSG00000166228.9,15.293068
ENSG00000166233.15,12.485812
ENSG00000166246.14,0.0
ENSG00000166250.13,0.0
ENSG00000166257.10,0.0
ENSG00000166260.13,7.0305740000000005
ENSG00000166261.11,2.8583309999999997
ENSG00000166262.16,0.844081
ENSG00000166263.13,0.100788
ENSG00000166265.13,0.0
ENSG00000166266.14,1.7369150000000002
ENSG00000166268.11,0.0
ENSG00000166272.18,30.691235000000002
ENSG00000166275.16,4.328282
ENSG00000166278.16,7.937442
ENSG00000166289.6,15.351030999999999
ENSG00000166292.12,0.0
ENSG00000166295.9,59.88748700000001
ENSG00000166311.10,33.663297
ENSG00000166313.20,17.439182
ENSG00000166317.12,0.0
ENSG00000166321.14,0.257412
ENSG00000166323.13,0.0
ENSG00000166326.7,4.918617
ENSG00000166329.3,0.0
ENSG00000166333.14,239.95512200000002
ENSG00000166337.11,277.889206
ENSG00000166340.18,130.158053
ENSG00000166341.9,0.607632
ENSG00000166342.19,0.0
ENSG00000166343.10,1.295193
ENSG00000166347.19,5.636197
ENSG00000166348.20,0.327625
ENSG00000166349.11,0.0
ENSG00000166351.11,0.0
ENSG00000166352.18,0.18426199999999998
ENSG00000166359.11,0.0
ENSG00000166363.6,0.0
ENSG00000166368.3,0.0
ENSG00000166377.21,8.943257000000001
ENSG00000166387.14,12.176811
ENSG00000166391.15,0.0
ENSG00000166394.15,1.3281450000000001
ENSG00000166396.13,0.0
ENSG00000166398.14,2.6246229999999997
ENSG00000166401.15,15.180254
ENSG00000166402.9,0.0
ENSG00000166405.16,3.7095720000000005
ENSG00000166407.14,0.0
ENSG00000166408.4,0.0
ENSG00000166411.14,14.869271000000001
ENSG00000166415.15,0.0
ENSG00000166426.8,0.0
ENSG00000166428.14,15.011994
ENSG00000166432.16,1.0583010000000002
ENSG00000166435.17,0.726972
ENSG00000166436.18,3.145683
ENSG00000166439.6,6.283053
ENSG00000166441.13,946.454025
ENSG00000166444.19,0.769894
ENSG00000166446.15,0.675063
ENSG00000166448.15,0.082661
ENSG00000166450.13,0.0
ENSG00000166451.14,1.820964
ENSG00000166452.12,6.801634
ENSG00000166454.10,6.596689
ENSG00000166455.14,0.0
ENSG00000166471.11,4.486378
ENSG00000166473.20,0.0
ENSG00000166477.13,5.407604
ENSG00000166478.10,19.024882
ENSG00000166479.10,3.410784
ENSG00000166482.12,0.136533
ENSG00000166483.12,1.331539
ENSG00000166484.20,11.660060999999999
ENSG00000166492.9,0.0
ENSG00000166501.14,55.92991
ENSG00000166503.10,1.3155489999999999
ENSG00000166507.19,39.032243
ENSG00000166508.19,38.291224
ENSG00000166509.12,0.0
ENSG00000166510.14,0.0
ENSG00000166523.8,126.151323
ENSG00000166526.19,8.833556999999999
ENSG00000166527.8,4.368123
ENSG00000166529.16,3.630711
ENSG00000166530.8,0.0
ENSG00000166532.16,2.282203
ENSG00000166535.20,0.0
ENSG00000166546.15,0.0
ENSG00000166548.17,22.638931
ENSG00000166557.14,33.911530000000006
ENSG00000166558.11,0.0
ENSG00000166562.10,8.911885000000002
ENSG00000166569.8,0.0
ENSG00000166573.6,0.0
ENSG00000166575.17,1.022208
ENSG00000166578.10,0.188849
ENSG00000166579.16,102.632159
ENSG00000166582.11,1.43075
ENSG00000166589.13,0.0
ENSG00000166592.13,0.0
ENSG00000166595.12,73.440955
ENSG00000166596.15,0.0
ENSG00000166598.16,81.859835
ENSG00000166603.5,0.0
ENSG00000166619.15,45.466309
ENSG00000166634.7,0.0
ENSG00000166664.15,0.145373
ENSG00000166669.14,2.373491
ENSG00000166670.10,0.0
ENSG00000166676.17,0.0
ENSG00000166681.14,18.232507
ENSG00000166682.13,0.0
ENSG00000166685.13,21.855402
ENSG00000166689.18,0.9244319999999999
ENSG00000166693.7,0.0
ENSG00000166704.13,2.57077
ENSG00000166707.12,0.65303
ENSG00000166710.23,6042.100553
ENSG00000166716.10,25.973191
ENSG00000166734.20,4.974635
ENSG00000166736.12,0.0
ENSG00000166741.9,0.469865
ENSG00000166743.10,0.674788
ENSG00000166747.13,14.578192000000001
ENSG00000166750.10,5.51699
ENSG00000166762.19,0.854155
ENSG00000166763.9,0.14507
ENSG00000166770.13,1.702901
ENSG00000166780.11,0.917979
ENSG00000166783.22,29.591909
ENSG00000166787.4,0.0
ENSG00000166788.10,3.889837
ENSG00000166793.13,1.383468
ENSG00000166794.7,449.177652
ENSG00000166796.12,0.0
ENSG00000166797.12,16.962244
ENSG00000166800.11,0.0
ENSG00000166801.17,24.949634000000003
ENSG00000166803.14,0.109704
ENSG00000166813.17,0.0
ENSG00000166816.15,0.857705
ENSG00000166819.12,0.0
ENSG00000166821.9,0.530068
ENSG00000166822.13,3.766931
ENSG00000166823.6,0.854336
ENSG00000166825.15,226.018285
ENSG00000166828.3,0.0
ENSG00000166831.9,0.429103
ENSG00000166833.23,0.0
ENSG00000166839.18,0.422175
ENSG00000166840.14,0.0
ENSG00000166845.15,0.176234
ENSG00000166847.10,22.535207
ENSG00000166848.7,42.609991
ENSG00000166851.15,2.398948
ENSG00000166855.9,9.472376
ENSG00000166856.3,0.0
ENSG00000166860.3,1.134056
ENSG00000166862.7,0.0
ENSG00000166863.13,0.0
ENSG00000166866.13,0.841082
ENSG00000166869.3,0.0
ENSG00000166881.10,1.887604
ENSG00000166884.3,0.0
ENSG00000166886.13,4.577881
ENSG00000166887.16,40.241544
ENSG00000166888.13,341.89072
ENSG00000166889.14,24.699687
ENSG00000166896.9,1.067869
ENSG00000166897.16,0.054359
ENSG00000166900.17,67.706027
ENSG00000166902.5,31.896276
ENSG00000166908.18,17.543309
ENSG00000166912.17,13.478263
ENSG00000166913.13,180.625724
ENSG00000166917.12,0.0
ENSG00000166920.13,2.084624
ENSG00000166922.9,0.0
ENSG00000166923.12,0.0
ENSG00000166924.9,0.257959
ENSG00000166925.10,203.151372
ENSG00000166926.9,2.286224
ENSG00000166927.13,44.86404
ENSG00000166928.11,16.303343
ENSG00000166930.7,0.0
ENSG00000166938.13,6.392398999999999
ENSG00000166946.14,159.664063
ENSG00000166947.15,30.497214999999997
ENSG00000166948.10,0.0
ENSG00000166949.18,7.4095200000000006
ENSG00000166959.8,0.0
ENSG00000166960.17,0.0
ENSG00000166961.15,0.0
ENSG00000166963.13,0.264771
ENSG00000166965.14,1.939334
ENSG00000166971.17,11.29139
ENSG00000166974.13,18.495938000000002
ENSG00000166979.13,2.7744999999999997
ENSG00000166984.14,0.0
ENSG00000166986.15,94.209336
ENSG00000166987.15,103.83659300000001
ENSG00000166997.8,8.517398
ENSG00000167004.14,148.689456
ENSG00000167005.14,22.338534000000003
ENSG00000167011.9,0.0
ENSG00000167014.11,0.0
ENSG00000167034.10,0.360134
ENSG00000167037.19,0.616258
ENSG00000167046.4,0.0
ENSG00000167065.14,10.205680000000001
ENSG00000167074.15,2.177738
ENSG00000167077.13,25.69221
ENSG00000167080.9,0.026258
ENSG00000167081.18,3.530904
ENSG00000167083.7,11.561843
ENSG00000167085.14,46.527741999999996
ENSG00000167088.11,5.768077
ENSG00000167094.16,2.4279
ENSG00000167098.12,0.0
ENSG00000167100.15,2.37456
ENSG00000167103.12,1.072445
ENSG00000167104.11,0.0
ENSG00000167105.8,0.177749
ENSG00000167106.12,55.608807
ENSG00000167107.13,19.639245
ENSG00000167110.19,16.405804
ENSG00000167112.10,4.34737
ENSG00000167113.11,28.817584
ENSG00000167114.13,9.31786
ENSG00000167117.10,0.297155
ENSG00000167118.11,52.325935
ENSG00000167123.20,2.763723
ENSG00000167130.18,6.804622999999999
ENSG00000167131.17,0.341961
ENSG00000167136.7,9.322447
ENSG00000167139.9,0.0
ENSG00000167157.11,0.0
ENSG00000167165.19,0.0
ENSG00000167173.19,169.345664
ENSG00000167178.17,0.0
ENSG00000167182.16,28.521519
ENSG00000167183.3,0.0
ENSG00000167186.11,2.878998
ENSG00000167191.12,1.771058
ENSG00000167193.8,5.634043
ENSG00000167194.8,0.0
ENSG00000167195.8,0.0
ENSG00000167196.14,10.536152
ENSG00000167202.12,33.767169
ENSG00000167207.15,33.820009
ENSG00000167208.16,97.724486
ENSG00000167210.17,1.232174
ENSG00000167216.19,0.79667
ENSG00000167220.12,3.782819
ENSG00000167232.14,2.780712
ENSG00000167244.22,0.256372
ENSG00000167257.11,8.949334
ENSG00000167258.16,19.1626
ENSG00000167261.14,343.16366
ENSG00000167264.18,25.481538
ENSG00000167272.11,25.514819
ENSG00000167280.17,26.078263
ENSG00000167281.20,0.088839
ENSG00000167283.9,84.780906
ENSG00000167286.12,68.675008
ENSG00000167291.16,0.655493
ENSG00000167302.11,65.978928
ENSG00000167306.21,0.207889
ENSG00000167311.14,0.0
ENSG00000167315.18,40.056785000000005
ENSG00000167323.13,35.159077
ENSG00000167325.15,5.13286
ENSG00000167332.9,0.0
ENSG00000167333.13,6.405806
ENSG00000167346.9,0.0
ENSG00000167355.8,0.0
ENSG00000167359.8,0.0
ENSG00000167360.6,0.0
ENSG00000167363.14,2.5731770000000003
ENSG00000167371.21,0.12453
ENSG00000167377.19,2.989077
ENSG00000167378.10,2.168132
ENSG00000167380.17,4.962171
ENSG00000167384.11,1.825281
ENSG00000167390.8,0.0
ENSG00000167393.18,1.794359
ENSG00000167394.13,4.553511
ENSG00000167395.10,14.702224
ENSG00000167397.15,74.716292
ENSG00000167414.5,0.0
ENSG00000167419.11,0.0
ENSG00000167434.10,59.093844
ENSG00000167447.13,6.487598
ENSG00000167459.18,0.0
ENSG00000167460.18,97.868939
ENSG00000167461.12,102.146926
ENSG00000167468.20,376.539754
ENSG00000167470.14,76.969938
ENSG00000167476.10,0.5764210000000001
ENSG00000167483.19,7.743653
ENSG00000167487.12,4.206723
ENSG00000167491.18,40.01854
ENSG00000167494.10,0.0
ENSG00000167508.12,27.856970999999998
ENSG00000167513.9,0.539502
ENSG00000167515.11,37.875159
ENSG00000167522.18,51.907173
ENSG00000167523.15,1.389027
ENSG00000167524.17,10.192807
ENSG00000167525.16,6.38968
ENSG00000167526.15,3163.700956
ENSG00000167528.13,22.797252999999998
ENSG00000167531.6,0.0
ENSG00000167535.8,0.9586570000000001
ENSG00000167536.14,36.139372
ENSG00000167543.16,35.698260999999995
ENSG00000167548.18,54.471069
ENSG00000167549.19,0.640101
ENSG00000167550.11,3.515334
ENSG00000167552.16,553.699276
ENSG00000167553.17,75.13997499999999
ENSG00000167554.15,0.0
ENSG00000167555.14,1.2757969999999998
ENSG00000167562.14,1.676565
ENSG00000167565.14,39.499314
ENSG00000167566.17,14.857146
ENSG00000167578.18,139.71946200000002
ENSG00000167580.8,0.0
ENSG00000167588.13,1.729435
ENSG00000167595.17,6.555952
ENSG00000167600.14,5.881696
ENSG00000167601.12,0.049122
ENSG00000167604.16,21.089731
ENSG00000167608.12,0.366743
ENSG00000167612.13,0.0
ENSG00000167613.16,1.739078
ENSG00000167614.14,0.0
ENSG00000167615.18,96.496315
ENSG00000167617.3,0.0
ENSG00000167618.10,6.399427
ENSG00000167619.13,0.0
ENSG00000167625.12,4.107182
ENSG00000167632.18,9.624839999999999
ENSG00000167633.18,0.0
ENSG00000167634.12,0.368371
ENSG00000167635.12,3.311228
ENSG00000167637.18,0.734534
ENSG00000167641.11,4.225856
ENSG00000167642.13,63.341295
ENSG00000167644.12,3.637655
ENSG00000167645.17,75.945855
ENSG00000167646.14,0.268449
ENSG00000167653.5,0.818642
ENSG00000167654.18,0.421917
ENSG00000167656.5,0.0
ENSG00000167657.14,36.553655000000006
ENSG00000167658.16,825.303235
ENSG00000167664.9,16.973063
ENSG00000167670.16,4.131817
ENSG00000167671.12,314.56816499999996
ENSG00000167674.15,23.06769
ENSG00000167676.5,6.712701000000001
ENSG00000167680.18,0.9800979999999999
ENSG00000167685.15,11.173226000000001
ENSG00000167693.17,0.593749
ENSG00000167695.15,0.0
ENSG00000167699.14,23.01011
ENSG00000167700.9,4.280817
ENSG00000167701.14,0.0
ENSG00000167702.13,11.519824
ENSG00000167703.15,71.69332299999999
ENSG00000167705.12,58.588272
ENSG00000167711.14,0.864463
ENSG00000167716.19,15.31442
ENSG00000167720.13,1.16476
ENSG00000167721.11,4.984389
ENSG00000167723.15,0.132863
ENSG00000167733.14,2.169501
ENSG00000167740.10,15.067276
ENSG00000167741.11,0.189898
ENSG00000167747.18,0.0
ENSG00000167748.11,0.926126
ENSG00000167749.12,0.0
ENSG00000167751.13,0.0
ENSG00000167754.13,0.0
ENSG00000167755.15,0.0
ENSG00000167757.14,0.0
ENSG00000167759.13,0.0
ENSG00000167766.22,3.4106870000000002
ENSG00000167767.14,0.0
ENSG00000167768.4,10.048734
ENSG00000167769.5,0.719337
ENSG00000167770.13,136.687133
ENSG00000167771.6,0.0
ENSG00000167772.12,0.0
ENSG00000167774.2,28.049749
ENSG00000167775.11,14.651776
ENSG00000167778.9,39.423744
ENSG00000167779.9,0.8832
ENSG00000167780.12,0.138489
ENSG00000167785.9,2.23846
ENSG00000167791.14,0.0
ENSG00000167792.13,94.73261
ENSG00000167797.8,165.51567
ENSG00000167798.20,0.0
ENSG00000167799.10,2.5638639999999997
ENSG00000167800.10,0.0
ENSG00000167807.15,0.247306
ENSG00000167815.12,122.432373
ENSG00000167822.3,0.0
ENSG00000167825.3,0.0
ENSG00000167840.14,3.851374
ENSG00000167842.16,4.84958
ENSG00000167850.5,54.476817
ENSG00000167851.16,420.04985100000005
ENSG00000167858.13,0.0
ENSG00000167861.16,0.9850749999999999
ENSG00000167862.10,18.680791
ENSG00000167863.12,118.06293500000001
ENSG00000167874.7,13.399313
ENSG00000167880.8,0.147422
ENSG00000167881.15,37.790114
ENSG00000167889.13,0.0
ENSG00000167895.16,98.680853
ENSG00000167900.13,3.268154
ENSG00000167904.16,1.1381269999999999
ENSG00000167910.4,0.0
ENSG00000167912.9,0.984128
ENSG00000167914.12,0.457591
ENSG00000167916.5,0.0
ENSG00000167920.13,3.460455
ENSG00000167925.17,26.632927
ENSG00000167930.17,22.667609
ENSG00000167941.3,0.0
ENSG00000167962.15,10.040106000000002
ENSG00000167964.13,0.0
ENSG00000167965.18,24.332894
ENSG00000167967.16,17.845498
ENSG00000167968.13,2.2098430000000002
ENSG00000167969.13,34.833293
ENSG00000167971.16,0.0
ENSG00000167972.14,3.241463
ENSG00000167977.9,16.06178
ENSG00000167978.19,416.738828
ENSG00000167981.7,0.75618
ENSG00000167984.18,7.045737
ENSG00000167985.8,65.560113
ENSG00000167986.15,49.1778
ENSG00000167987.11,23.685627
ENSG00000167992.14,6.748023
ENSG00000167994.13,2.120237
ENSG00000167995.17,30.962496
ENSG00000167996.16,6087.635568000001
ENSG00000168000.16,87.23635800000001
ENSG00000168002.12,115.560052
ENSG00000168003.19,70.517208
ENSG00000168004.10,0.369381
ENSG00000168005.9,4.072224
ENSG00000168010.11,657.9404499999999
ENSG00000168014.18,14.787512
ENSG00000168016.16,51.155359
ENSG00000168026.19,5.895659
ENSG00000168028.15,784.601525
ENSG00000168032.10,0.0
ENSG00000168036.19,47.575595
ENSG00000168038.11,0.758618
ENSG00000168040.5,42.558283
ENSG00000168056.18,21.319043
ENSG00000168060.16,14.912161000000001
ENSG00000168061.17,4.725225
ENSG00000168062.10,62.529718
ENSG00000168065.16,0.0
ENSG00000168066.22,175.138467
ENSG00000168067.12,40.692731
ENSG00000168070.12,0.0
ENSG00000168071.22,179.834291
ENSG00000168077.14,0.0
ENSG00000168078.10,0.0
ENSG00000168079.17,0.0
ENSG00000168081.9,3.9802869999999997
ENSG00000168090.10,62.276963
ENSG00000168092.14,11.658907000000001
ENSG00000168096.15,8.954475
ENSG00000168101.15,34.392505
ENSG00000168116.15,0.813214
ENSG00000168118.12,10.739476
ENSG00000168122.4,0.0
ENSG00000168124.3,0.153824
ENSG00000168126.3,0.0
ENSG00000168129.8,0.0
ENSG00000168131.4,0.0
ENSG00000168135.4,0.0
ENSG00000168137.20,12.553851
ENSG00000168140.5,0.0
ENSG00000168143.9,0.0
ENSG00000168148.4,0.0
ENSG00000168152.13,0.070429
ENSG00000168158.4,0.0
ENSG00000168159.15,22.361124999999998
ENSG00000168172.9,1.559553
ENSG00000168175.16,39.753419
ENSG00000168209.6,23.198135
ENSG00000168214.22,33.990566
ENSG00000168216.13,26.816436
ENSG00000168228.16,1.520944
ENSG00000168229.4,1.768554
ENSG00000168234.14,8.487513
ENSG00000168237.18,15.629598
ENSG00000168243.11,0.0
ENSG00000168246.6,1.27196
ENSG00000168255.20,30.443918
ENSG00000168256.18,32.669108
ENSG00000168259.17,44.002428
ENSG00000168263.9,0.0
ENSG00000168264.12,55.518343
ENSG00000168267.7,0.0
ENSG00000168268.11,6.445054
ENSG00000168269.10,0.0
ENSG00000168273.8,11.726066
ENSG00000168275.16,10.976688
ENSG00000168280.18,0.613422
ENSG00000168282.6,12.759152
ENSG00000168283.14,3.061327
ENSG00000168286.3,27.982632
ENSG00000168288.13,46.166029
ENSG00000168291.13,41.840847000000004
ENSG00000168297.16,21.040658
ENSG00000168298.7,0.747107
ENSG00000168300.14,3.780086
ENSG00000168301.13,4.403103
ENSG00000168303.9,1.794315
ENSG00000168306.13,0.505171
ENSG00000168309.18,0.396636
ENSG00000168310.12,117.013307
ENSG00000168314.19,0.0
ENSG00000168329.14,95.660783
ENSG00000168333.14,0.0
ENSG00000168334.9,0.0
ENSG00000168348.4,0.0
ENSG00000168350.8,0.955966
ENSG00000168356.13,0.0
ENSG00000168367.12,0.0
ENSG00000168374.11,67.125144
ENSG00000168379.9,0.0
ENSG00000168385.18,46.585458
ENSG00000168386.19,0.208807
ENSG00000168389.18,4.57958
ENSG00000168393.13,11.505892000000001
ENSG00000168394.13,470.775238
ENSG00000168395.16,8.677967
ENSG00000168397.17,66.153993
ENSG00000168398.7,0.0
ENSG00000168404.13,72.24599
ENSG00000168405.19,0.0
ENSG00000168411.14,5.723079
ENSG00000168412.7,0.0
ENSG00000168418.8,0.0
ENSG00000168421.14,24.953757
ENSG00000168427.9,0.0
ENSG00000168434.13,6.690666
ENSG00000168438.15,7.504797
ENSG00000168439.17,56.82880900000001
ENSG00000168447.11,0.0
ENSG00000168452.21,1.785953
ENSG00000168453.16,0.598828
ENSG00000168454.13,0.0
ENSG00000168461.13,44.817759
ENSG00000168468.12,0.0
ENSG00000168476.12,36.190608
ENSG00000168477.21,0.0
ENSG00000168481.9,0.076069
ENSG00000168484.13,0.0
ENSG00000168487.20,1.605828
ENSG00000168488.19,60.359997
ENSG00000168490.14,0.0
ENSG00000168491.10,0.0
ENSG00000168495.13,5.846508
ENSG00000168496.4,5.065149
ENSG00000168497.5,6.368466
ENSG00000168502.18,0.0
ENSG00000168505.7,0.0
ENSG00000168509.20,0.0
ENSG00000168515.3,0.0
ENSG00000168517.11,8.393994
ENSG00000168522.13,25.421523
ENSG00000168528.12,3.773992
ENSG00000168530.16,0.0
ENSG00000168538.16,10.421082
ENSG00000168539.4,0.0
ENSG00000168542.18,0.0
ENSG00000168546.11,0.660353
ENSG00000168556.7,4.318476
ENSG00000168564.6,4.658650000000001
ENSG00000168566.13,1.45166
ENSG00000168569.8,9.047281
ENSG00000168575.11,3.789939
ENSG00000168582.5,0.0
ENSG00000168589.15,0.0
ENSG00000168591.16,79.645232
ENSG00000168594.15,0.0
ENSG00000168610.17,124.051552
ENSG00000168612.5,5.900805
ENSG00000168615.13,2.536233
ENSG00000168619.16,0.0
ENSG00000168621.15,0.0
ENSG00000168630.3,0.0
ENSG00000168631.15,0.0
ENSG00000168634.5,0.0
ENSG00000168646.14,1.064098
ENSG00000168653.11,27.982999
ENSG00000168658.20,0.0
ENSG00000168661.15,0.465595
ENSG00000168671.10,0.0
ENSG00000168672.4,2.470669
ENSG00000168675.19,6.420184
ENSG00000168676.11,0.0
ENSG00000168679.18,0.163558
ENSG00000168685.15,41.077408
ENSG00000168701.19,51.23949
ENSG00000168702.18,0.0
ENSG00000168703.5,0.0
ENSG00000168710.18,19.141972
ENSG00000168724.18,4.07029
ENSG00000168734.14,7.794237
ENSG00000168743.13,0.0
ENSG00000168746.9,0.0
ENSG00000168748.14,0.0
ENSG00000168754.15,0.0
ENSG00000168757.13,0.0
ENSG00000168758.11,7.187737
ENSG00000168763.16,8.513636
ENSG00000168765.19,18.559365
ENSG00000168769.14,4.559203
ENSG00000168772.12,0.0
ENSG00000168778.13,0.245517
ENSG00000168779.21,0.0
ENSG00000168781.24,2.4038370000000002
ENSG00000168785.8,22.157355
ENSG00000168792.5,5.051693
ENSG00000168795.5,1.877829
ENSG00000168802.14,46.718765000000005
ENSG00000168803.16,0.373049
ENSG00000168806.8,2.6062149999999997
ENSG00000168807.17,0.972851
ENSG00000168811.8,0.33125
ENSG00000168813.17,0.472732
ENSG00000168818.10,13.499807
ENSG00000168824.15,2.2550730000000003
ENSG00000168826.16,3.351076
ENSG00000168827.15,6.354788
ENSG00000168828.6,0.0
ENSG00000168830.8,0.0
ENSG00000168843.14,0.0
ENSG00000168852.14,0.0
ENSG00000168872.17,12.51809
ENSG00000168874.14,5.60351
ENSG00000168875.3,0.0
ENSG00000168876.9,4.281456
ENSG00000168878.19,0.132385
ENSG00000168883.20,39.052007
ENSG00000168884.15,44.956252
ENSG00000168887.11,39.403267
ENSG00000168890.14,10.553335
ENSG00000168894.10,164.437908
ENSG00000168899.5,265.04216099999996
ENSG00000168903.9,8.927689
ENSG00000168904.15,9.951494
ENSG00000168906.13,46.920691
ENSG00000168907.13,0.0
ENSG00000168913.7,4.254074
ENSG00000168916.16,0.147072
ENSG00000168917.9,0.084036
ENSG00000168918.14,155.50202299999998
ENSG00000168924.15,5.978502000000001
ENSG00000168925.12,0.0
ENSG00000168928.13,0.0
ENSG00000168930.13,0.0
ENSG00000168936.12,24.684913
ENSG00000168938.6,0.0
ENSG00000168939.13,0.948802
ENSG00000168944.17,1.947887
ENSG00000168952.16,0.0
ENSG00000168955.4,0.0
ENSG00000168958.21,36.671294
ENSG00000168959.15,0.0
ENSG00000168961.17,512.574581
ENSG00000168967.15,0.0
ENSG00000168970.22,5.09688
ENSG00000168992.4,0.0
ENSG00000168993.15,0.244393
ENSG00000168994.14,1.651376
ENSG00000168995.13,47.58438699999999
ENSG00000169006.7,0.0
ENSG00000169016.17,1.097474
ENSG00000169018.6,2.322987
ENSG00000169019.11,1.751578
ENSG00000169020.10,92.85766699999999
ENSG00000169021.6,19.135477
ENSG00000169026.13,20.593559
ENSG00000169031.21,0.0
ENSG00000169032.11,28.049884000000002
ENSG00000169035.12,0.0
ENSG00000169040.15,0.0
ENSG00000169045.19,134.435534
ENSG00000169047.6,0.116022
ENSG00000169057.26,32.266187
ENSG00000169059.13,0.0
ENSG00000169062.15,8.254352
ENSG00000169064.13,0.0
ENSG00000169067.4,0.0
ENSG00000169071.15,0.0
ENSG00000169075.7,0.0
ENSG00000169083.18,0.0
ENSG00000169084.15,23.406098
ENSG00000169085.14,0.0
ENSG00000169087.11,28.402524
ENSG00000169093.16,26.701467
ENSG00000169100.14,476.006939
ENSG00000169105.8,7.449931
ENSG00000169116.11,0.162008
ENSG00000169118.18,2.337364
ENSG00000169122.12,1.196919
ENSG00000169126.16,0.0
ENSG00000169129.16,0.9481489999999999
ENSG00000169131.13,2.541597
ENSG00000169136.13,22.51259
ENSG00000169139.12,6.144461
ENSG00000169154.7,0.0
ENSG00000169155.10,1.571903
ENSG00000169164.8,0.0
ENSG00000169169.15,1.21396
ENSG00000169174.13,0.0
ENSG00000169180.12,672.547938
ENSG00000169181.13,0.757288
ENSG00000169184.7,0.0
ENSG00000169188.5,15.001684000000001
ENSG00000169189.17,50.855308
ENSG00000169193.12,1.26847
ENSG00000169194.10,0.0
ENSG00000169203.18,22.944499
ENSG00000169208.3,0.267641
ENSG00000169213.7,0.0
ENSG00000169214.5,0.0
ENSG00000169217.9,64.185349
ENSG00000169218.14,0.0
ENSG00000169220.18,250.683538
ENSG00000169221.14,42.41107
ENSG00000169223.16,200.87784299999998
ENSG00000169224.13,0.248213
ENSG00000169228.14,273.519069
ENSG00000169230.10,356.239761
ENSG00000169231.13,16.104934
ENSG00000169239.14,3.095496
ENSG00000169241.19,31.59776
ENSG00000169242.12,0.811224
ENSG00000169245.6,2.035074
ENSG00000169246.17,172.71191100000001
ENSG00000169247.14,0.32499
ENSG00000169248.13,0.0
ENSG00000169249.14,17.767446
ENSG00000169251.13,2.5316549999999998
ENSG00000169252.6,12.084714
ENSG00000169253.3,0.0
ENSG00000169255.15,0.307853
ENSG00000169258.7,0.384939
ENSG00000169260.11,0.0
ENSG00000169271.3,0.0
ENSG00000169282.19,0.0
ENSG00000169288.18,0.904477
ENSG00000169291.10,0.0
ENSG00000169297.8,0.0
ENSG00000169299.14,16.135028
ENSG00000169302.16,0.0
ENSG00000169306.11,0.0
ENSG00000169313.10,0.974891
ENSG00000169314.15,1.611749
ENSG00000169325.10,0.0
ENSG00000169327.5,0.0
ENSG00000169330.9,0.122646
ENSG00000169340.10,0.0
ENSG00000169344.16,0.0
ENSG00000169347.17,0.0
ENSG00000169359.16,2.811702
ENSG00000169371.14,13.058778
ENSG00000169372.13,6.325635
ENSG00000169375.17,13.914616
ENSG00000169379.17,0.876982
ENSG00000169385.3,139.44076
ENSG00000169393.10,0.0
ENSG00000169397.4,16.403054
ENSG00000169398.20,3.009118
ENSG00000169402.16,0.08139
ENSG00000169403.12,212.359462
ENSG00000169410.11,3.277027
ENSG00000169413.3,134.995004
ENSG00000169418.10,0.0
ENSG00000169427.8,0.0
ENSG00000169429.13,0.737344
ENSG00000169432.19,0.070148
ENSG00000169435.14,0.039064
ENSG00000169436.18,0.065529
ENSG00000169439.12,1.415648
ENSG00000169442.9,596.745447
ENSG00000169446.6,5.652607000000001
ENSG00000169469.9,0.0
ENSG00000169474.5,0.0
ENSG00000169484.4,0.0
ENSG00000169488.7,0.0
ENSG00000169490.17,16.947636
ENSG00000169495.5,0.120802
ENSG00000169499.15,15.352218
ENSG00000169504.15,2.189362
ENSG00000169507.10,0.119976
ENSG00000169508.7,11.165864
ENSG00000169509.6,0.0
ENSG00000169515.9,0.0
ENSG00000169519.21,1.180921
ENSG00000169548.3,0.0
ENSG00000169550.14,0.0
ENSG00000169551.13,0.0
ENSG00000169554.23,22.147619
ENSG00000169562.13,1.250062
ENSG00000169564.7,378.862365
ENSG00000169567.13,40.799814000000005
ENSG00000169570.10,0.199028
ENSG00000169575.5,0.0
ENSG00000169583.13,32.143955
ENSG00000169592.15,55.134488
ENSG00000169594.14,0.0
ENSG00000169598.17,6.200033
ENSG00000169599.13,8.166944
ENSG00000169604.21,0.0
ENSG00000169605.7,0.0
ENSG00000169607.13,0.098113
ENSG00000169609.14,9.283423
ENSG00000169612.4,21.282516
ENSG00000169618.7,0.0
ENSG00000169621.11,0.416089
ENSG00000169627.9,13.370783
ENSG00000169629.12,0.784601
ENSG00000169635.10,0.903965
ENSG00000169641.16,2.516572
ENSG00000169660.17,61.360129
ENSG00000169662.8,0.0
ENSG00000169668.14,0.0
ENSG00000169676.6,0.0
ENSG00000169679.15,0.560357
ENSG00000169682.18,33.206891
ENSG00000169683.8,9.35911
ENSG00000169684.13,0.129569
ENSG00000169688.11,0.0
ENSG00000169689.15,34.979566
ENSG00000169692.14,71.90092
ENSG00000169696.16,23.900119
ENSG00000169704.5,48.730718
ENSG00000169710.9,3.009525
ENSG00000169714.17,166.48524
ENSG00000169715.15,7.73378
ENSG00000169717.7,0.0
ENSG00000169718.18,77.817816
ENSG00000169727.14,59.477269
ENSG00000169733.12,26.802755
ENSG00000169738.8,84.811881
ENSG00000169740.14,5.056935
ENSG00000169744.13,0.0
ENSG00000169750.9,0.262737
ENSG00000169752.17,0.0
ENSG00000169756.17,6.933516
ENSG00000169758.13,0.0
ENSG00000169760.18,0.0
ENSG00000169762.17,5.798299
ENSG00000169764.16,32.180053
ENSG00000169777.7,0.0
ENSG00000169783.13,0.0
ENSG00000169800.14,0.0
ENSG00000169811.8,0.0
ENSG00000169813.17,118.250757
ENSG00000169814.18,10.486114
ENSG00000169826.8,10.203618
ENSG00000169836.5,0.0
ENSG00000169840.5,0.0
ENSG00000169849.8,0.0
ENSG00000169851.16,0.0
ENSG00000169855.21,0.0
ENSG00000169856.9,0.0
ENSG00000169857.9,3.547764
ENSG00000169860.7,0.109012
ENSG00000169862.21,0.0
ENSG00000169871.13,17.774431
ENSG00000169876.14,0.0
ENSG00000169877.10,187.222608
ENSG00000169884.14,1.623236
ENSG00000169885.10,0.131524
ENSG00000169891.18,39.352033000000006
ENSG00000169894.18,0.0
ENSG00000169895.6,4.763494
ENSG00000169896.18,120.45402800000001
ENSG00000169900.8,0.0
ENSG00000169902.15,10.9713
ENSG00000169903.7,0.0
ENSG00000169905.13,4.758265
ENSG00000169906.5,0.0
ENSG00000169908.12,0.0
ENSG00000169914.6,0.984295
ENSG00000169918.10,0.247614
ENSG00000169919.17,51.206693
ENSG00000169925.17,7.686434
ENSG00000169926.11,43.853623
ENSG00000169933.17,0.0
ENSG00000169946.14,0.0
ENSG00000169951.10,3.452588
ENSG00000169953.12,0.0
ENSG00000169955.8,4.564493
ENSG00000169957.10,9.027612
ENSG00000169962.5,0.609343
ENSG00000169964.8,10.29004
ENSG00000169967.17,5.0625659999999995
ENSG00000169972.13,7.200893
ENSG00000169976.7,165.172771
ENSG00000169981.11,1.710412
ENSG00000169989.3,0.19793
ENSG00000169991.11,3.526994
ENSG00000169992.10,0.5725089999999999
ENSG00000169994.20,18.166372
ENSG00000170004.19,68.0957
ENSG00000170006.13,64.237436
ENSG00000170011.14,0.0
ENSG00000170017.12,0.9203600000000001
ENSG00000170027.7,16.465346
ENSG00000170035.16,28.036031
ENSG00000170037.14,13.584629000000001
ENSG00000170043.12,394.459279
ENSG00000170044.9,0.0
ENSG00000170049.10,1.9801950000000001
ENSG00000170054.16,0.0
ENSG00000170074.21,0.771348
ENSG00000170075.10,0.0
ENSG00000170085.18,3.10987
ENSG00000170088.14,3.4330610000000004
ENSG00000170089.18,0.0
ENSG00000170091.11,0.0
ENSG00000170092.15,0.0
ENSG00000170099.6,0.0
ENSG00000170100.14,0.758757
ENSG00000170113.16,0.838641
ENSG00000170122.6,0.111416
ENSG00000170128.5,1.546647
ENSG00000170142.12,29.061886
ENSG00000170144.23,72.68966499999999
ENSG00000170145.5,1.980677
ENSG00000170153.11,0.0
ENSG00000170160.19,0.134712
ENSG00000170161.8,1.269162
ENSG00000170162.14,0.0
ENSG00000170166.6,0.0
ENSG00000170175.11,5.802913
ENSG00000170178.7,0.0
ENSG00000170180.22,0.0
ENSG00000170185.12,3.772625
ENSG00000170190.16,31.342605
ENSG00000170191.5,0.24622
ENSG00000170209.5,0.376578
ENSG00000170214.5,0.0
ENSG00000170222.12,3.8585000000000003
ENSG00000170231.16,0.0
ENSG00000170234.13,5.250686
ENSG00000170236.16,0.0
ENSG00000170242.19,5.183937
ENSG00000170248.15,80.025281
ENSG00000170255.8,0.0
ENSG00000170260.9,7.083226
ENSG00000170262.13,0.0
ENSG00000170264.13,0.231838
ENSG00000170265.13,10.416572
ENSG00000170266.16,56.014349
ENSG00000170270.5,2.858847
ENSG00000170271.11,15.244596000000001
ENSG00000170275.15,135.39181399999998
ENSG00000170276.6,0.0
ENSG00000170279.3,0.0
ENSG00000170289.13,0.0
ENSG00000170290.4,0.0
ENSG00000170291.17,5.561545
ENSG00000170293.9,2.047915
ENSG00000170296.10,2641.514953
ENSG00000170298.16,2.0930210000000002
ENSG00000170310.15,36.065706999999996
ENSG00000170312.17,0.312843
ENSG00000170315.14,3346.008301
ENSG00000170322.15,8.906368
ENSG00000170323.9,0.309138
ENSG00000170324.21,0.134468
ENSG00000170325.16,1.38306
ENSG00000170340.11,3.476004
ENSG00000170345.11,66.299616
ENSG00000170348.9,47.527649999999994
ENSG00000170356.10,0.0
ENSG00000170364.13,2.404457
ENSG00000170365.10,1.177124
ENSG00000170367.5,0.0
ENSG00000170369.4,0.0
ENSG00000170370.12,0.0
ENSG00000170373.9,0.0
ENSG00000170374.6,0.0
ENSG00000170379.21,1.49292
ENSG00000170381.15,0.0
ENSG00000170382.12,0.0
ENSG00000170385.10,1.988427
ENSG00000170390.16,0.066331
ENSG00000170396.9,0.102549
ENSG00000170409.7,0.0
ENSG00000170412.18,7.476462999999999
ENSG00000170417.16,2.848857
ENSG00000170419.11,0.0
ENSG00000170421.13,0.148679
ENSG00000170423.13,0.0
ENSG00000170425.4,0.835621
ENSG00000170426.2,0.0
ENSG00000170430.10,18.308224
ENSG00000170439.8,0.791015
ENSG00000170442.12,0.117048
ENSG00000170445.16,25.345430999999998
ENSG00000170448.12,6.594239
ENSG00000170454.6,0.0
ENSG00000170456.16,0.442704
ENSG00000170458.15,762.611846
ENSG00000170464.10,3.496439
ENSG00000170465.10,0.0
ENSG00000170468.8,6.658459
ENSG00000170469.11,4.644885
ENSG00000170471.15,10.604292000000001
ENSG00000170473.17,31.074901
ENSG00000170476.16,13.441517000000001
ENSG00000170477.13,0.0
ENSG00000170482.17,0.105644
ENSG00000170484.10,1.251412
ENSG00000170485.17,0.6823779999999999
ENSG00000170486.11,16.873584
ENSG00000170498.10,0.0
ENSG00000170500.13,0.0
ENSG00000170502.13,4.072638
ENSG00000170509.12,0.810323
ENSG00000170515.14,59.756889
ENSG00000170516.17,0.0
ENSG00000170522.10,3.718773
ENSG00000170523.3,0.0
ENSG00000170525.21,24.424127
ENSG00000170537.13,0.0
ENSG00000170540.16,31.811535
ENSG00000170542.7,18.177065
ENSG00000170545.17,6.150505
ENSG00000170549.4,0.0
ENSG00000170558.10,0.527253
ENSG00000170561.13,0.0
ENSG00000170571.12,21.090098
ENSG00000170577.8,0.0
ENSG00000170579.19,0.0
ENSG00000170581.15,136.567585
ENSG00000170584.12,1.915577
ENSG00000170604.5,11.578801
ENSG00000170605.7,0.0
ENSG00000170606.16,22.08372
ENSG00000170608.3,0.0
ENSG00000170613.4,0.0
ENSG00000170615.16,0.0
ENSG00000170619.10,34.128153
ENSG00000170624.14,0.0
ENSG00000170627.11,3.252663
ENSG00000170629.17,0.0
ENSG00000170631.15,1.285065
ENSG00000170632.14,5.131149
ENSG00000170633.17,28.477994
ENSG00000170634.13,6.5203880000000005
ENSG00000170638.10,86.444876
ENSG00000170653.19,6.7561659999999994
ENSG00000170667.16,45.046768
ENSG00000170677.6,0.740808
ENSG00000170681.7,0.0
ENSG00000170683.7,0.0
ENSG00000170684.10,7.707183
ENSG00000170688.4,0.0
ENSG00000170689.10,0.0
ENSG00000170703.16,0.0
ENSG00000170734.12,2.0604899999999997
ENSG00000170743.17,0.0
ENSG00000170745.12,0.0
ENSG00000170748.7,0.0
ENSG00000170759.11,4.621958
ENSG00000170775.3,0.0
ENSG00000170776.22,82.72948199999999
ENSG00000170777.11,0.0
ENSG00000170779.11,4.729256
ENSG00000170782.3,0.0
ENSG00000170786.13,0.0
ENSG00000170788.14,0.0
ENSG00000170790.6,0.085526
ENSG00000170791.18,16.988241000000002
ENSG00000170801.10,0.378824
ENSG00000170802.17,3.60003
ENSG00000170807.12,0.0
ENSG00000170819.5,1.464054
ENSG00000170820.12,0.0
ENSG00000170827.10,0.0
ENSG00000170832.13,21.875554
ENSG00000170835.17,0.507709
ENSG00000170836.13,7.0832429999999995
ENSG00000170837.3,6.390628
ENSG00000170846.17,5.559461
ENSG00000170848.16,0.0
ENSG00000170852.12,18.184891999999998
ENSG00000170854.18,5.076033
ENSG00000170855.4,6.721568
ENSG00000170858.11,0.0
ENSG00000170860.4,1.052771
ENSG00000170871.12,8.160076
ENSG00000170873.19,13.650528
ENSG00000170876.9,44.355524
ENSG00000170881.6,5.174343
ENSG00000170889.14,1325.614043
ENSG00000170890.14,0.0
ENSG00000170891.11,0.0
ENSG00000170892.13,5.721868
ENSG00000170893.4,0.0
ENSG00000170899.11,1.060474
ENSG00000170903.12,1.5677919999999999
ENSG00000170906.16,14.911112
ENSG00000170909.14,52.724643
ENSG00000170915.9,3.99896
ENSG00000170917.14,1.8257409999999998
ENSG00000170919.17,13.492326
ENSG00000170920.2,0.0
ENSG00000170921.16,1.33183
ENSG00000170923.4,0.157438
ENSG00000170925.3,0.0
ENSG00000170927.15,0.0
ENSG00000170929.6,0.0
ENSG00000170935.8,0.0
ENSG00000170946.15,0.887306
ENSG00000170948.4,0.0
ENSG00000170949.18,5.874402
ENSG00000170950.6,0.0
ENSG00000170953.4,0.0
ENSG00000170954.12,0.114575
ENSG00000170955.10,1.452759
ENSG00000170956.17,202.658454
ENSG00000170959.15,0.0
ENSG00000170961.7,0.0
ENSG00000170962.13,0.548677
ENSG00000170965.10,0.0
ENSG00000170967.5,0.0
ENSG00000170983.4,0.0
ENSG00000170989.10,19.585160000000002
ENSG00000171004.19,0.0
ENSG00000171014.3,0.0
ENSG00000171016.13,0.026793
ENSG00000171017.11,0.0
ENSG00000171033.13,1.3131
ENSG00000171044.11,0.163678
ENSG00000171045.16,7.649287
ENSG00000171049.9,269.196818
ENSG00000171051.10,2881.995126
ENSG00000171053.10,0.0
ENSG00000171054.9,0.0
ENSG00000171055.15,10.025823
ENSG00000171056.8,0.0
ENSG00000171060.11,0.0
ENSG00000171067.11,15.826068000000001
ENSG00000171084.18,0.0
ENSG00000171094.18,0.0
ENSG00000171097.14,4.562115
ENSG00000171100.16,4.637875
ENSG00000171101.15,0.0
ENSG00000171102.16,0.0
ENSG00000171103.11,2.069729
ENSG00000171105.14,1.243035
ENSG00000171109.19,4.48045
ENSG00000171115.4,30.170929
ENSG00000171116.7,0.753049
ENSG00000171119.3,0.166374
ENSG00000171121.17,0.281944
ENSG00000171124.14,0.0
ENSG00000171126.8,0.0
ENSG00000171130.19,24.319924
ENSG00000171132.14,1.079975
ENSG00000171133.4,0.0
ENSG00000171135.15,29.288401
ENSG00000171136.7,0.0
ENSG00000171148.14,106.332053
ENSG00000171150.9,1.463159
ENSG00000171155.8,7.696508
ENSG00000171159.5,176.152342
ENSG00000171160.18,0.207637
ENSG00000171161.13,30.179625
ENSG00000171163.16,29.022353000000003
ENSG00000171169.9,12.810044999999999
ENSG00000171174.15,1.6855
ENSG00000171180.3,0.0
ENSG00000171189.18,0.0
ENSG00000171195.11,0.0
ENSG00000171199.11,0.0
ENSG00000171201.12,0.0
ENSG00000171202.7,6.395894
ENSG00000171204.13,5.782712
ENSG00000171206.17,88.18104199999999
ENSG00000171208.10,3.460473
ENSG00000171209.4,0.0
ENSG00000171217.5,0.43712
ENSG00000171219.9,0.707526
ENSG00000171222.11,70.58438
ENSG00000171223.6,186.846555
ENSG00000171224.9,2.53245
ENSG00000171227.7,0.0
ENSG00000171234.14,0.0
ENSG00000171236.10,120.77355
ENSG00000171241.9,1.304401
ENSG00000171243.8,0.0
ENSG00000171246.7,0.059037
ENSG00000171262.11,1.748111
ENSG00000171291.9,2.904805
ENSG00000171295.13,1.9605650000000001
ENSG00000171298.15,89.16353
ENSG00000171302.17,63.584556
ENSG00000171303.8,0.0
ENSG00000171307.19,17.850785
ENSG00000171310.11,34.463391
ENSG00000171311.13,19.162633
ENSG00000171314.9,277.416851
ENSG00000171316.14,3.9424479999999997
ENSG00000171320.15,0.061522
ENSG00000171345.13,0.0
ENSG00000171346.16,0.797115
ENSG00000171357.6,0.0
ENSG00000171360.4,0.0
ENSG00000171365.17,0.781451
ENSG00000171368.12,0.307275
ENSG00000171385.11,0.152574
ENSG00000171388.12,0.0
ENSG00000171396.12,0.0
ENSG00000171401.15,0.0
ENSG00000171402.15,0.0
ENSG00000171403.10,0.0
ENSG00000171405.14,0.0
ENSG00000171408.14,0.132254
ENSG00000171421.13,16.357202
ENSG00000171425.10,44.253052
ENSG00000171428.15,1.6072389999999999
ENSG00000171431.4,0.0
ENSG00000171433.12,0.0
ENSG00000171435.15,0.012641
ENSG00000171443.7,41.471314
ENSG00000171444.19,0.110488
ENSG00000171446.7,0.0
ENSG00000171448.9,1.04281
ENSG00000171450.6,0.0
ENSG00000171451.15,0.048992
ENSG00000171453.20,13.530381
ENSG00000171456.22,9.263614
ENSG00000171459.4,0.0
ENSG00000171462.15,0.257263
ENSG00000171466.10,1.341771
ENSG00000171467.16,3.163026
ENSG00000171469.11,6.2984420000000005
ENSG00000171475.14,14.595629
ENSG00000171476.23,15.773819000000001
ENSG00000171478.8,0.0
ENSG00000171481.5,0.0
ENSG00000171483.14,0.0
ENSG00000171487.16,0.0
ENSG00000171488.15,3.981708
ENSG00000171489.11,0.186629
ENSG00000171490.13,43.442821
ENSG00000171492.14,14.211196000000001
ENSG00000171495.17,0.0
ENSG00000171496.5,0.0
ENSG00000171497.5,17.099749
ENSG00000171501.11,0.0
ENSG00000171502.15,0.0
ENSG00000171503.13,8.121063000000001
ENSG00000171505.6,0.0
ENSG00000171509.16,0.0
ENSG00000171517.6,0.327347
ENSG00000171522.6,15.862448
ENSG00000171530.15,28.996513999999998
ENSG00000171532.5,0.0
ENSG00000171533.12,0.0
ENSG00000171540.8,0.0
ENSG00000171551.12,0.0
ENSG00000171552.14,170.134321
ENSG00000171557.17,0.0
ENSG00000171560.18,0.0
ENSG00000171561.4,0.0
ENSG00000171564.12,0.0
ENSG00000171566.12,20.897564
ENSG00000171570.11,8.886274
ENSG00000171574.19,2.2512600000000003
ENSG00000171587.15,0.0
ENSG00000171595.14,0.246835
ENSG00000171596.7,5.136763
ENSG00000171603.18,18.739121
ENSG00000171604.12,9.502165999999999
ENSG00000171606.18,14.414333
ENSG00000171608.18,173.65349600000002
ENSG00000171611.10,19.954003
ENSG00000171612.7,1.270834
ENSG00000171617.16,3.040074
ENSG00000171621.14,1.449294
ENSG00000171631.16,2.250488
ENSG00000171634.19,10.292776
ENSG00000171643.14,8.639851
ENSG00000171649.12,1.2994780000000001
ENSG00000171657.6,0.284421
ENSG00000171658.9,0.0
ENSG00000171659.16,1.794609
ENSG00000171671.6,0.0
ENSG00000171680.23,0.406229
ENSG00000171681.13,11.524642
ENSG00000171695.11,0.0
ENSG00000171700.14,374.130736
ENSG00000171703.17,18.659713
ENSG00000171711.3,0.0
ENSG00000171714.13,0.071185
ENSG00000171720.10,47.908227000000004
ENSG00000171722.13,0.0
ENSG00000171723.16,0.858715
ENSG00000171724.3,0.0
ENSG00000171729.14,1.874158
ENSG00000171735.21,14.453946
ENSG00000171747.9,1.414818
ENSG00000171757.17,0.0
ENSG00000171759.10,0.0
ENSG00000171763.20,4.244904
ENSG00000171766.17,1.405405
ENSG00000171772.17,0.0
ENSG00000171773.3,0.0
ENSG00000171777.17,166.812333
ENSG00000171786.6,0.469926
ENSG00000171790.16,0.0
ENSG00000171791.14,3.786289
ENSG00000171792.11,10.433804
ENSG00000171793.17,4.588579
ENSG00000171794.4,0.652471
ENSG00000171798.19,1.817663
ENSG00000171804.11,0.0
ENSG00000171806.12,1.801258
ENSG00000171811.14,0.05508
ENSG00000171812.13,1.462679
ENSG00000171813.14,13.835346
ENSG00000171815.6,0.0
ENSG00000171817.17,0.848672
ENSG00000171819.5,0.0
ENSG00000171823.7,4.116814
ENSG00000171824.14,29.626946
ENSG00000171827.11,1.0116040000000002
ENSG00000171840.13,81.821878
ENSG00000171843.17,3.8837569999999997
ENSG00000171847.11,0.103384
ENSG00000171848.16,0.797554
ENSG00000171853.16,50.723073
ENSG00000171855.7,0.0
ENSG00000171858.18,431.3392
ENSG00000171860.5,20.637179
ENSG00000171861.11,9.756895
ENSG00000171862.16,51.633756000000005
ENSG00000171863.15,74.302189
ENSG00000171864.5,0.0
ENSG00000171865.10,2.79412
ENSG00000171867.18,14.274631999999999
ENSG00000171872.5,0.0
ENSG00000171873.8,0.0
ENSG00000171877.21,0.0
ENSG00000171885.18,0.0
ENSG00000171889.8,0.0
ENSG00000171903.17,0.0
ENSG00000171914.17,0.0
ENSG00000171916.17,17.419087
ENSG00000171928.14,4.932668
ENSG00000171931.13,0.073382
ENSG00000171936.3,0.0
ENSG00000171940.14,16.902376
ENSG00000171942.5,0.0
ENSG00000171943.12,1.7009660000000002
ENSG00000171944.2,0.0
ENSG00000171951.5,0.0
ENSG00000171953.16,27.61141
ENSG00000171954.13,7.248228
ENSG00000171956.7,0.0
ENSG00000171960.12,24.874674
ENSG00000171962.19,0.0
ENSG00000171970.14,1.405026
ENSG00000171984.15,5.160002
ENSG00000171987.3,0.0
ENSG00000171988.20,27.987927
ENSG00000171989.6,0.0
ENSG00000171992.13,0.129145
ENSG00000171999.7,0.0
ENSG00000172000.7,0.223705
ENSG00000172005.11,44.116814
ENSG00000172006.12,1.187682
ENSG00000172007.7,1.382932
ENSG00000172009.15,13.328337
ENSG00000172014.14,0.0
ENSG00000172016.16,0.0
ENSG00000172020.13,0.340391
ENSG00000172023.8,0.0
ENSG00000172031.7,0.0
ENSG00000172037.14,1.582047
ENSG00000172046.21,43.286996
ENSG00000172053.18,134.359749
ENSG00000172057.10,41.122084
ENSG00000172058.16,1.065329
ENSG00000172059.11,4.153031
ENSG00000172061.9,0.0
ENSG00000172062.17,4.453283
ENSG00000172071.15,5.4841370000000005
ENSG00000172073.4,0.0
ENSG00000172081.14,339.48485
ENSG00000172086.9,3.840046
ENSG00000172113.10,15.105749
ENSG00000172115.9,14.520700000000001
ENSG00000172116.23,19.373753
ENSG00000172123.14,4.595252
ENSG00000172137.19,0.0
ENSG00000172139.15,0.0
ENSG00000172146.4,0.065069
ENSG00000172148.4,0.0
ENSG00000172150.4,0.0
ENSG00000172154.11,0.0
ENSG00000172155.10,0.0
ENSG00000172156.4,0.0
ENSG00000172159.16,3.350022
ENSG00000172164.15,4.354513
ENSG00000172167.8,0.426016
ENSG00000172171.11,1.7485199999999999
ENSG00000172172.8,2.497475
ENSG00000172175.16,4.1438049999999995
ENSG00000172179.13,0.0
ENSG00000172183.16,385.697677
ENSG00000172186.7,0.0
ENSG00000172188.6,0.0
ENSG00000172197.11,9.871601
ENSG00000172199.1,0.0
ENSG00000172201.12,0.0
ENSG00000172208.7,0.0
ENSG00000172209.6,0.0
ENSG00000172215.6,4.361871
ENSG00000172216.7,128.876594
ENSG00000172232.10,9.750726
ENSG00000172236.19,0.244917
ENSG00000172238.6,0.0
ENSG00000172239.14,4.937598
ENSG00000172243.18,120.18146
ENSG00000172244.9,0.0
ENSG00000172247.4,0.364087
ENSG00000172250.19,0.0
ENSG00000172260.15,0.125266
ENSG00000172262.12,3.606745
ENSG00000172264.19,0.21004
ENSG00000172269.20,15.611255
ENSG00000172270.22,525.957212
ENSG00000172273.13,19.966615
ENSG00000172288.8,0.0
ENSG00000172289.3,0.0
ENSG00000172292.15,2.634816
ENSG00000172294.7,0.0
ENSG00000172296.13,0.26839999999999997
ENSG00000172297.7,0.0
ENSG00000172301.11,6.904791
ENSG00000172315.6,5.206967
ENSG00000172318.6,0.078734
ENSG00000172320.4,0.026398
ENSG00000172322.14,123.987419
ENSG00000172324.6,0.036278
ENSG00000172331.12,18.059015000000002
ENSG00000172336.5,21.618713
ENSG00000172339.10,1.645222
ENSG00000172340.15,8.980634
ENSG00000172342.5,0.0
ENSG00000172345.14,0.820952
ENSG00000172346.15,0.0
ENSG00000172348.16,0.0
ENSG00000172349.19,249.867026
ENSG00000172350.10,0.0
ENSG00000172352.5,0.0
ENSG00000172354.10,563.969622
ENSG00000172361.6,0.272396
ENSG00000172362.4,0.0
ENSG00000172365.4,0.0
ENSG00000172366.20,11.665114
ENSG00000172367.16,0.394571
ENSG00000172375.14,25.827989
ENSG00000172377.3,0.0
ENSG00000172379.22,0.0
ENSG00000172380.6,0.0
ENSG00000172382.10,0.681515
ENSG00000172399.6,0.0
ENSG00000172403.11,0.054134
ENSG00000172404.5,0.0
ENSG00000172409.7,16.861833
ENSG00000172410.5,0.0
ENSG00000172421.10,0.0
ENSG00000172425.12,0.0
ENSG00000172426.16,0.468287
ENSG00000172428.11,41.632054000000004
ENSG00000172432.19,48.171578
ENSG00000172456.18,3.381768
ENSG00000172457.7,0.0
ENSG00000172458.5,0.0
ENSG00000172459.5,0.0
ENSG00000172460.20,0.0
ENSG00000172461.11,0.0
ENSG00000172464.4,0.0
ENSG00000172465.14,0.686035
ENSG00000172466.16,7.058281
ENSG00000172468.14,0.0
ENSG00000172469.17,0.405426
ENSG00000172476.4,0.0
ENSG00000172478.18,0.0
ENSG00000172482.5,0.0
ENSG00000172487.4,0.0
ENSG00000172489.7,0.0
ENSG00000172493.23,8.950767
ENSG00000172497.9,0.0
ENSG00000172500.13,66.667406
ENSG00000172508.11,2.807404
ENSG00000172519.10,0.035944
ENSG00000172530.22,32.576243
ENSG00000172531.16,424.360435
ENSG00000172534.14,15.433978
ENSG00000172538.7,0.181895
ENSG00000172543.9,210.933637
ENSG00000172548.15,0.0
ENSG00000172551.12,0.0
ENSG00000172554.12,0.0
ENSG00000172568.5,0.0
ENSG00000172572.7,0.01808
ENSG00000172575.14,4.36869
ENSG00000172578.12,10.552996
ENSG00000172586.8,20.938235
ENSG00000172590.18,49.963165000000004
ENSG00000172594.13,2.405269
ENSG00000172602.11,0.490003
ENSG00000172613.8,24.803358
ENSG00000172638.13,5.976661
ENSG00000172640.4,0.0
ENSG00000172650.15,2.758619
ENSG00000172661.20,41.428952
ENSG00000172663.9,41.249140000000004
ENSG00000172667.11,1.4242489999999999
ENSG00000172671.20,2.703052
ENSG00000172673.12,2.260945
ENSG00000172680.1,0.0
ENSG00000172687.14,2.118411
ENSG00000172689.2,0.137456
ENSG00000172716.17,11.226405
ENSG00000172717.17,0.0
ENSG00000172724.12,0.0
ENSG00000172725.14,99.261103
ENSG00000172728.16,2.544538
ENSG00000172731.15,1.147861
ENSG00000172732.12,31.638914
ENSG00000172733.12,0.0
ENSG00000172738.13,0.0
ENSG00000172742.6,0.038012
ENSG00000172746.6,0.0
ENSG00000172748.14,0.765666
ENSG00000172752.16,0.0
ENSG00000172757.13,2493.780723
ENSG00000172765.19,9.653298
ENSG00000172766.19,3.3723
ENSG00000172769.4,0.0
ENSG00000172771.13,1.669301
ENSG00000172772.3,0.0
ENSG00000172775.18,150.39738
ENSG00000172780.17,56.887161
ENSG00000172782.13,0.0
ENSG00000172785.19,8.265276
ENSG00000172789.4,0.0
ENSG00000172794.20,114.788471
ENSG00000172795.17,15.158593
ENSG00000172799.5,0.0
ENSG00000172803.18,0.0
ENSG00000172809.13,1463.52259
ENSG00000172817.4,0.0
ENSG00000172818.10,0.140503
ENSG00000172819.17,12.51179
ENSG00000172824.17,8.512871
ENSG00000172828.13,0.153942
ENSG00000172830.13,27.000937
ENSG00000172831.14,15.584292999999999
ENSG00000172840.7,0.290599
ENSG00000172845.18,14.237687
ENSG00000172867.4,0.0
ENSG00000172869.15,5.608917
ENSG00000172878.14,1.244802
ENSG00000172888.12,1.7854230000000002
ENSG00000172889.16,3.7317750000000003
ENSG00000172890.13,114.978093
ENSG00000172893.18,3.3069759999999997
ENSG00000172900.13,0.0
ENSG00000172901.21,0.0
ENSG00000172912.4,0.0
ENSG00000172915.20,0.28507
ENSG00000172922.11,38.445126
ENSG00000172927.9,1.091959
ENSG00000172932.16,284.576066
ENSG00000172935.10,0.0
ENSG00000172936.18,278.362653
ENSG00000172938.3,0.0
ENSG00000172939.9,10.360519
ENSG00000172940.13,0.079242
ENSG00000172943.21,15.288687999999999
ENSG00000172954.14,1.754677
ENSG00000172955.17,0.0
ENSG00000172965.18,41.47191
ENSG00000172967.8,0.609808
ENSG00000172969.8,0.0
ENSG00000172971.7,0.0
ENSG00000172974.11,0.0
ENSG00000172977.13,65.511247
ENSG00000172985.11,2.432824
ENSG00000172986.13,0.0
ENSG00000172987.14,0.063707
ENSG00000172992.13,14.003644
ENSG00000172995.17,0.0
ENSG00000173011.12,15.784799
ENSG00000173013.6,0.680087
ENSG00000173020.11,396.63392600000003
ENSG00000173039.20,76.27014
ENSG00000173040.13,0.114368
ENSG00000173041.12,0.158711
ENSG00000173064.14,6.398795
ENSG00000173065.14,4.806549
ENSG00000173068.19,0.105711
ENSG00000173077.17,0.080447
ENSG00000173080.6,0.0
ENSG00000173083.16,18.939807
ENSG00000173085.15,6.490012
ENSG00000173093.13,0.0
ENSG00000173110.8,233.026459
ENSG00000173113.8,110.52762
ENSG00000173114.13,0.873511
ENSG00000173120.15,57.16028
ENSG00000173124.15,0.0
ENSG00000173137.12,4.927527
ENSG00000173141.5,7.952344
ENSG00000173145.11,2.5228260000000002
ENSG00000173153.17,50.360867
ENSG00000173156.7,0.243723
ENSG00000173157.18,0.0
ENSG00000173163.11,22.158447000000002
ENSG00000173166.18,0.117026
ENSG00000173171.15,95.730094
ENSG00000173175.17,0.046443
ENSG00000173193.15,95.299952
ENSG00000173198.6,8.035024
ENSG00000173200.13,6.626631
ENSG00000173207.13,8.226434999999999
ENSG00000173208.4,0.182252
ENSG00000173209.24,0.0
ENSG00000173210.21,2.350339
ENSG00000173212.5,0.729622
ENSG00000173213.11,0.0
ENSG00000173214.7,3.250496
ENSG00000173218.15,0.570784
ENSG00000173221.14,102.74502
ENSG00000173226.17,6.523862
ENSG00000173227.14,0.038087
ENSG00000173230.17,22.815905
ENSG00000173231.6,0.0
ENSG00000173237.5,0.0
ENSG00000173239.14,0.0
ENSG00000173250.3,0.0
ENSG00000173253.16,0.0
ENSG00000173258.13,0.11591399999999999
ENSG00000173261.9,0.257412
ENSG00000173262.12,0.155503
ENSG00000173264.16,25.26695
ENSG00000173267.14,0.0
ENSG00000173269.14,0.0
ENSG00000173272.16,27.401974
ENSG00000173273.17,2.074256
ENSG00000173275.13,0.404978
ENSG00000173276.14,0.515124
ENSG00000173281.5,19.644753
ENSG00000173285.5,0.0
ENSG00000173295.11,0.0
ENSG00000173302.5,0.0
ENSG00000173320.12,0.0
ENSG00000173327.9,161.029145
ENSG00000173334.4,12.276055
ENSG00000173335.5,0.0
ENSG00000173338.13,9.0135
ENSG00000173349.6,1.938808
ENSG00000173357.13,0.0
ENSG00000173366.11,0.0
ENSG00000173369.18,38.149316999999996
ENSG00000173372.18,66.929221
ENSG00000173376.14,0.0
ENSG00000173389.16,0.0
ENSG00000173391.9,0.098178
ENSG00000173401.10,0.0
ENSG00000173402.13,2.310461
ENSG00000173404.5,0.0
ENSG00000173406.16,0.419359
ENSG00000173409.14,4.966742
ENSG00000173418.12,10.412767
ENSG00000173421.17,0.0
ENSG00000173431.2,0.0
ENSG00000173432.13,0.0
ENSG00000173436.15,37.309876
ENSG00000173442.13,167.247467
ENSG00000173451.7,1.0049480000000002
ENSG00000173452.15,0.0
ENSG00000173456.5,12.673426
ENSG00000173457.11,28.424503
ENSG00000173464.16,0.0
ENSG00000173465.8,42.662925
ENSG00000173467.9,0.0
ENSG00000173473.11,8.303054
ENSG00000173480.11,2.059109
ENSG00000173482.17,0.551323
ENSG00000173486.14,76.427804
ENSG00000173511.10,24.256679
ENSG00000173517.11,0.7502890000000001
ENSG00000173530.6,2.593097
ENSG00000173531.16,3.4262420000000002
ENSG00000173535.15,817.1926950000001
ENSG00000173540.14,8.912163
ENSG00000173542.9,0.35016400000000003
ENSG00000173545.5,25.381912
ENSG00000173546.7,0.027448
ENSG00000173548.9,3.840773
ENSG00000173557.15,0.0
ENSG00000173559.15,44.177718
ENSG00000173567.16,0.14585
ENSG00000173572.12,0.0
ENSG00000173575.24,15.565873
ENSG00000173578.9,0.0
ENSG00000173581.8,2.062167
ENSG00000173585.18,0.958082
ENSG00000173588.16,2.583144
ENSG00000173597.9,7.492583
ENSG00000173598.14,8.345078
ENSG00000173599.15,1.336555
ENSG00000173610.13,0.090319
ENSG00000173611.18,0.643821
ENSG00000173612.10,0.0
ENSG00000173614.14,6.7069659999999995
ENSG00000173621.9,3.819443
ENSG00000173626.10,0.283874
ENSG00000173627.8,0.0
ENSG00000173638.19,64.308193
ENSG00000173641.18,0.0
ENSG00000173653.8,21.692944999999998
ENSG00000173660.12,45.76378
ENSG00000173662.21,0.0
ENSG00000173673.9,0.0
ENSG00000173674.11,6.199709
ENSG00000173678.15,0.0
ENSG00000173679.2,0.0
ENSG00000173681.17,1.182853
ENSG00000173692.14,24.274241
ENSG00000173698.18,0.0
ENSG00000173699.17,0.0
ENSG00000173702.7,0.0
ENSG00000173705.9,0.050402
ENSG00000173706.15,0.889089
ENSG00000173714.8,0.137845
ENSG00000173715.19,2.066832
ENSG00000173726.11,12.976119
ENSG00000173727.15,0.0
ENSG00000173728.11,0.0
ENSG00000173744.18,55.986261999999996
ENSG00000173757.11,93.151022
ENSG00000173762.9,184.960586
ENSG00000173769.4,0.0
ENSG00000173786.17,35.807513
ENSG00000173801.17,10.326989999999999
ENSG00000173805.16,0.100814
ENSG00000173809.18,0.148978
ENSG00000173810.9,0.0
ENSG00000173811.11,0.0
ENSG00000173812.11,947.365849
ENSG00000173818.17,6.763590000000001
ENSG00000173821.20,248.867309
ENSG00000173825.7,24.220627
ENSG00000173826.15,0.0
ENSG00000173838.12,0.077583
ENSG00000173846.14,26.651835000000002
ENSG00000173848.19,0.435691
ENSG00000173852.16,1.573948
ENSG00000173862.4,0.265245
ENSG00000173867.10,0.0
ENSG00000173868.12,278.38412
ENSG00000173875.14,2.537222
ENSG00000173889.16,3.0408560000000002
ENSG00000173890.17,7.4885090000000005
ENSG00000173894.11,0.050107
ENSG00000173898.16,0.0
ENSG00000173905.9,1.028299
ENSG00000173908.9,0.0
ENSG00000173914.12,17.49331
ENSG00000173915.16,56.008892
ENSG00000173917.11,4.951165
ENSG00000173918.15,0.0
ENSG00000173926.6,2.221727
ENSG00000173928.4,9.523225
ENSG00000173930.9,1.595166
ENSG00000173933.21,125.840712
ENSG00000173947.14,0.0
ENSG00000173950.16,4.950008
ENSG00000173954.8,0.0
ENSG00000173960.14,1.4367480000000001
ENSG00000173966.7,0.0
ENSG00000173976.16,0.0
ENSG00000173988.14,0.0
ENSG00000173991.6,1.6872019999999999
ENSG00000173992.9,70.836595
ENSG00000174004.6,38.589034
ENSG00000174007.9,10.627597
ENSG00000174010.10,0.402142
ENSG00000174013.8,0.841615
ENSG00000174015.10,0.0
ENSG00000174016.11,0.0
ENSG00000174021.12,277.793868
ENSG00000174028.6,0.0
ENSG00000174032.17,2.240389
ENSG00000174038.13,0.0
ENSG00000174059.17,0.218409
ENSG00000174080.12,2.622334
ENSG00000174099.12,0.596899
ENSG00000174106.3,1.647199
ENSG00000174109.5,6.3477
ENSG00000174123.11,2.238646
ENSG00000174125.9,54.782734
ENSG00000174130.13,18.428599
ENSG00000174132.10,10.666066
ENSG00000174136.13,1.092899
ENSG00000174137.14,1.525647
ENSG00000174145.8,0.0
ENSG00000174151.15,13.698871
ENSG00000174156.15,0.0
ENSG00000174165.8,10.017476
ENSG00000174171.8,2.884509
ENSG00000174173.7,3.565178
ENSG00000174175.17,11.108963
ENSG00000174177.13,7.704762
ENSG00000174197.19,3.323751
ENSG00000174206.13,1.203848
ENSG00000174225.15,0.0
ENSG00000174226.9,0.0
ENSG00000174227.16,21.028018
ENSG00000174231.18,74.457523
ENSG00000174233.12,1.147336
ENSG00000174236.4,0.0
ENSG00000174238.16,110.463239
ENSG00000174243.11,41.98766500000001
ENSG00000174255.8,0.0
ENSG00000174276.7,9.236371
ENSG00000174279.5,0.0
ENSG00000174282.12,11.313887000000001
ENSG00000174292.13,0.692176
ENSG00000174306.22,2.334747
ENSG00000174307.7,0.885451
ENSG00000174325.6,0.0
ENSG00000174326.15,0.274244
ENSG00000174327.7,3.171419
ENSG00000174332.6,0.0
ENSG00000174339.3,0.0
ENSG00000174343.6,0.0
ENSG00000174348.14,0.298556
ENSG00000174353.18,0.0
ENSG00000174358.16,0.0
ENSG00000174365.23,3.5259319999999996
ENSG00000174370.13,0.260199
ENSG00000174371.17,0.0
ENSG00000174373.17,2.266919
ENSG00000174384.9,0.0
ENSG00000174403.18,0.0
ENSG00000174405.15,0.658579
ENSG00000174407.16,0.0
ENSG00000174408.8,0.0
ENSG00000174417.3,0.0
ENSG00000174418.7,0.0
ENSG00000174428.19,4.90597
ENSG00000174429.4,0.0
ENSG00000174437.18,8.542665999999999
ENSG00000174442.12,1.983463
ENSG00000174444.15,1168.630335
ENSG00000174446.13,16.916959
ENSG00000174448.9,0.0
ENSG00000174450.13,0.0
ENSG00000174453.10,0.0
ENSG00000174456.16,10.988214
ENSG00000174460.4,0.0
ENSG00000174469.23,0.037776
ENSG00000174473.17,0.0
ENSG00000174482.11,0.12716
ENSG00000174483.20,4.895685
ENSG00000174485.16,5.118599
ENSG00000174495.12,0.0
ENSG00000174498.14,0.0
ENSG00000174500.13,3.874588
ENSG00000174501.15,0.0
ENSG00000174502.19,0.0
ENSG00000174514.13,0.561115
ENSG00000174516.15,5.323752
ENSG00000174521.8,0.0
ENSG00000174527.11,0.0
ENSG00000174529.7,3.704587
ENSG00000174547.13,21.903696
ENSG00000174562.14,0.0
ENSG00000174564.13,0.418072
ENSG00000174567.8,0.0
ENSG00000174572.3,0.0
ENSG00000174574.16,21.196453
ENSG00000174576.11,0.0
ENSG00000174579.5,15.288339
ENSG00000174586.11,0.0
ENSG00000174599.5,0.0
ENSG00000174600.14,5.962202
ENSG00000174606.14,2.954924
ENSG00000174607.12,0.0
ENSG00000174611.12,0.282279
ENSG00000174628.17,0.0
ENSG00000174640.15,0.0
ENSG00000174652.20,23.439865
ENSG00000174667.4,0.0
ENSG00000174669.12,1.72251
ENSG00000174672.16,0.429897
ENSG00000174677.4,0.0
ENSG00000174678.9,0.0
ENSG00000174680.10,0.137888
ENSG00000174684.7,1.347161
ENSG00000174695.10,10.870023
ENSG00000174697.5,0.137419
ENSG00000174705.13,1.73293
ENSG00000174715.7,0.0
ENSG00000174718.12,89.58641600000001
ENSG00000174720.18,6.216073
ENSG00000174721.10,0.376578
ENSG00000174738.14,0.819363
ENSG00000174740.8,0.0
ENSG00000174744.14,84.850267
ENSG00000174748.22,1101.293048
ENSG00000174749.6,1.447233
ENSG00000174775.18,12.586425
ENSG00000174776.12,0.0
ENSG00000174780.17,12.982211999999999
ENSG00000174788.10,10.576724
ENSG00000174791.11,12.30916
ENSG00000174792.11,1.038675
ENSG00000174796.12,2.60344
ENSG00000174799.12,1.6646699999999999
ENSG00000174804.4,0.0
ENSG00000174807.4,0.753794
ENSG00000174808.12,0.0
ENSG00000174827.14,1.443668
ENSG00000174837.15,37.899447
ENSG00000174839.13,4.148291
ENSG00000174840.10,3.273364
ENSG00000174842.17,2.993145
ENSG00000174844.15,0.0
ENSG00000174851.17,41.724064000000006
ENSG00000174871.11,0.467948
ENSG00000174876.17,0.0
ENSG00000174885.13,7.551029
ENSG00000174886.15,250.481592
ENSG00000174891.14,2.459959
ENSG00000174898.16,0.0
ENSG00000174899.14,0.0
ENSG00000174903.16,299.00688
ENSG00000174912.7,0.0
ENSG00000174914.3,0.0
ENSG00000174915.12,5.340773
ENSG00000174917.9,87.64561
ENSG00000174928.16,1.266249
ENSG00000174930.4,0.0
ENSG00000174937.5,0.0
ENSG00000174938.15,0.0
ENSG00000174939.11,0.0
ENSG00000174943.11,21.600534
ENSG00000174944.9,4.454244
ENSG00000174945.14,0.0
ENSG00000174946.7,4.297535
ENSG00000174948.6,0.0
ENSG00000174950.11,0.29479
ENSG00000174951.12,0.0
ENSG00000174953.14,5.989977
ENSG00000174957.1,0.0
ENSG00000174963.18,0.0
ENSG00000174970.5,0.0
ENSG00000174977.8,0.0
ENSG00000174982.4,0.0
ENSG00000174989.14,1.9947939999999997
ENSG00000174990.8,0.0
ENSG00000174992.8,0.0
ENSG00000174996.12,3.530293
ENSG00000175003.15,5.407507
ENSG00000175018.13,0.0
ENSG00000175029.17,23.176655
ENSG00000175040.6,10.186978
ENSG00000175048.17,1.758581
ENSG00000175054.16,5.2504100000000005
ENSG00000175061.21,128.081754
ENSG00000175063.17,2.53804
ENSG00000175065.12,0.0
ENSG00000175066.16,1.071534
ENSG00000175073.8,3.619593
ENSG00000175077.6,0.0
ENSG00000175084.13,1.641619
ENSG00000175087.10,0.226753
ENSG00000175093.5,0.0
ENSG00000175097.9,0.0
ENSG00000175104.15,7.314947999999999
ENSG00000175105.8,0.745145
ENSG00000175106.17,1.6123089999999998
ENSG00000175110.14,8.409004000000001
ENSG00000175115.13,108.71236
ENSG00000175121.12,0.0
ENSG00000175130.7,81.095745
ENSG00000175137.11,50.147459
ENSG00000175143.5,0.0
ENSG00000175147.13,0.0
ENSG00000175155.11,4.565099
ENSG00000175161.14,0.0
ENSG00000175164.16,4.434289
ENSG00000175166.17,80.821796
ENSG00000175170.17,0.0
ENSG00000175175.6,0.0
ENSG00000175182.15,11.678013
ENSG00000175183.10,0.0
ENSG00000175189.4,0.0
ENSG00000175193.14,28.492712
ENSG00000175197.13,20.106981
ENSG00000175198.17,6.653459999999999
ENSG00000175202.6,0.0
ENSG00000175203.17,100.577266
ENSG00000175206.11,0.335246
ENSG00000175213.3,11.354493
ENSG00000175215.11,115.37377799999999
ENSG00000175216.15,10.994816
ENSG00000175220.12,64.252227
ENSG00000175221.16,32.356329
ENSG00000175224.17,67.298636
ENSG00000175229.7,0.0
ENSG00000175262.15,0.536119
ENSG00000175264.8,0.059848
ENSG00000175265.19,1.5203689999999999
ENSG00000175267.15,0.050437
ENSG00000175274.19,73.064518
ENSG00000175279.22,0.92356
ENSG00000175283.8,5.197456
ENSG00000175287.19,0.9453560000000001
ENSG00000175294.6,6.3702570000000005
ENSG00000175302.5,0.0
ENSG00000175305.18,0.0
ENSG00000175309.16,71.451571
ENSG00000175311.7,0.161563
ENSG00000175315.3,0.0
ENSG00000175318.12,1.192225
ENSG00000175319.3,0.0
ENSG00000175322.12,0.5624089999999999
ENSG00000175324.10,11.692131999999999
ENSG00000175325.2,0.0
ENSG00000175329.13,0.0
ENSG00000175334.8,146.665251
ENSG00000175336.10,0.0
ENSG00000175344.19,0.173925
ENSG00000175348.11,19.497903
ENSG00000175352.12,0.498253
ENSG00000175354.20,19.405373
ENSG00000175356.14,0.294079
ENSG00000175376.9,15.335128000000001
ENSG00000175387.16,23.492412
ENSG00000175390.15,303.87777800000003
ENSG00000175395.16,1.178756
ENSG00000175398.3,0.0
ENSG00000175414.7,0.334438
ENSG00000175416.16,77.25147299999999
ENSG00000175426.11,0.0
ENSG00000175445.17,0.107821
ENSG00000175449.15,0.096979
ENSG00000175455.16,2.208639
ENSG00000175463.12,244.96104
ENSG00000175467.15,64.85414
ENSG00000175470.20,17.147305
ENSG00000175471.20,9.547714000000001
ENSG00000175482.9,161.520814
ENSG00000175485.3,0.0
ENSG00000175489.10,357.166745
ENSG00000175497.17,0.0
ENSG00000175505.11,2.350563
ENSG00000175509.8,0.0
ENSG00000175513.10,0.130673
ENSG00000175514.2,0.0
ENSG00000175518.8,0.227974
ENSG00000175520.9,0.0
ENSG00000175535.6,0.0
ENSG00000175536.7,0.77041
ENSG00000175538.11,56.93945
ENSG00000175544.14,0.892941
ENSG00000175548.9,0.338215
ENSG00000175550.8,234.271664
ENSG00000175556.18,1.066116
ENSG00000175564.13,2.4737299999999998
ENSG00000175567.12,506.614305
ENSG00000175573.7,78.449454
ENSG00000175575.13,5.513545
ENSG00000175581.14,8.255400999999999
ENSG00000175582.20,18.307561
ENSG00000175591.12,5.962941
ENSG00000175592.9,0.0
ENSG00000175595.16,0.558674
ENSG00000175600.16,0.851136
ENSG00000175602.4,30.195507
ENSG00000175604.2,0.0
ENSG00000175606.11,15.270620999999998
ENSG00000175611.15,1.696712
ENSG00000175619.3,0.0
ENSG00000175634.15,59.355901
ENSG00000175643.10,5.044892
ENSG00000175646.4,0.0
ENSG00000175658.4,0.0
ENSG00000175662.19,13.829909
ENSG00000175664.10,0.0
ENSG00000175676.16,0.0
ENSG00000175691.9,0.96223
ENSG00000175697.11,0.0
ENSG00000175699.15,0.0
ENSG00000175701.11,26.286336
ENSG00000175707.10,1.336591
ENSG00000175711.9,26.362672
ENSG00000175718.10,0.0
ENSG00000175727.15,18.492072999999998
ENSG00000175728.5,0.0
ENSG00000175730.8,0.50359
ENSG00000175741.5,0.0
ENSG00000175745.15,0.0
ENSG00000175746.8,0.0
ENSG00000175749.11,0.478974
ENSG00000175756.14,167.23472999999998
ENSG00000175764.17,1.50865
ENSG00000175766.13,0.0
ENSG00000175768.13,3.76806
ENSG00000175772.12,0.252586
ENSG00000175773.16,2.1000829999999997
ENSG00000175779.6,0.0
ENSG00000175782.11,4.10518
ENSG00000175785.13,0.0
ENSG00000175787.18,3.142601
ENSG00000175792.12,14.359747
ENSG00000175793.12,0.597514
ENSG00000175800.5,0.0
ENSG00000175806.15,14.547504
ENSG00000175809.6,0.0
ENSG00000175820.4,0.0
ENSG00000175826.12,196.134425
ENSG00000175832.13,0.0
ENSG00000175841.8,0.0
ENSG00000175854.15,17.767771
ENSG00000175857.9,30.26302
ENSG00000175866.16,18.076674
ENSG00000175868.14,0.0
ENSG00000175874.10,0.622605
ENSG00000175877.4,0.0
ENSG00000175879.9,0.0
ENSG00000175886.10,0.37413
ENSG00000175893.13,0.413833
ENSG00000175894.18,0.7129719999999999
ENSG00000175895.5,4.437462
ENSG00000175899.15,0.251556
ENSG00000175906.5,0.481115
ENSG00000175920.18,0.321982
ENSG00000175928.6,0.308287
ENSG00000175931.13,9.416888
ENSG00000175938.7,49.421804
ENSG00000175946.9,0.0
ENSG00000175967.5,0.0
ENSG00000175970.12,8.622996
ENSG00000175984.16,0.171664
ENSG00000175985.10,0.106166
ENSG00000176007.10,0.0
ENSG00000176009.4,0.0
ENSG00000176014.13,4.024664
ENSG00000176018.13,1.09226
ENSG00000176020.9,0.0
ENSG00000176022.7,6.395368
ENSG00000176024.18,2.8165199999999997
ENSG00000176029.14,0.0
ENSG00000176040.14,0.0
ENSG00000176043.5,0.0
ENSG00000176046.9,0.0
ENSG00000176049.16,0.94735
ENSG00000176054.6,0.0
ENSG00000176055.10,0.290688
ENSG00000176058.13,4.967208
ENSG00000176076.7,0.694068
ENSG00000176083.18,3.394269
ENSG00000176087.17,0.805564
ENSG00000176092.17,2.53553
ENSG00000176095.12,41.769602
ENSG00000176101.12,101.35766299999999
ENSG00000176102.13,3.820401
ENSG00000176105.14,0.207609
ENSG00000176108.9,36.839397
ENSG00000176115.9,0.0
ENSG00000176124.16,1.8032409999999999
ENSG00000176125.7,1.107224
ENSG00000176134.6,0.0
ENSG00000176136.6,0.0
ENSG00000176142.13,3.107953
ENSG00000176148.16,2.6207949999999998
ENSG00000176153.13,0.0
ENSG00000176155.21,50.194755
ENSG00000176160.11,0.113232
ENSG00000176165.13,0.0
ENSG00000176170.14,7.629585
ENSG00000176171.12,3.6057300000000003
ENSG00000176177.10,0.0
ENSG00000176182.6,8.541807
ENSG00000176183.8,0.0
ENSG00000176194.18,0.0
ENSG00000176198.4,0.0
ENSG00000176200.1,0.0
ENSG00000176204.14,0.0
ENSG00000176208.9,0.199618
ENSG00000176209.12,6.852702999999999
ENSG00000176219.3,0.0
ENSG00000176222.10,0.774517
ENSG00000176225.15,2.931056
ENSG00000176230.7,0.142059
ENSG00000176231.2,0.0
ENSG00000176232.10,0.0
ENSG00000176236.6,0.0
ENSG00000176239.7,0.0
ENSG00000176243.9,0.0
ENSG00000176244.7,0.166281
ENSG00000176246.1,0.0
ENSG00000176248.9,40.821281
ENSG00000176253.4,0.0
ENSG00000176256.11,0.0
ENSG00000176261.16,8.289468
ENSG00000176268.5,0.0
ENSG00000176269.4,0.0
ENSG00000176273.15,0.703402
ENSG00000176281.5,0.0
ENSG00000176289.4,0.0
ENSG00000176290.8,0.0
ENSG00000176293.20,0.297315
ENSG00000176294.6,0.0
ENSG00000176299.5,0.0
ENSG00000176302.13,0.0
ENSG00000176312.4,0.0
ENSG00000176318.8,0.0
ENSG00000176320.3,0.0
ENSG00000176340.4,588.258777
ENSG00000176343.5,0.0
ENSG00000176349.12,0.0
ENSG00000176358.16,0.0
ENSG00000176371.14,3.44713
ENSG00000176378.8,0.0
ENSG00000176381.6,0.0
ENSG00000176383.9,0.0
ENSG00000176386.9,26.610431
ENSG00000176387.7,0.0
ENSG00000176390.12,23.422221999999998
ENSG00000176393.11,85.587156
ENSG00000176396.11,5.983655
ENSG00000176399.4,0.0
ENSG00000176401.6,1.195027
ENSG00000176402.6,0.0
ENSG00000176406.25,1.3113819999999998
ENSG00000176407.18,32.720336
ENSG00000176410.8,2.656257
ENSG00000176422.14,1.071767
ENSG00000176428.6,0.0
ENSG00000176435.7,0.0
ENSG00000176438.13,4.946158
ENSG00000176444.20,41.138918
ENSG00000176454.15,15.853800999999999
ENSG00000176463.14,62.598789
ENSG00000176472.11,3.668433
ENSG00000176473.14,11.249933
ENSG00000176476.9,41.270863999999996
ENSG00000176485.14,9.704559
ENSG00000176490.5,0.139532
ENSG00000176495.3,0.0
ENSG00000176510.5,0.0
ENSG00000176515.1,0.0
ENSG00000176531.12,4.538971
ENSG00000176532.4,0.0
ENSG00000176533.13,3.6756
ENSG00000176540.3,0.0
ENSG00000176542.10,3.545293
ENSG00000176547.11,0.0
ENSG00000176555.1,0.0
ENSG00000176563.10,0.0
ENSG00000176566.5,0.0
ENSG00000176567.1,0.0
ENSG00000176571.13,0.0
ENSG00000176584.19,0.0
ENSG00000176593.9,1.632952
ENSG00000176595.4,0.0
ENSG00000176597.12,1.055536
ENSG00000176601.14,0.0
ENSG00000176605.9,0.0
ENSG00000176619.13,7.831065000000001
ENSG00000176623.12,13.704972999999999
ENSG00000176624.12,2.142833
ENSG00000176635.18,0.0
ENSG00000176641.11,0.0
ENSG00000176654.13,0.0
ENSG00000176658.17,0.422656
ENSG00000176678.6,0.0
ENSG00000176679.9,0.0
ENSG00000176681.15,0.402409
ENSG00000176692.8,0.0
ENSG00000176695.8,1.486721
ENSG00000176697.20,0.0
ENSG00000176700.23,0.0
ENSG00000176714.10,0.72335
ENSG00000176715.17,24.513521
ENSG00000176716.6,0.297951
ENSG00000176720.6,2.191701
ENSG00000176723.10,0.122668
ENSG00000176728.11,0.0
ENSG00000176731.12,11.979447
ENSG00000176732.7,0.0
ENSG00000176742.3,0.0
ENSG00000176746.6,0.0
ENSG00000176748.6,0.0
ENSG00000176749.9,2.663039
ENSG00000176752.6,0.0
ENSG00000176753.5,0.0
ENSG00000176754.14,0.0
ENSG00000176761.7,0.0
ENSG00000176769.9,0.0
ENSG00000176771.18,0.0
ENSG00000176774.6,0.0
ENSG00000176782.3,0.0
ENSG00000176783.15,38.229241
ENSG00000176787.2,0.0
ENSG00000176788.9,245.56063899999998
ENSG00000176797.4,0.0
ENSG00000176798.3,0.0
ENSG00000176809.11,1.739544
ENSG00000176812.7,0.0
ENSG00000176826.16,0.0
ENSG00000176834.14,3.857577
ENSG00000176840.15,0.344613
ENSG00000176842.16,0.0
ENSG00000176845.13,12.067908
ENSG00000176853.16,6.65937
ENSG00000176855.11,0.0
ENSG00000176857.5,0.0
ENSG00000176868.3,0.088169
ENSG00000176871.9,23.673555
ENSG00000176882.5,0.0
ENSG00000176884.17,0.0
ENSG00000176887.7,0.0
ENSG00000176890.16,2.779535
ENSG00000176893.6,0.0
ENSG00000176894.10,2.357933
ENSG00000176895.9,0.0
ENSG00000176896.9,2.134664
ENSG00000176900.2,0.0
ENSG00000176903.5,5.165853
ENSG00000176904.5,0.0
ENSG00000176907.5,0.0
ENSG00000176909.13,0.210388
ENSG00000176912.8,0.143774
ENSG00000176915.15,28.775298
ENSG00000176919.13,3.111488
ENSG00000176920.14,0.0
ENSG00000176922.5,0.0
ENSG00000176923.5,0.0
ENSG00000176925.8,0.0
ENSG00000176927.16,0.092116
ENSG00000176928.7,0.230051
ENSG00000176933.5,0.0
ENSG00000176945.18,1.679115
ENSG00000176946.13,20.45363
ENSG00000176951.6,0.0
ENSG00000176953.13,23.35016
ENSG00000176956.13,0.0
ENSG00000176970.8,0.0
ENSG00000176971.4,0.0
ENSG00000176973.8,105.050652
ENSG00000176974.22,0.260072
ENSG00000176978.16,134.759344
ENSG00000176979.14,0.0
ENSG00000176984.7,0.0
ENSG00000176986.16,45.310376
ENSG00000176988.9,0.0
ENSG00000176994.11,10.319271
ENSG00000176998.4,0.0
ENSG00000177000.13,10.273112000000001
ENSG00000177023.2,0.0
ENSG00000177025.3,0.0
ENSG00000177030.19,17.463592
ENSG00000177034.18,0.574432
ENSG00000177042.16,32.183125
ENSG00000177045.11,0.623318
ENSG00000177047.7,0.0
ENSG00000177051.6,11.984504
ENSG00000177054.14,3.070383
ENSG00000177058.12,7.046308
ENSG00000177076.6,0.0
ENSG00000177082.13,8.243548
ENSG00000177084.19,7.0157050000000005
ENSG00000177096.9,2.489314
ENSG00000177098.9,0.0
ENSG00000177103.15,0.075258
ENSG00000177105.10,984.057464
ENSG00000177106.17,4.603026
ENSG00000177108.5,0.0
ENSG00000177112.10,3.722092
ENSG00000177119.17,5.37579
ENSG00000177125.6,6.942859
ENSG00000177133.15,0.0
ENSG00000177138.17,0.0
ENSG00000177143.5,0.0
ENSG00000177144.8,1.364988
ENSG00000177150.13,0.774477
ENSG00000177151.5,0.0
ENSG00000177156.11,1504.529157
ENSG00000177169.10,47.712255
ENSG00000177173.5,0.0
ENSG00000177174.1,0.0
ENSG00000177181.15,0.0
ENSG00000177182.11,0.165383
ENSG00000177186.3,0.0
ENSG00000177189.14,9.965922
ENSG00000177191.3,89.32822999999999
ENSG00000177192.14,13.609855
ENSG00000177197.7,0.0
ENSG00000177200.18,0.471675
ENSG00000177201.3,0.0
ENSG00000177202.3,0.0
ENSG00000177212.4,0.0
ENSG00000177225.17,13.010052
ENSG00000177233.2,0.0
ENSG00000177234.7,0.0
ENSG00000177238.15,0.055403
ENSG00000177239.16,36.110752
ENSG00000177243.3,0.0
ENSG00000177257.3,0.0
ENSG00000177261.8,0.0
ENSG00000177272.10,1.8258139999999998
ENSG00000177275.4,0.0
ENSG00000177283.8,0.0
ENSG00000177291.4,0.0
ENSG00000177294.7,0.297756
ENSG00000177300.7,0.0
ENSG00000177301.16,0.264728
ENSG00000177302.16,17.463219000000002
ENSG00000177303.10,0.236589
ENSG00000177306.4,0.339858
ENSG00000177311.12,1.756009
ENSG00000177324.14,0.402126
ENSG00000177335.14,1.781011
ENSG00000177337.10,14.386808
ENSG00000177338.15,0.208905
ENSG00000177340.5,0.0
ENSG00000177350.7,0.0
ENSG00000177352.10,26.967712
ENSG00000177354.12,0.0
ENSG00000177359.23,0.0
ENSG00000177363.5,0.110037
ENSG00000177369.12,5.039529
ENSG00000177370.5,5.798478
ENSG00000177374.13,0.754995
ENSG00000177380.14,0.121595
ENSG00000177383.5,2.798693
ENSG00000177398.19,0.091471
ENSG00000177400.6,0.0
ENSG00000177406.6,11.835086
ENSG00000177409.12,24.411641
ENSG00000177410.14,60.045268
ENSG00000177414.14,0.0
ENSG00000177418.2,0.0
ENSG00000177425.11,1.5638009999999998
ENSG00000177426.22,14.209829
ENSG00000177427.13,4.071517
ENSG00000177432.8,0.644276
ENSG00000177447.6,0.0
ENSG00000177452.7,0.0
ENSG00000177453.7,0.162422
ENSG00000177455.15,7.9963809999999995
ENSG00000177459.11,0.169546
ENSG00000177462.9,0.0
ENSG00000177463.16,4.970059
ENSG00000177464.5,0.0
ENSG00000177465.5,0.0
ENSG00000177468.7,0.0
ENSG00000177469.13,0.460605
ENSG00000177476.3,0.0
ENSG00000177479.20,26.794102
ENSG00000177483.12,0.0
ENSG00000177485.7,2.391481
ENSG00000177489.1,0.0
ENSG00000177494.6,0.0
ENSG00000177504.10,0.0
ENSG00000177508.12,0.0
ENSG00000177511.6,0.0
ENSG00000177519.4,0.0
ENSG00000177535.10,0.340567
ENSG00000177542.11,14.927572999999999
ENSG00000177548.13,14.853474000000002
ENSG00000177551.5,0.0
ENSG00000177553.6,0.0
ENSG00000177556.12,118.470302
ENSG00000177558.4,0.0
ENSG00000177565.19,7.947749
ENSG00000177570.15,1.896798
ENSG00000177575.13,32.79325
ENSG00000177576.12,10.54329
ENSG00000177586.6,0.0
ENSG00000177590.7,0.345135
ENSG00000177595.19,8.662368
ENSG00000177596.1,0.0
ENSG00000177599.13,0.164892
ENSG00000177600.10,3956.81769
ENSG00000177602.5,0.0
ENSG00000177606.9,2.673985
ENSG00000177613.9,9.012067
ENSG00000177614.11,0.0
ENSG00000177627.11,0.0
ENSG00000177628.16,90.139762
ENSG00000177640.17,0.0
ENSG00000177646.20,14.42137
ENSG00000177663.15,81.989516
ENSG00000177666.17,222.830617
ENSG00000177669.4,0.0
ENSG00000177673.4,0.0
ENSG00000177674.16,416.162261
ENSG00000177675.9,0.59074
ENSG00000177679.16,0.0
ENSG00000177683.14,1.323065
ENSG00000177684.4,0.0
ENSG00000177685.17,4.303315
ENSG00000177688.7,0.269425
ENSG00000177689.10,0.0
ENSG00000177692.13,0.0
ENSG00000177693.5,0.0
ENSG00000177694.16,0.0
ENSG00000177697.19,89.816698
ENSG00000177699.4,0.0
ENSG00000177700.6,133.51433500000002
ENSG00000177706.9,6.289287
ENSG00000177707.11,0.0
ENSG00000177710.6,0.0
ENSG00000177721.5,18.248147999999997
ENSG00000177725.6,0.0
ENSG00000177728.17,22.063788
ENSG00000177731.16,232.412348
ENSG00000177732.9,1.587324
ENSG00000177733.8,11.452949
ENSG00000177736.4,0.0
ENSG00000177738.7,24.272459
ENSG00000177752.15,0.0
ENSG00000177757.3,0.0
ENSG00000177770.11,0.0
ENSG00000177776.8,0.0
ENSG00000177788.7,0.115768
ENSG00000177791.12,0.0
ENSG00000177800.2,0.0
ENSG00000177803.7,0.0
ENSG00000177807.11,0.6960630000000001
ENSG00000177822.11,0.0
ENSG00000177830.18,24.644454
ENSG00000177839.7,0.159185
ENSG00000177842.12,1.205326
ENSG00000177853.15,1.515202
ENSG00000177854.8,9.101739
ENSG00000177855.8,0.0
ENSG00000177868.12,19.154574
ENSG00000177873.14,1.004038
ENSG00000177875.5,0.106301
ENSG00000177879.17,15.378822
ENSG00000177885.15,228.72801
ENSG00000177888.8,0.132259
ENSG00000177889.10,24.395768
ENSG00000177910.9,0.0
ENSG00000177917.12,10.739944
ENSG00000177932.7,0.506854
ENSG00000177938.5,0.0
ENSG00000177943.14,0.922272
ENSG00000177946.8,0.0
ENSG00000177947.15,0.077691
ENSG00000177951.18,48.945502
ENSG00000177954.14,1257.87805
ENSG00000177963.15,67.846891
ENSG00000177971.9,47.59086
ENSG00000177981.11,31.023639000000003
ENSG00000177984.7,0.0
ENSG00000177989.14,191.755885
ENSG00000177990.12,0.0
ENSG00000177992.10,0.0
ENSG00000177993.4,0.113057
ENSG00000177994.16,0.0
ENSG00000178015.5,0.0
ENSG00000178021.11,0.0
ENSG00000178026.13,1.066579
ENSG00000178028.14,32.920947
ENSG00000178031.18,0.0
ENSG00000178033.6,0.069497
ENSG00000178035.13,54.543744
ENSG00000178038.17,4.351972
ENSG00000178053.21,0.0
ENSG00000178055.14,0.0
ENSG00000178057.15,91.706579
ENSG00000178074.6,0.635253
ENSG00000178075.20,0.634537
ENSG00000178078.12,1.000298
ENSG00000178081.13,0.0
ENSG00000178082.6,0.0
ENSG00000178084.2,0.0
ENSG00000178093.14,2.502989
ENSG00000178096.9,10.221264
ENSG00000178104.22,7.003360000000001
ENSG00000178105.12,2.717409
ENSG00000178107.3,0.0
ENSG00000178115.12,1.293313
ENSG00000178125.15,0.0
ENSG00000178127.13,51.286586
ENSG00000178130.10,0.0
ENSG00000178146.9,0.0
ENSG00000178149.17,21.092113
ENSG00000178150.10,0.0
ENSG00000178162.9,0.0
ENSG00000178163.8,2.026803
ENSG00000178171.12,0.0
ENSG00000178172.7,0.0
ENSG00000178175.12,0.173793
ENSG00000178177.17,0.910269
ENSG00000178184.16,0.0
ENSG00000178187.8,0.103867
ENSG00000178188.16,28.497127
ENSG00000178199.14,5.000004
ENSG00000178201.5,0.102953
ENSG00000178202.14,1.387478
ENSG00000178209.17,32.906027
ENSG00000178217.15,0.0
ENSG00000178222.14,0.207443
ENSG00000178226.11,0.946284
ENSG00000178229.8,0.571873
ENSG00000178233.18,0.0
ENSG00000178234.14,4.989366
ENSG00000178235.8,0.0
ENSG00000178243.4,0.0
ENSG00000178248.12,0.233398
ENSG00000178252.19,65.531227
ENSG00000178257.4,0.0
ENSG00000178279.4,0.0
ENSG00000178287.18,0.0
ENSG00000178295.15,0.506111
ENSG00000178297.15,0.612515
ENSG00000178301.4,0.135286
ENSG00000178307.10,45.772617
ENSG00000178338.11,2.486437
ENSG00000178342.5,0.330275
ENSG00000178343.5,0.0
ENSG00000178358.5,0.0
ENSG00000178363.5,0.0
ENSG00000178372.8,0.0
ENSG00000178381.13,9.042263
ENSG00000178385.15,2.778855
ENSG00000178386.13,1.409991
ENSG00000178394.5,0.0
ENSG00000178395.7,0.0
ENSG00000178397.13,0.0
ENSG00000178401.16,0.0
ENSG00000178403.4,0.0
ENSG00000178404.11,0.0
ENSG00000178409.14,0.0
ENSG00000178412.4,1.646896
ENSG00000178425.14,7.9126710000000005
ENSG00000178429.9,0.0
ENSG00000178440.9,0.385537
ENSG00000178445.10,0.216011
ENSG00000178449.9,41.535312
ENSG00000178457.4,0.0
ENSG00000178458.5,5.634774
ENSG00000178460.18,0.0
ENSG00000178462.12,0.0
ENSG00000178464.6,3.618168
ENSG00000178467.18,15.668304
ENSG00000178473.7,0.0
ENSG00000178498.16,9.819495
ENSG00000178502.6,0.0
ENSG00000178503.6,0.0
ENSG00000178522.15,0.0
ENSG00000178531.6,0.0
ENSG00000178537.10,33.11464
ENSG00000178538.10,0.1604
ENSG00000178556.8,0.0
ENSG00000178562.19,6.588252000000001
ENSG00000178567.8,3.9902560000000005
ENSG00000178568.16,0.0
ENSG00000178573.7,3.407219
ENSG00000178585.15,10.543637
ENSG00000178586.7,0.0
ENSG00000178591.7,0.0
ENSG00000178596.10,0.0
ENSG00000178597.7,0.0
ENSG00000178602.8,0.0
ENSG00000178605.15,39.887093
ENSG00000178607.17,6.369357
ENSG00000178623.13,19.777032
ENSG00000178631.7,0.0
ENSG00000178636.9,0.0
ENSG00000178645.14,0.0
ENSG00000178654.11,0.0
ENSG00000178660.6,0.0
ENSG00000178662.16,0.0
ENSG00000178665.16,0.237347
ENSG00000178685.14,115.975352
ENSG00000178690.4,0.0
ENSG00000178691.12,3.252223
ENSG00000178694.10,3.4946129999999997
ENSG00000178695.6,11.998943
ENSG00000178700.9,1.152627
ENSG00000178715.8,0.0
ENSG00000178718.7,2.980849
ENSG00000178719.17,363.66695100000004
ENSG00000178722.17,0.165302
ENSG00000178723.7,0.0
ENSG00000178726.7,10.885809
ENSG00000178732.6,0.606021
ENSG00000178734.7,0.0
ENSG00000178741.12,122.362191
ENSG00000178750.3,0.0
ENSG00000178752.16,0.210189
ENSG00000178761.15,18.011201
ENSG00000178762.5,0.0
ENSG00000178764.8,11.584259
ENSG00000178772.7,0.0
ENSG00000178773.15,0.197578
ENSG00000178776.5,0.0
ENSG00000178789.10,66.385359
ENSG00000178795.10,0.0
ENSG00000178796.13,0.0
ENSG00000178802.18,19.867528
ENSG00000178803.13,0.0
ENSG00000178804.8,0.0
ENSG00000178809.12,1.785942
ENSG00000178814.17,9.10152
ENSG00000178821.13,0.0
ENSG00000178826.11,0.0
ENSG00000178828.7,0.0
ENSG00000178836.7,0.0
ENSG00000178852.16,0.101841
ENSG00000178860.9,0.630031
ENSG00000178878.13,0.100988
ENSG00000178882.15,0.0
ENSG00000178896.9,20.906393
ENSG00000178904.19,2.883838
ENSG00000178913.9,25.365917
ENSG00000178917.19,3.903944
ENSG00000178919.9,0.067356
ENSG00000178921.14,2.5268110000000004
ENSG00000178922.18,5.014458
ENSG00000178927.19,342.618777
ENSG00000178928.9,0.0
ENSG00000178934.5,0.0
ENSG00000178935.5,7.915097
ENSG00000178947.9,0.088239
ENSG00000178950.18,83.135765
ENSG00000178951.9,13.555617
ENSG00000178952.11,86.19325699999999
ENSG00000178965.14,0.0
ENSG00000178966.17,1.787926
ENSG00000178971.17,16.428185
ENSG00000178974.11,4.692659999999999
ENSG00000178977.5,14.804859
ENSG00000178980.16,107.420355
ENSG00000178982.10,412.42578900000007
ENSG00000178988.11,15.765408
ENSG00000178996.14,5.3518479999999995
ENSG00000178997.12,0.423189
ENSG00000178999.13,4.609935
ENSG00000179002.6,0.0
ENSG00000179008.9,0.0
ENSG00000179010.16,88.967926
ENSG00000179021.10,6.420918
ENSG00000179023.9,0.045802
ENSG00000179029.15,8.129240000000001
ENSG00000179031.8,0.0
ENSG00000179038.9,0.0
ENSG00000179041.4,6.109657
ENSG00000179044.16,7.6413340000000005
ENSG00000179046.9,0.0
ENSG00000179051.14,26.521811
ENSG00000179055.8,0.0
ENSG00000179057.14,2.786835
ENSG00000179058.8,0.078238
ENSG00000179059.10,0.0
ENSG00000179066.8,0.0
ENSG00000179071.5,0.0
ENSG00000179073.7,0.0
ENSG00000179083.7,0.0
ENSG00000179085.8,65.836015
ENSG00000179088.16,0.392712
ENSG00000179091.5,87.28614800000001
ENSG00000179094.17,8.89968
ENSG00000179097.7,0.0
ENSG00000179101.5,1.11452
ENSG00000179104.9,0.9381919999999999
ENSG00000179111.9,0.0
ENSG00000179115.11,33.547087999999995
ENSG00000179119.15,2.753506
ENSG00000179131.7,0.0
ENSG00000179133.15,0.0
ENSG00000179134.16,44.264313
ENSG00000179136.9,0.934884
ENSG00000179141.9,0.0
ENSG00000179142.2,0.0
ENSG00000179144.5,47.683916
ENSG00000179148.11,0.0
ENSG00000179151.13,11.015625
ENSG00000179152.20,1.668609
ENSG00000179157.4,0.0
ENSG00000179163.12,25.217614
ENSG00000179165.12,0.236337
ENSG00000179168.15,0.541342
ENSG00000179170.11,0.0
ENSG00000179172.10,0.0
ENSG00000179178.11,0.138489
ENSG00000179195.16,2.797334
ENSG00000179213.14,0.32783
ENSG00000179218.15,184.03725
ENSG00000179219.5,0.0
ENSG00000179222.18,10.433692
ENSG00000179240.13,0.348423
ENSG00000179241.13,1.288728
ENSG00000179242.16,0.075991
ENSG00000179253.3,0.24588
ENSG00000179256.2,0.0
ENSG00000179262.10,74.978252
ENSG00000179270.7,0.0
ENSG00000179271.3,9.372097
ENSG00000179277.9,0.0
ENSG00000179284.6,0.144428
ENSG00000179292.5,0.0
ENSG00000179295.19,3.225989
ENSG00000179299.17,1.532338
ENSG00000179300.4,0.0
ENSG00000179304.18,8.078629
ENSG00000179314.17,0.0
ENSG00000179331.3,0.262581
ENSG00000179335.20,92.658526
ENSG00000179342.4,0.0
ENSG00000179344.17,543.3157170000001
ENSG00000179348.13,9.014767
ENSG00000179361.18,23.274535
ENSG00000179362.15,0.0
ENSG00000179363.7,0.411595
ENSG00000179364.15,20.572041
ENSG00000179381.8,0.0
ENSG00000179387.10,1.956386
ENSG00000179388.9,0.051429
ENSG00000179397.18,0.0
ENSG00000179399.16,0.0
ENSG00000179403.12,0.0
ENSG00000179406.11,7.18016
ENSG00000179407.4,0.0
ENSG00000179409.11,4.728044
ENSG00000179412.11,0.0
ENSG00000179420.12,0.0
ENSG00000179428.2,0.0
ENSG00000179431.7,0.0
ENSG00000179443.5,0.0
ENSG00000179447.2,0.0
ENSG00000179452.2,0.0
ENSG00000179454.14,1.701873
ENSG00000179455.10,0.0
ENSG00000179456.12,18.149161
ENSG00000179460.5,0.0
ENSG00000179468.6,0.0
ENSG00000179476.8,0.648268
ENSG00000179477.11,0.0
ENSG00000179520.11,0.0
ENSG00000179523.8,1.669275
ENSG00000179526.17,115.426667
ENSG00000179528.16,0.882044
ENSG00000179532.13,4.714577
ENSG00000179542.16,0.7110329999999999
ENSG00000179546.5,0.0
ENSG00000179562.3,12.762738
ENSG00000179564.4,0.0
ENSG00000179571.10,0.0
ENSG00000179577.4,0.0
ENSG00000179580.10,0.0
ENSG00000179583.21,34.154875
ENSG00000179588.9,1.52708
ENSG00000179593.16,0.460578
ENSG00000179598.6,1.024738
ENSG00000179600.4,0.0
ENSG00000179603.19,0.0
ENSG00000179604.10,5.736622
ENSG00000179611.3,0.0
ENSG00000179615.3,0.0
ENSG00000179626.4,0.0
ENSG00000179627.10,2.859678
ENSG00000179630.11,0.231778
ENSG00000179632.11,128.862218
ENSG00000179636.15,0.0
ENSG00000179639.11,20.183924
ENSG00000179673.5,0.0
ENSG00000179674.4,0.0
ENSG00000179676.8,0.0
ENSG00000179695.3,0.0
ENSG00000179698.14,0.34200699999999995
ENSG00000179709.8,0.0
ENSG00000179715.13,37.38912
ENSG00000179743.5,7.079537999999999
ENSG00000179750.16,20.774839
ENSG00000179751.7,0.0
ENSG00000179755.4,0.0
ENSG00000179761.12,0.562152
ENSG00000179766.20,0.0
ENSG00000179772.8,0.0
ENSG00000179774.9,0.0
ENSG00000179776.20,0.05751
ENSG00000179796.13,0.0
ENSG00000179799.10,0.0
ENSG00000179813.7,0.0
ENSG00000179817.5,0.0
ENSG00000179818.18,0.71185
ENSG00000179820.17,169.341126
ENSG00000179826.8,0.311158
ENSG00000179832.18,13.964302
ENSG00000179833.4,5.062076
ENSG00000179840.5,1.226533
ENSG00000179841.8,0.060765
ENSG00000179846.11,0.096015
ENSG00000179855.9,0.518526
ENSG00000179859.10,1.582079
ENSG00000179862.7,4.771561
ENSG00000179869.15,0.18688100000000002
ENSG00000179873.14,0.0
ENSG00000179886.6,0.0
ENSG00000179889.21,7.763161
ENSG00000179899.8,0.340447
ENSG00000179902.13,0.0
ENSG00000179909.16,1.512283
ENSG00000179912.21,23.468131
ENSG00000179913.11,0.334741
ENSG00000179914.5,4.22323
ENSG00000179915.25,0.439565
ENSG00000179918.19,33.908438
ENSG00000179919.3,0.0
ENSG00000179921.15,117.31914099999999
ENSG00000179922.6,4.705545
ENSG00000179930.6,0.0
ENSG00000179933.6,77.125973
ENSG00000179934.8,0.240751
ENSG00000179935.11,0.0
ENSG00000179938.13,0.189979
ENSG00000179941.9,1.645993
ENSG00000179943.8,6.5968610000000005
ENSG00000179950.15,103.32659500000001
ENSG00000179954.16,0.0
ENSG00000179958.10,20.766414
ENSG00000179965.12,0.460233
ENSG00000179967.11,3.718754
ENSG00000179978.11,0.0
ENSG00000179981.11,2.327262
ENSG00000179988.15,1.343589
ENSG00000179994.12,0.0
ENSG00000179997.8,0.0
ENSG00000180008.9,1.06451
ENSG00000180011.7,8.131837
ENSG00000180015.12,0.277468
ENSG00000180016.2,0.0
ENSG00000180019.7,0.0
ENSG00000180035.13,2.81757
ENSG00000180042.5,0.0
ENSG00000180043.11,0.0
ENSG00000180044.6,0.0
ENSG00000180053.8,0.0
ENSG00000180061.10,27.378683
ENSG00000180066.12,1.299915
ENSG00000180068.11,0.0
ENSG00000180071.21,0.9983029999999999
ENSG00000180083.11,0.0
ENSG00000180089.6,24.48464
ENSG00000180090.6,0.0
ENSG00000180096.13,90.309213
ENSG00000180098.9,15.59478
ENSG00000180104.16,51.262978000000004
ENSG00000180105.11,0.0
ENSG00000180113.16,0.0
ENSG00000180116.15,0.0
ENSG00000180138.7,0.0
ENSG00000180139.11,0.558582
ENSG00000180150.5,0.0
ENSG00000180152.3,0.0
ENSG00000180155.20,1.119789
ENSG00000180172.7,0.0
ENSG00000180176.15,0.0
ENSG00000180178.12,0.0
ENSG00000180182.11,8.023792
ENSG00000180185.13,4.684400999999999
ENSG00000180189.10,0.0
ENSG00000180190.13,0.690772
ENSG00000180198.17,9.562111999999999
ENSG00000180205.4,0.0
ENSG00000180209.12,3.26967
ENSG00000180210.15,0.0
ENSG00000180211.5,0.0
ENSG00000180219.2,0.0
ENSG00000180221.6,0.0
ENSG00000180228.14,7.348081
ENSG00000180229.13,0.0
ENSG00000180230.6,0.0
ENSG00000180233.11,1.839708
ENSG00000180245.7,0.0
ENSG00000180251.5,0.058442
ENSG00000180257.14,1.314126
ENSG00000180259.10,0.0
ENSG00000180263.14,0.635141
ENSG00000180264.12,0.0
ENSG00000180269.8,0.0
ENSG00000180279.8,0.0
ENSG00000180284.5,0.0
ENSG00000180287.17,0.0
ENSG00000180304.14,247.923745
ENSG00000180305.5,0.0
ENSG00000180316.13,4.602666
ENSG00000180318.4,0.0
ENSG00000180329.14,4.429015
ENSG00000180332.7,0.0
ENSG00000180336.18,0.0
ENSG00000180340.7,2.540639
ENSG00000180346.5,0.890882
ENSG00000180347.15,0.0
ENSG00000180353.11,803.0038380000001
ENSG00000180354.17,9.83634
ENSG00000180357.10,4.564528
ENSG00000180370.10,23.717838
ENSG00000180376.17,3.439003
ENSG00000180383.4,0.0
ENSG00000180385.11,0.0
ENSG00000180386.8,0.0
ENSG00000180389.7,0.0
ENSG00000180398.13,8.371484
ENSG00000180409.3,0.0
ENSG00000180422.3,0.108374
ENSG00000180423.4,2.754959
ENSG00000180424.7,0.0
ENSG00000180425.11,3.853763
ENSG00000180432.6,0.0
ENSG00000180433.6,0.0
ENSG00000180437.5,0.0
ENSG00000180438.16,0.0
ENSG00000180440.4,0.0
ENSG00000180447.7,0.075271
ENSG00000180448.11,441.333996
ENSG00000180458.2,0.0
ENSG00000180475.4,0.0
ENSG00000180479.15,1.096074
ENSG00000180481.11,0.144616
ENSG00000180483.7,0.0
ENSG00000180488.17,0.7213459999999999
ENSG00000180509.13,5.631961
ENSG00000180525.15,0.0
ENSG00000180530.11,1.02542
ENSG00000180532.12,0.0
ENSG00000180535.4,0.217207
ENSG00000180537.13,0.0
ENSG00000180539.8,10.944295
ENSG00000180543.5,0.104625
ENSG00000180549.8,46.118311
ENSG00000180573.10,152.401601
ENSG00000180574.4,0.0
ENSG00000180581.7,0.0
ENSG00000180592.17,0.0
ENSG00000180596.9,42.952135999999996
ENSG00000180610.10,0.0
ENSG00000180611.7,0.619366
ENSG00000180613.11,0.0
ENSG00000180616.9,0.0
ENSG00000180626.10,0.190385
ENSG00000180628.15,192.187423
ENSG00000180638.19,0.0
ENSG00000180644.8,122.453536
ENSG00000180658.4,0.0
ENSG00000180660.9,0.0
ENSG00000180662.8,0.0
ENSG00000180663.5,0.0
ENSG00000180667.11,1.312001
ENSG00000180673.9,0.0
ENSG00000180694.14,1.228488
ENSG00000180697.9,0.0
ENSG00000180708.6,0.0
ENSG00000180712.6,1.487103
ENSG00000180714.3,0.0
ENSG00000180720.8,0.23381
ENSG00000180723.6,0.0
ENSG00000180730.5,0.060847
ENSG00000180739.15,13.409049
ENSG00000180745.5,0.0
ENSG00000180747.16,0.865979
ENSG00000180758.12,1.55437
ENSG00000180764.14,0.0
ENSG00000180767.11,9.019859
ENSG00000180769.10,0.383106
ENSG00000180770.3,0.0
ENSG00000180772.8,0.0
ENSG00000180773.15,3.488578
ENSG00000180776.17,4.859438
ENSG00000180777.15,0.0
ENSG00000180785.10,0.0
ENSG00000180787.6,1.622445
ENSG00000180801.14,0.0
ENSG00000180803.3,0.0
ENSG00000180806.5,0.0
ENSG00000180815.15,0.361033
ENSG00000180817.12,17.177694
ENSG00000180818.5,0.0
ENSG00000180822.12,8.822257
ENSG00000180828.3,0.0
ENSG00000180834.8,1.06863
ENSG00000180846.9,0.0
ENSG00000180855.16,0.466768
ENSG00000180861.9,0.0
ENSG00000180867.12,0.354894
ENSG00000180869.4,0.0
ENSG00000180871.8,675.752275
ENSG00000180872.7,0.0
ENSG00000180875.5,0.0
ENSG00000180878.3,0.0
ENSG00000180879.14,295.092439
ENSG00000180881.21,1.834529
ENSG00000180884.10,1.663048
ENSG00000180891.13,35.33449
ENSG00000180900.20,11.101775
ENSG00000180901.11,20.194893
ENSG00000180902.18,9.207715
ENSG00000180909.2,0.0
ENSG00000180910.9,0.0
ENSG00000180913.3,0.0
ENSG00000180914.11,0.264928
ENSG00000180917.18,0.744774
ENSG00000180919.3,0.0
ENSG00000180921.7,0.939765
ENSG00000180926.6,0.0
ENSG00000180929.6,0.0
ENSG00000180934.7,0.0
ENSG00000180938.6,0.072027
ENSG00000180953.11,51.74713
ENSG00000180957.19,12.84295
ENSG00000180964.17,6.378535
ENSG00000180974.5,0.0
ENSG00000180979.10,3.7827770000000003
ENSG00000180988.3,0.0
ENSG00000180992.7,16.852001
ENSG00000180998.12,0.0
ENSG00000180999.11,0.0
ENSG00000181001.3,0.095798
ENSG00000181004.10,0.364864
ENSG00000181007.9,0.776557
ENSG00000181009.5,0.0
ENSG00000181016.9,5.5607880000000005
ENSG00000181017.7,0.0
ENSG00000181019.13,0.572628
ENSG00000181023.8,0.235961
ENSG00000181026.15,6.586011
ENSG00000181027.11,10.22022
ENSG00000181029.9,208.268389
ENSG00000181031.16,3.576492
ENSG00000181035.14,7.8378499999999995
ENSG00000181036.14,15.793516
ENSG00000181038.14,23.831703
ENSG00000181045.16,10.032124999999999
ENSG00000181061.14,9.065107999999999
ENSG00000181072.12,0.0
ENSG00000181074.5,0.195493
ENSG00000181085.15,0.0
ENSG00000181090.21,20.020774
ENSG00000181092.10,0.0
ENSG00000181097.5,0.251016
ENSG00000181101.7,0.0
ENSG00000181104.7,0.828705
ENSG00000181109.3,0.0
ENSG00000181123.9,0.0
ENSG00000181126.14,0.0
ENSG00000181135.16,11.328674000000001
ENSG00000181143.17,0.006484
ENSG00000181163.14,98.47467
ENSG00000181171.5,0.0
ENSG00000181191.12,6.754127
ENSG00000181192.12,8.696933
ENSG00000181195.11,0.0
ENSG00000181201.4,0.0
ENSG00000181211.2,0.0
ENSG00000181214.8,0.0
ENSG00000181215.17,0.016962
ENSG00000181218.6,3.00977
ENSG00000181220.18,34.252612
ENSG00000181222.19,9.414417
ENSG00000181227.3,0.0
ENSG00000181234.10,0.0
ENSG00000181240.14,0.0
ENSG00000181260.8,0.0
ENSG00000181264.9,0.0
ENSG00000181273.3,0.0
ENSG00000181274.7,186.971631
ENSG00000181282.5,0.0
ENSG00000181284.3,11.020717999999999
ENSG00000181291.8,0.040867
ENSG00000181296.3,0.0
ENSG00000181315.11,2.376688
ENSG00000181322.15,0.0
ENSG00000181323.8,0.0
ENSG00000181325.7,0.0
ENSG00000181333.12,0.0
ENSG00000181350.12,3.217138
ENSG00000181355.22,0.0
ENSG00000181358.3,0.0
ENSG00000181359.6,0.0
ENSG00000181371.5,0.0
ENSG00000181374.8,0.0
ENSG00000181378.14,0.0
ENSG00000181381.15,44.304702
ENSG00000181392.17,1.1260780000000001
ENSG00000181396.13,14.253303
ENSG00000181404.18,21.725239000000002
ENSG00000181408.5,1.66183
ENSG00000181409.14,30.801476
ENSG00000181418.8,0.0
ENSG00000181433.12,0.0
ENSG00000181444.13,83.010387
ENSG00000181449.4,0.0
ENSG00000181450.18,0.194006
ENSG00000181458.10,0.755115
ENSG00000181467.5,4.658179
ENSG00000181472.5,5.041307
ENSG00000181481.14,34.753675
ENSG00000181499.3,0.0
ENSG00000181511.5,0.0
ENSG00000181513.15,8.692982
ENSG00000181514.6,0.0
ENSG00000181518.4,0.0
ENSG00000181523.13,31.935125
ENSG00000181524.6,0.0
ENSG00000181541.6,0.0
ENSG00000181544.16,0.323813
ENSG00000181552.4,0.0
ENSG00000181555.22,22.573110999999997
ENSG00000181562.5,0.0
ENSG00000181577.16,0.0
ENSG00000181585.7,0.616575
ENSG00000181588.17,0.22915
ENSG00000181609.5,0.0
ENSG00000181610.13,16.59161
ENSG00000181616.10,0.0
ENSG00000181617.6,0.0
ENSG00000181619.12,0.378663
ENSG00000181625.18,96.028703
ENSG00000181626.12,0.0
ENSG00000181631.7,157.82237
ENSG00000181634.8,0.069559
ENSG00000181638.20,2.085671
ENSG00000181649.9,0.0
ENSG00000181652.20,3.392545
ENSG00000181656.7,0.0
ENSG00000181666.19,20.064313
ENSG00000181690.8,0.093668
ENSG00000181693.9,0.0
ENSG00000181698.5,0.0
ENSG00000181704.12,4.457103
ENSG00000181705.2,0.0
ENSG00000181718.7,0.0
ENSG00000181722.18,0.051089
ENSG00000181733.4,0.0
ENSG00000181741.7,0.0
ENSG00000181744.9,2.5255479999999997
ENSG00000181751.10,0.567649
ENSG00000181752.3,0.0
ENSG00000181754.7,3.105907
ENSG00000181761.5,0.0
ENSG00000181767.3,0.0
ENSG00000181773.7,0.0
ENSG00000181778.5,1.247569
ENSG00000181780.4,0.0
ENSG00000181781.10,0.0
ENSG00000181785.3,0.202934
ENSG00000181786.6,0.0
ENSG00000181788.4,37.02779099999999
ENSG00000181789.14,64.207324
ENSG00000181790.13,0.792448
ENSG00000181798.5,0.0
ENSG00000181800.7,0.0
ENSG00000181803.3,0.0
ENSG00000181804.15,4.482413
ENSG00000181817.6,108.517717
ENSG00000181819.14,0.0
ENSG00000181826.10,10.173765
ENSG00000181827.16,0.625598
ENSG00000181830.9,12.993421
ENSG00000181837.7,0.0
ENSG00000181847.12,4.308883
ENSG00000181852.18,32.459554
ENSG00000181856.15,0.411367
ENSG00000181867.3,0.0
ENSG00000181873.13,0.939425
ENSG00000181885.18,0.643654
ENSG00000181894.15,3.23684
ENSG00000181896.12,7.776622
ENSG00000181903.7,0.0
ENSG00000181904.9,1.185708
ENSG00000181908.6,4.810366
ENSG00000181915.6,3.239733
ENSG00000181924.8,30.325063999999998
ENSG00000181927.4,0.0
ENSG00000181929.13,38.415255
ENSG00000181938.14,1.682473
ENSG00000181939.3,0.0
ENSG00000181943.5,0.0
ENSG00000181950.3,0.0
ENSG00000181958.5,0.0
ENSG00000181961.5,0.0
ENSG00000181963.5,0.508058
ENSG00000181965.6,0.0
ENSG00000181977.3,0.0
ENSG00000181982.20,6.834306
ENSG00000181984.11,0.0
ENSG00000181991.16,34.678972
ENSG00000181995.13,0.0
ENSG00000181997.8,0.0
ENSG00000182000.9,0.0
ENSG00000182004.13,11.922072
ENSG00000182010.11,0.246415
ENSG00000182013.18,0.070721
ENSG00000182022.18,82.75239
ENSG00000182035.13,0.0
ENSG00000182040.9,0.0
ENSG00000182048.14,0.0
ENSG00000182050.14,0.0
ENSG00000182053.13,0.0
ENSG00000182054.10,79.238261
ENSG00000182057.6,0.479632
ENSG00000182070.7,0.074265
ENSG00000182077.12,0.0
ENSG00000182083.8,0.0
ENSG00000182087.14,191.174971
ENSG00000182093.16,3.229925
ENSG00000182095.15,34.2542
ENSG00000182103.5,0.0
ENSG00000182107.7,0.294248
ENSG00000182108.11,8.337973
ENSG00000182111.9,0.0
ENSG00000182117.7,244.47301900000002
ENSG00000182118.8,1.186824
ENSG00000182132.15,0.0
ENSG00000182134.17,2.1877329999999997
ENSG00000182141.11,1.5929790000000001
ENSG00000182149.21,199.15031299999998
ENSG00000182150.20,1.4981749999999998
ENSG00000182154.8,53.554385
ENSG00000182156.10,0.0
ENSG00000182158.16,5.534628
ENSG00000182162.11,25.813162
ENSG00000182165.21,13.229251
ENSG00000182168.16,0.0
ENSG00000182170.3,0.0
ENSG00000182173.14,16.337681999999997
ENSG00000182175.15,0.562469
ENSG00000182177.15,0.0
ENSG00000182179.13,205.757255
ENSG00000182180.14,16.150649
ENSG00000182183.15,12.606022000000001
ENSG00000182185.19,3.2507740000000003
ENSG00000182187.4,0.0
ENSG00000182195.9,0.96041
ENSG00000182196.14,154.119824
ENSG00000182197.13,7.253636
ENSG00000182199.11,37.007258
ENSG00000182208.15,16.063227
ENSG00000182218.10,0.061924
ENSG00000182220.15,91.4153
ENSG00000182223.7,0.0
ENSG00000182224.12,1.23384
ENSG00000182240.16,2.915711
ENSG00000182247.11,9.705213
ENSG00000182253.15,0.294951
ENSG00000182255.7,0.0
ENSG00000182256.13,0.0
ENSG00000182257.8,0.084676
ENSG00000182261.5,0.0
ENSG00000182263.14,0.0
ENSG00000182264.9,0.0
ENSG00000182271.13,0.0
ENSG00000182272.12,0.0
ENSG00000182287.15,26.44049
ENSG00000182307.14,7.459932
ENSG00000182308.7,0.196791
ENSG00000182310.16,10.874452999999999
ENSG00000182315.10,0.0
ENSG00000182318.7,1.556777
ENSG00000182324.7,0.303488
ENSG00000182325.11,20.15185
ENSG00000182326.17,0.594042
ENSG00000182327.8,0.0
ENSG00000182329.14,0.0
ENSG00000182330.11,0.0
ENSG00000182333.15,0.0
ENSG00000182334.3,0.0
ENSG00000182346.22,0.0
ENSG00000182347.10,0.0
ENSG00000182348.7,0.0
ENSG00000182351.7,0.0
ENSG00000182352.9,44.322079
ENSG00000182359.15,0.138748
ENSG00000182362.14,12.635588
ENSG00000182365.4,0.0
ENSG00000182366.12,0.0
ENSG00000182372.10,3.418671
ENSG00000182376.2,0.0
ENSG00000182378.15,6.138178
ENSG00000182379.10,0.485245
ENSG00000182383.8,0.0
ENSG00000182389.20,0.253233
ENSG00000182393.3,0.0
ENSG00000182397.15,0.0
ENSG00000182400.15,3.009999
ENSG00000182405.6,0.554647
ENSG00000182415.11,0.0
ENSG00000182446.15,49.500346
ENSG00000182447.4,0.0
ENSG00000182450.14,0.0
ENSG00000182459.5,0.0
ENSG00000182463.17,0.24726700000000001
ENSG00000182472.9,3.324559
ENSG00000182473.22,56.834697000000006
ENSG00000182477.5,0.0
ENSG00000182481.10,14.376456000000001
ENSG00000182484.15,54.849140000000006
ENSG00000182487.14,152.376285
ENSG00000182489.9,0.0
ENSG00000182492.16,0.0
ENSG00000182504.12,0.566948
ENSG00000182508.14,0.0
ENSG00000182511.12,172.347736
ENSG00000182512.5,41.093739
ENSG00000182518.14,3.4910000000000005
ENSG00000182521.6,0.0
ENSG00000182531.7,0.0
ENSG00000182533.7,0.0
ENSG00000182534.14,4.367788
ENSG00000182541.18,140.36916200000002
ENSG00000182544.9,34.322094
ENSG00000182545.7,0.238339
ENSG00000182551.14,25.321757
ENSG00000182552.15,3.146904
ENSG00000182557.9,12.168167
ENSG00000182565.8,0.0
ENSG00000182566.15,1.813669
ENSG00000182568.18,14.473963999999999
ENSG00000182574.8,0.0
ENSG00000182575.8,0.0
ENSG00000182578.14,129.404234
ENSG00000182580.3,0.329948
ENSG00000182583.13,0.442738
ENSG00000182585.10,0.089303
ENSG00000182586.10,0.0
ENSG00000182591.6,0.0
ENSG00000182600.10,2.1909080000000003
ENSG00000182601.7,0.0
ENSG00000182606.18,7.6388300000000005
ENSG00000182612.11,0.211353
ENSG00000182613.3,0.0
ENSG00000182621.19,0.459304
ENSG00000182625.3,0.0
ENSG00000182628.13,2.042066
ENSG00000182631.7,0.0
ENSG00000182632.16,0.0
ENSG00000182634.9,0.0
ENSG00000182636.8,0.129682
ENSG00000182645.6,0.0
ENSG00000182648.16,1.833955
ENSG00000182652.4,0.0
ENSG00000182667.15,0.0
ENSG00000182670.14,11.706423
ENSG00000182674.6,0.0
ENSG00000182676.5,0.0
ENSG00000182685.8,15.419507
ENSG00000182687.4,0.0
ENSG00000182698.12,0.0
ENSG00000182700.5,1.157682
ENSG00000182704.8,0.0
ENSG00000182707.4,0.0
ENSG00000182712.16,4.63317
ENSG00000182718.18,518.123662
ENSG00000182722.5,0.0
ENSG00000182732.18,0.99021
ENSG00000182742.6,1.105235
ENSG00000182747.5,0.0
ENSG00000182749.6,9.30319
ENSG00000182752.10,0.0
ENSG00000182759.4,0.269207
ENSG00000182768.9,26.498874
ENSG00000182771.19,0.145706
ENSG00000182774.13,238.64731799999998
ENSG00000182776.4,0.0
ENSG00000182782.8,70.021967
ENSG00000182783.6,0.0
ENSG00000182791.5,0.0
ENSG00000182793.12,0.0
ENSG00000182795.13,0.083735
ENSG00000182796.17,0.486885
ENSG00000182798.10,0.0
ENSG00000182809.11,12.040163
ENSG00000182810.7,10.73983
ENSG00000182814.8,0.0
ENSG00000182816.9,0.0
ENSG00000182824.8,0.0
ENSG00000182827.9,2.621167
ENSG00000182831.12,15.017246
ENSG00000182836.11,0.0
ENSG00000182841.15,0.0
ENSG00000182853.12,3.261163
ENSG00000182854.8,0.0
ENSG00000182858.14,17.95416
ENSG00000182866.18,104.343122
ENSG00000182870.13,0.569727
ENSG00000182871.16,33.801313
ENSG00000182872.16,37.268969999999996
ENSG00000182873.5,0.628488
ENSG00000182885.17,223.305946
ENSG00000182888.5,0.0
ENSG00000182890.5,0.0
ENSG00000182896.13,0.0
ENSG00000182898.4,0.0
ENSG00000182899.17,345.61213399999997
ENSG00000182901.18,0.0
ENSG00000182902.14,0.0
ENSG00000182903.16,6.442875
ENSG00000182916.8,0.0
ENSG00000182919.15,5.60714
ENSG00000182921.9,0.0
ENSG00000182923.20,21.310791000000002
ENSG00000182931.10,0.0
ENSG00000182934.12,87.18549
ENSG00000182938.7,0.0
ENSG00000182944.18,154.550366
ENSG00000182950.3,0.0
ENSG00000182952.5,35.758079
ENSG00000182957.16,8.416051
ENSG00000182963.11,0.030361
ENSG00000182965.6,0.0
ENSG00000182968.5,0.0
ENSG00000182973.20,18.540426
ENSG00000182974.3,0.0
ENSG00000182979.18,37.949415
ENSG00000182983.15,0.257015
ENSG00000182985.19,0.0
ENSG00000182986.15,0.680202
ENSG00000182993.5,0.159451
ENSG00000183010.17,1.1305399999999999
ENSG00000183011.14,58.853925
ENSG00000183018.9,1.176424
ENSG00000183019.9,67.831097
ENSG00000183020.15,19.410408
ENSG00000183022.5,0.0
ENSG00000183023.19,3.882212
ENSG00000183024.4,0.0
ENSG00000183032.12,0.0
ENSG00000183034.13,0.200068
ENSG00000183035.13,0.0
ENSG00000183036.11,0.0
ENSG00000183044.12,12.487636
ENSG00000183048.12,2.159244
ENSG00000183049.14,17.96192
ENSG00000183054.13,2.146605
ENSG00000183055.5,0.0
ENSG00000183060.16,2.855062
ENSG00000183066.15,0.198993
ENSG00000183067.6,0.106709
ENSG00000183072.10,0.0
ENSG00000183077.16,8.227632
ENSG00000183087.15,8.043081
ENSG00000183090.5,0.0
ENSG00000183091.21,0.24299
ENSG00000183092.18,0.742989
ENSG00000183098.12,0.0
ENSG00000183111.12,0.140355
ENSG00000183114.8,0.0
ENSG00000183117.20,0.103422
ENSG00000183122.6,0.0
ENSG00000183128.7,0.0
ENSG00000183134.5,13.439471
ENSG00000183137.16,1.832406
ENSG00000183145.9,0.131291
ENSG00000183146.4,0.0
ENSG00000183148.9,0.0
ENSG00000183150.8,1.489315
ENSG00000183153.7,0.0
ENSG00000183154.2,0.317536
ENSG00000183155.5,8.535957
ENSG00000183160.9,1.744296
ENSG00000183161.6,2.295192
ENSG00000183166.12,0.049411
ENSG00000183169.7,0.0
ENSG00000183171.5,0.0
ENSG00000183172.9,82.992938
ENSG00000183185.10,0.0
ENSG00000183186.8,0.0
ENSG00000183196.10,0.054375
ENSG00000183199.6,0.0
ENSG00000183206.18,0.0
ENSG00000183207.15,32.121494
ENSG00000183208.13,0.820756
ENSG00000183214.12,0.331575
ENSG00000183230.18,0.0
ENSG00000183239.5,0.0
ENSG00000183242.14,0.0
ENSG00000183246.8,0.0
ENSG00000183248.12,0.051994
ENSG00000183249.8,0.0
ENSG00000183250.14,0.315881
ENSG00000183251.4,0.0
ENSG00000183255.12,91.14175300000001
ENSG00000183258.12,63.00085
ENSG00000183260.7,0.0
ENSG00000183269.6,0.0
ENSG00000183273.7,0.0
ENSG00000183281.15,4.882175999999999
ENSG00000183283.16,518.1108320000001
ENSG00000183287.15,0.037847
ENSG00000183291.18,67.18537
ENSG00000183292.14,0.0
ENSG00000183298.5,0.0
ENSG00000183303.3,0.0
ENSG00000183304.10,0.0
ENSG00000183305.14,0.0
ENSG00000183307.4,7.919815
ENSG00000183308.7,0.0
ENSG00000183309.12,0.0
ENSG00000183310.3,0.0
ENSG00000183311.16,24.266578
ENSG00000183313.4,0.0
ENSG00000183317.17,0.161689
ENSG00000183318.12,0.210189
ENSG00000183323.13,5.218347
ENSG00000183324.11,0.0
ENSG00000183336.9,29.28882
ENSG00000183337.18,9.898597
ENSG00000183340.7,0.226196
ENSG00000183346.9,0.0
ENSG00000183347.15,0.939963
ENSG00000183354.12,4.677639
ENSG00000183378.13,0.0
ENSG00000183379.9,0.0
ENSG00000183385.10,0.0
ENSG00000183386.11,91.54729
ENSG00000183389.5,0.0
ENSG00000183395.5,0.0
ENSG00000183396.4,0.0
ENSG00000183397.6,6.146386
ENSG00000183401.12,131.434465
ENSG00000183421.12,0.061081
ENSG00000183423.12,0.192224
ENSG00000183426.17,14.457666
ENSG00000183431.12,38.426088
ENSG00000183432.6,0.0
ENSG00000183434.10,0.0
ENSG00000183439.10,0.417026
ENSG00000183444.10,0.0
ENSG00000183454.19,0.0
ENSG00000183458.15,1.846263
ENSG00000183463.7,0.0
ENSG00000183470.10,0.0
ENSG00000183474.16,2.564778
ENSG00000183475.13,2.653463
ENSG00000183476.13,0.0
ENSG00000183479.13,0.816002
ENSG00000183484.12,17.099993
ENSG00000183486.14,230.618015
ENSG00000183495.15,7.503844
ENSG00000183496.6,0.0
ENSG00000183506.18,0.0
ENSG00000183508.5,6.511165
ENSG00000183513.9,15.101676
ENSG00000183514.4,0.0
ENSG00000183520.12,11.408928
ENSG00000183527.12,4.862436000000001
ENSG00000183530.14,8.424588
ENSG00000183535.9,0.0
ENSG00000183542.7,0.291603
ENSG00000183549.10,0.0
ENSG00000183559.12,0.0
ENSG00000183560.10,0.0
ENSG00000183562.3,0.0
ENSG00000183566.11,0.0
ENSG00000183569.18,0.537898
ENSG00000183570.17,1.28196
ENSG00000183571.11,0.17244
ENSG00000183576.13,10.4634
ENSG00000183578.8,0.0
ENSG00000183579.16,0.104007
ENSG00000183580.10,0.0
ENSG00000183586.8,0.0
ENSG00000183597.16,89.859787
ENSG00000183598.4,0.0
ENSG00000183604.17,0.0
ENSG00000183605.17,8.796932
ENSG00000183607.10,0.418569
ENSG00000183615.6,0.5888
ENSG00000183617.5,86.186294
ENSG00000183621.15,15.010848
ENSG00000183624.14,24.800068999999997
ENSG00000183625.16,94.278032
ENSG00000183628.14,3.715974
ENSG00000183629.14,0.018834
ENSG00000183631.5,0.0
ENSG00000183632.15,0.0
ENSG00000183638.6,0.0
ENSG00000183640.6,0.0
ENSG00000183643.5,0.0
ENSG00000183644.14,0.0
ENSG00000183647.11,1.121044
ENSG00000183648.11,54.260291
ENSG00000183654.9,0.0
ENSG00000183655.13,2.0405100000000003
ENSG00000183662.12,0.25771
ENSG00000183663.6,0.0
ENSG00000183665.5,5.288998
ENSG00000183666.20,0.0
ENSG00000183668.18,0.0
ENSG00000183671.13,0.0
ENSG00000183674.13,2.055704
ENSG00000183682.8,0.135451
ENSG00000183684.8,47.647971
ENSG00000183688.4,50.879382
ENSG00000183690.13,0.733797
ENSG00000183691.6,1.420701
ENSG00000183695.3,0.0
ENSG00000183696.14,100.43916
ENSG00000183704.7,0.0
ENSG00000183706.6,0.0
ENSG00000183709.8,0.0
ENSG00000183715.15,0.0
ENSG00000183718.6,7.012925
ENSG00000183722.9,0.0
ENSG00000183723.13,1.659811
ENSG00000183726.11,86.79162500000001
ENSG00000183733.6,0.0
ENSG00000183734.5,8.939141
ENSG00000183735.11,12.030466
ENSG00000183741.12,13.995557
ENSG00000183742.13,0.125365
ENSG00000183747.12,0.0
ENSG00000183751.16,19.366937
ENSG00000183753.10,0.0
ENSG00000183760.11,0.0
ENSG00000183762.13,22.432594
ENSG00000183763.9,0.849768
ENSG00000183765.24,2.9925990000000002
ENSG00000183770.7,0.0
ENSG00000183773.16,9.318711
ENSG00000183775.11,0.0
ENSG00000183778.19,0.0
ENSG00000183779.7,7.257377
ENSG00000183780.13,0.086488
ENSG00000183783.7,0.0
ENSG00000183784.7,0.856881
ENSG00000183785.16,8.307788
ENSG00000183793.14,0.0
ENSG00000183798.5,0.0
ENSG00000183801.8,0.0
ENSG00000183807.8,0.0
ENSG00000183808.12,0.920169
ENSG00000183813.8,5.367693
ENSG00000183814.16,0.515719
ENSG00000183822.4,0.0
ENSG00000183826.19,2.701327
ENSG00000183828.15,10.569688999999999
ENSG00000183831.7,0.0
ENSG00000183833.16,0.0
ENSG00000183837.10,2.10174
ENSG00000183840.8,0.0
ENSG00000183844.17,0.533034
ENSG00000183850.14,0.0
ENSG00000183853.18,0.0
ENSG00000183856.11,0.07637
ENSG00000183862.6,0.0
ENSG00000183864.6,9.172241000000001
ENSG00000183873.20,0.038955
ENSG00000183876.9,0.0
ENSG00000183878.16,0.0
ENSG00000183888.4,0.0
ENSG00000183889.14,21.882331999999998
ENSG00000183891.6,2.52398
ENSG00000183908.7,0.0
ENSG00000183909.7,0.0
ENSG00000183911.7,0.0
ENSG00000183914.15,0.0
ENSG00000183918.18,2.517534
ENSG00000183921.8,0.0
ENSG00000183929.7,0.0
ENSG00000183935.6,0.0
ENSG00000183938.5,0.0
ENSG00000183943.6,14.84052
ENSG00000183955.14,7.438604000000001
ENSG00000183960.9,0.0
ENSG00000183963.19,1.464958
ENSG00000183971.10,0.0
ENSG00000183977.14,0.0
ENSG00000183978.8,33.642012
ENSG00000183979.8,0.0
ENSG00000183981.8,0.0
ENSG00000184005.12,0.955611
ENSG00000184007.22,110.204451
ENSG00000184009.13,1740.692599
ENSG00000184012.14,0.0
ENSG00000184014.9,135.812575
ENSG00000184022.4,0.0
ENSG00000184029.9,0.0
ENSG00000184032.3,0.0
ENSG00000184033.14,0.647723
ENSG00000184047.21,28.034840000000003
ENSG00000184055.4,0.0
ENSG00000184056.15,11.281172
ENSG00000184058.16,0.174607
ENSG00000184060.12,21.158881
ENSG00000184068.2,0.0
ENSG00000184076.13,75.339043
ENSG00000184083.12,0.921173
ENSG00000184084.7,0.0
ENSG00000184100.6,0.0
ENSG00000184106.9,0.0
ENSG00000184108.8,0.0
ENSG00000184110.15,246.429382
ENSG00000184111.6,0.0
ENSG00000184113.10,6.71395
ENSG00000184115.18,0.0
ENSG00000184117.12,15.665396000000001
ENSG00000184139.8,0.0
ENSG00000184140.6,0.0
ENSG00000184144.12,0.064241
ENSG00000184148.4,0.0
ENSG00000184154.16,1.618932
ENSG00000184155.8,0.0
ENSG00000184156.18,0.019513
ENSG00000184160.8,0.0
ENSG00000184162.15,12.498377000000001
ENSG00000184163.3,1.345637
ENSG00000184164.15,19.314325
ENSG00000184166.3,0.190971
ENSG00000184178.17,4.769068
ENSG00000184182.19,46.406136
ENSG00000184185.10,0.0
ENSG00000184188.6,0.0
ENSG00000184194.6,0.0
ENSG00000184203.8,19.166259
ENSG00000184205.14,11.530323
ENSG00000184206.13,0.0
ENSG00000184207.9,10.705428
ENSG00000184208.13,0.0
ENSG00000184209.15,36.121837
ENSG00000184210.6,0.0
ENSG00000184216.15,52.812737
ENSG00000184220.12,2.583024
ENSG00000184221.13,15.287681
ENSG00000184224.4,0.572199
ENSG00000184226.15,0.073662
ENSG00000184227.8,0.878262
ENSG00000184232.9,19.443177000000002
ENSG00000184254.18,0.0
ENSG00000184260.6,1.490642
ENSG00000184261.5,0.0
ENSG00000184270.6,0.0
ENSG00000184271.18,5.1813139999999995
ENSG00000184274.4,0.0
ENSG00000184276.3,0.0
ENSG00000184277.13,28.705305
ENSG00000184281.15,50.751886
ENSG00000184292.7,0.273065
ENSG00000184293.10,0.0
ENSG00000184302.7,0.0
ENSG00000184303.5,0.0
ENSG00000184304.17,0.0
ENSG00000184305.16,0.089195
ENSG00000184307.17,0.174744
ENSG00000184313.20,0.153293
ENSG00000184319.19,0.0
ENSG00000184321.1,0.0
ENSG00000184330.12,0.0
ENSG00000184343.11,0.0
ENSG00000184344.4,0.0
ENSG00000184345.5,0.0
ENSG00000184347.16,0.0
ENSG00000184349.14,0.530469
ENSG00000184350.11,0.0
ENSG00000184351.8,0.0
ENSG00000184357.5,0.0
ENSG00000184361.13,0.620881
ENSG00000184363.10,0.0
ENSG00000184368.16,0.0
ENSG00000184371.14,6.953312
ENSG00000184374.3,0.0
ENSG00000184378.3,0.0
ENSG00000184381.20,41.946179
ENSG00000184384.15,3.689077
ENSG00000184385.2,0.0
ENSG00000184388.6,0.0
ENSG00000184389.9,0.0
ENSG00000184394.3,0.0
ENSG00000184402.15,2.009857
ENSG00000184408.10,0.0
ENSG00000184414.2,0.0
ENSG00000184423.5,0.0
ENSG00000184428.13,10.054185
ENSG00000184432.11,44.179383
ENSG00000184434.8,0.0
ENSG00000184436.12,25.283182
ENSG00000184441.4,0.480652
ENSG00000184445.12,5.345541
ENSG00000184451.5,0.140591
ENSG00000184454.7,0.0
ENSG00000184459.10,0.0
ENSG00000184465.17,3.3180110000000003
ENSG00000184470.21,31.339793
ENSG00000184471.10,0.0
ENSG00000184478.8,0.0
ENSG00000184481.18,19.945685
ENSG00000184486.10,0.0
ENSG00000184489.13,15.583047
ENSG00000184492.7,0.096894
ENSG00000184497.13,1.383679
ENSG00000184500.16,0.222572
ENSG00000184502.4,0.0
ENSG00000184507.17,0.0
ENSG00000184508.12,10.299698
ENSG00000184515.11,0.759877
ENSG00000184517.12,0.519077
ENSG00000184523.5,0.0
ENSG00000184524.6,0.157307
ENSG00000184530.9,0.0
ENSG00000184544.12,0.0
ENSG00000184545.11,1.912188
ENSG00000184557.4,19.230769
ENSG00000184560.8,0.0
ENSG00000184564.11,0.0
ENSG00000184566.3,0.0
ENSG00000184571.14,0.0
ENSG00000184574.10,4.808297
ENSG00000184575.12,7.768354
ENSG00000184584.14,107.1866
ENSG00000184588.18,15.486135
ENSG00000184599.14,0.0
ENSG00000184601.11,0.0
ENSG00000184602.6,83.527544
ENSG00000184608.10,0.0
ENSG00000184611.14,0.0
ENSG00000184612.8,0.0
ENSG00000184613.11,12.112708999999999
ENSG00000184616.12,0.0
ENSG00000184617.11,0.0
ENSG00000184619.8,0.576522
ENSG00000184624.4,0.0
ENSG00000184634.17,31.66292
ENSG00000184635.17,1.541002
ENSG00000184640.20,283.660817
ENSG00000184647.11,0.0
ENSG00000184650.11,0.0
ENSG00000184659.6,0.0
ENSG00000184661.14,0.0
ENSG00000184669.11,0.0
ENSG00000184672.12,0.0
ENSG00000184675.11,0.568201
ENSG00000184677.18,5.82969
ENSG00000184678.11,21.633095
ENSG00000184697.7,0.823281
ENSG00000184698.5,0.131758
ENSG00000184702.20,24.330854
ENSG00000184708.18,7.46761
ENSG00000184709.7,0.0
ENSG00000184716.14,0.0
ENSG00000184719.13,0.8226680000000001
ENSG00000184724.5,0.0
ENSG00000184730.12,115.832873
ENSG00000184731.6,0.06027
ENSG00000184735.7,0.0
ENSG00000184741.7,0.0
ENSG00000184743.13,4.278223
ENSG00000184752.14,104.88597
ENSG00000184761.9,0.0
ENSG00000184774.11,0.0
ENSG00000184785.6,0.0
ENSG00000184786.6,1.060698
ENSG00000184787.19,16.097898
ENSG00000184788.14,0.0
ENSG00000184789.6,0.0
ENSG00000184792.16,12.420436
ENSG00000184795.9,0.0
ENSG00000184809.14,0.076278
ENSG00000184811.4,0.0
ENSG00000184814.5,0.0
ENSG00000184828.10,0.192196
ENSG00000184831.14,5.004978
ENSG00000184838.15,0.440149
ENSG00000184840.12,90.674654
ENSG00000184844.6,0.0
ENSG00000184845.4,0.0
ENSG00000184856.7,0.0
ENSG00000184857.8,6.238678
ENSG00000184860.10,0.17616
ENSG00000184863.11,18.669985
ENSG00000184867.14,1.03786
ENSG00000184887.14,19.460046
ENSG00000184895.8,0.0
ENSG00000184897.7,75.255383
ENSG00000184898.7,2.25546
ENSG00000184900.16,36.09194
ENSG00000184903.10,1.316537
ENSG00000184905.9,0.0
ENSG00000184906.12,0.0
ENSG00000184908.20,0.0
ENSG00000184911.15,0.701184
ENSG00000184916.9,0.422336
ENSG00000184922.15,509.467204
ENSG00000184923.12,0.769054
ENSG00000184924.6,19.827766999999998
ENSG00000184925.12,1.999305
ENSG00000184933.6,0.0
ENSG00000184937.17,0.0
ENSG00000184939.16,3.520833
ENSG00000184945.15,0.0
ENSG00000184949.18,0.022463
ENSG00000184954.4,0.0
ENSG00000184956.16,0.0
ENSG00000184961.5,0.0
ENSG00000184967.7,15.24093
ENSG00000184979.12,8.157677
ENSG00000184983.11,15.912894
ENSG00000184984.10,0.0
ENSG00000184985.17,0.186472
ENSG00000184986.12,0.655679
ENSG00000184988.8,5.708323
ENSG00000184990.13,65.101414
ENSG00000184991.3,0.0
ENSG00000184992.13,2.731069
ENSG00000184995.7,0.0
ENSG00000184999.13,0.0
ENSG00000185000.12,108.733126
ENSG00000185002.10,0.0
ENSG00000185008.19,0.0
ENSG00000185009.13,10.985412
ENSG00000185010.15,1.922478
ENSG00000185013.17,0.0
ENSG00000185015.8,0.79742
ENSG00000185019.17,6.178993
ENSG00000185022.13,3.953327
ENSG00000185024.18,11.062946
ENSG00000185028.4,0.0
ENSG00000185031.6,0.0
ENSG00000185033.15,59.284397000000006
ENSG00000185037.10,0.0
ENSG00000185038.15,0.0
ENSG00000185040.14,0.0
ENSG00000185043.13,146.410324
ENSG00000185046.21,0.217133
ENSG00000185049.16,18.639389
ENSG00000185052.13,0.476729
ENSG00000185053.14,0.0
ENSG00000185055.11,0.0
ENSG00000185056.10,0.0
ENSG00000185065.7,0.0
ENSG00000185069.2,0.0
ENSG00000185070.12,0.006637
ENSG00000185074.7,0.0
ENSG00000185078.3,0.0
ENSG00000185085.2,11.713812
ENSG00000185088.14,2.936871
ENSG00000185090.15,0.936991
ENSG00000185100.12,2.040411
ENSG00000185101.13,19.618359
ENSG00000185104.21,14.909749
ENSG00000185105.5,0.0
ENSG00000185112.6,5.101147
ENSG00000185115.6,0.0
ENSG00000185122.11,59.668231
ENSG00000185127.7,2.364042
ENSG00000185129.8,2.313283
ENSG00000185130.6,0.854336
ENSG00000185133.15,0.109874
ENSG00000185149.6,0.0
ENSG00000185155.12,0.0
ENSG00000185156.6,0.323074
ENSG00000185158.13,12.561761
ENSG00000185163.10,9.398211
ENSG00000185164.16,13.672219
ENSG00000185168.8,8.382446999999999
ENSG00000185176.13,0.0
ENSG00000185177.14,0.060747
ENSG00000185182.15,0.0
ENSG00000185186.11,0.0
ENSG00000185187.14,137.013128
ENSG00000185189.18,3.6774590000000003
ENSG00000185198.12,1.047234
ENSG00000185201.18,15509.925519
ENSG00000185203.13,0.24213
ENSG00000185215.11,717.505591
ENSG00000185219.18,1.540154
ENSG00000185220.12,2.451796
ENSG00000185221.6,0.0
ENSG00000185222.10,0.0
ENSG00000185231.5,0.0
ENSG00000185236.12,130.983911
ENSG00000185238.13,2.012779
ENSG00000185245.9,2.488868
ENSG00000185246.18,2.888321
ENSG00000185247.15,0.0
ENSG00000185250.16,0.063234
ENSG00000185252.19,2.747131
ENSG00000185261.16,0.792392
ENSG00000185262.9,301.443099
ENSG00000185264.12,0.0
ENSG00000185267.10,0.170981
ENSG00000185269.12,0.284965
ENSG00000185271.9,0.12794
ENSG00000185272.14,0.933813
ENSG00000185274.13,0.0
ENSG00000185275.6,0.0
ENSG00000185278.16,1.744649
ENSG00000185290.4,0.519226
ENSG00000185291.12,15.112569
ENSG00000185294.7,0.0
ENSG00000185296.8,0.0
ENSG00000185298.13,15.622941999999998
ENSG00000185303.17,0.0
ENSG00000185304.16,1.376603
ENSG00000185305.12,2.83521
ENSG00000185306.13,0.0
ENSG00000185313.9,0.0
ENSG00000185319.5,0.0
ENSG00000185324.22,47.119164
ENSG00000185332.9,0.241341
ENSG00000185338.7,13.877737999999999
ENSG00000185339.10,28.222140000000003
ENSG00000185340.16,13.764211
ENSG00000185344.15,5.772003
ENSG00000185345.25,0.144194
ENSG00000185347.19,8.154969000000001
ENSG00000185352.10,0.0
ENSG00000185359.14,102.784397
ENSG00000185361.9,4.870031
ENSG00000185372.4,0.0
ENSG00000185379.21,3.229184
ENSG00000185385.5,0.35433
ENSG00000185386.15,2.985456
ENSG00000185390.2,0.0
ENSG00000185404.17,29.720768
ENSG00000185414.20,8.185962
ENSG00000185418.16,1.773263
ENSG00000185420.19,5.035605
ENSG00000185432.12,23.299622
ENSG00000185433.12,0.0
ENSG00000185436.12,0.564939
ENSG00000185437.16,0.0
ENSG00000185442.13,2.242565
ENSG00000185448.12,0.0
ENSG00000185453.13,1.043544
ENSG00000185467.8,0.0
ENSG00000185475.11,103.998668
ENSG00000185477.6,0.899117
ENSG00000185479.6,0.0
ENSG00000185480.12,0.0
ENSG00000185482.8,20.965771
ENSG00000185483.13,0.0
ENSG00000185485.15,0.0
ENSG00000185495.11,0.0
ENSG00000185499.17,4.385242
ENSG00000185504.17,19.992114
ENSG00000185507.21,112.517043
ENSG00000185513.18,2.432822
ENSG00000185515.16,2.444825
ENSG00000185518.12,0.0
ENSG00000185519.9,0.0
ENSG00000185522.9,0.709286
ENSG00000185523.6,0.706849
ENSG00000185527.12,16.553365
ENSG00000185532.20,0.0
ENSG00000185551.15,0.0
ENSG00000185559.16,0.0
ENSG00000185561.10,0.322394
ENSG00000185565.14,0.0
ENSG00000185567.7,0.0
ENSG00000185585.20,0.244067
ENSG00000185591.10,43.403545
ENSG00000185594.8,0.0
ENSG00000185596.17,0.0
ENSG00000185607.5,0.0
ENSG00000185608.9,11.690365
ENSG00000185610.6,0.0
ENSG00000185614.7,2.907288
ENSG00000185615.16,0.0
ENSG00000185619.19,16.141391
ENSG00000185621.11,0.612448
ENSG00000185624.16,195.14625099999998
ENSG00000185627.19,129.146323
ENSG00000185630.20,2.7529939999999997
ENSG00000185631.7,0.0
ENSG00000185633.11,0.321663
ENSG00000185634.12,0.99227
ENSG00000185638.9,0.0
ENSG00000185640.6,0.329297
ENSG00000185641.6,0.0
ENSG00000185650.11,129.165361
ENSG00000185651.16,51.462812
ENSG00000185652.12,0.0
ENSG00000185658.14,2.4220180000000004
ENSG00000185662.11,0.0
ENSG00000185664.15,0.617417
ENSG00000185666.16,0.028961
ENSG00000185668.8,0.0
ENSG00000185669.6,32.792133
ENSG00000185670.9,4.148358
ENSG00000185674.10,0.0
ENSG00000185681.13,0.0
ENSG00000185684.18,0.104417
ENSG00000185686.18,0.0
ENSG00000185689.18,0.0
ENSG00000185697.17,1.306203
ENSG00000185700.11,0.0
ENSG00000185701.7,0.0
ENSG00000185710.10,0.0
ENSG00000185716.12,1.242008
ENSG00000185721.14,15.394572
ENSG00000185722.18,13.482851
ENSG00000185728.17,8.802207
ENSG00000185730.8,1.099782
ENSG00000185736.16,1.7993379999999999
ENSG00000185737.13,0.0
ENSG00000185739.13,0.055265
ENSG00000185742.7,0.0
ENSG00000185745.10,40.835428
ENSG00000185753.13,19.792173
ENSG00000185758.9,0.0
ENSG00000185760.18,0.089195
ENSG00000185761.11,1.643899
ENSG00000185774.17,0.0
ENSG00000185775.10,0.0
ENSG00000185787.16,217.959064
ENSG00000185792.10,0.0
ENSG00000185798.8,6.865492
ENSG00000185800.12,9.224332
ENSG00000185803.12,16.271023
ENSG00000185808.14,7.83764
ENSG00000185811.21,56.48539
ENSG00000185813.11,12.150149
ENSG00000185818.8,0.07581
ENSG00000185821.3,0.0
ENSG00000185823.5,0.0
ENSG00000185825.17,245.541952
ENSG00000185829.19,4.689204
ENSG00000185834.10,0.0
ENSG00000185837.6,0.0
ENSG00000185838.14,4.753007
ENSG00000185839.3,0.0
ENSG00000185842.16,0.027587
ENSG00000185847.10,0.0
ENSG00000185860.14,0.0
ENSG00000185862.7,612.471804
ENSG00000185863.8,0.0
ENSG00000185864.20,20.502464
ENSG00000185869.15,0.32526900000000003
ENSG00000185873.8,0.0
ENSG00000185875.13,0.815113
ENSG00000185880.14,18.917333
ENSG00000185883.12,389.120317
ENSG00000185885.17,2208.7907240000004
ENSG00000185888.6,0.0
ENSG00000185896.11,90.775079
ENSG00000185897.7,4.392956
ENSG00000185899.1,0.0
ENSG00000185900.11,3.232451
ENSG00000185903.10,0.0
ENSG00000185904.13,0.0
ENSG00000185905.4,147.546349
ENSG00000185909.15,52.99907
ENSG00000185915.5,0.064446
ENSG00000185917.14,5.837999
ENSG00000185920.19,2.96375
ENSG00000185924.7,0.0
ENSG00000185926.1,0.0
ENSG00000185933.7,0.0
ENSG00000185940.11,0.0
ENSG00000185942.13,0.022027
ENSG00000185946.16,5.587439
ENSG00000185947.15,5.2949
ENSG00000185950.9,3.620688
ENSG00000185955.5,3.691616
ENSG00000185958.10,0.0
ENSG00000185960.15,0.0
ENSG00000185962.1,0.0
ENSG00000185963.14,19.173955
ENSG00000185966.4,0.0
ENSG00000185972.6,0.0
ENSG00000185973.12,13.555164000000001
ENSG00000185974.7,0.0
ENSG00000185982.7,0.0
ENSG00000185985.11,0.0
ENSG00000185986.14,0.0
ENSG00000185988.15,0.100259
ENSG00000185989.11,37.044909000000004
ENSG00000186001.14,7.25892
ENSG00000186007.10,0.0
ENSG00000186008.7,0.0
ENSG00000186009.5,0.0
ENSG00000186010.19,309.34578600000003
ENSG00000186017.16,1.348071
ENSG00000186019.13,0.0
ENSG00000186020.13,0.986621
ENSG00000186026.7,0.96548
ENSG00000186038.9,0.0
ENSG00000186047.11,1.270748
ENSG00000186049.8,3.865649
ENSG00000186051.7,0.0
ENSG00000186056.12,1.556698
ENSG00000186063.13,7.986884
ENSG00000186073.14,0.369996
ENSG00000186074.19,144.400196
ENSG00000186075.13,0.0
ENSG00000186076.5,0.0
ENSG00000186081.12,1.250836
ENSG00000186082.9,0.0
ENSG00000186086.19,0.0
ENSG00000186088.16,13.665571
ENSG00000186090.11,0.0
ENSG00000186092.7,0.0
ENSG00000186094.18,0.0
ENSG00000186103.5,0.0
ENSG00000186104.11,7.16874
ENSG00000186105.8,0.68113
ENSG00000186106.11,1.17626
ENSG00000186111.11,16.085358
ENSG00000186113.1,0.0
ENSG00000186115.13,0.640156
ENSG00000186118.9,0.0
ENSG00000186119.9,0.0
ENSG00000186124.5,0.0
ENSG00000186130.5,1.422994
ENSG00000186132.15,2.052665
ENSG00000186136.1,0.0
ENSG00000186141.10,15.572892
ENSG00000186143.11,0.0
ENSG00000186146.2,0.0
ENSG00000186148.14,0.0
ENSG00000186150.5,0.0
ENSG00000186152.6,0.0
ENSG00000186153.19,4.431327
ENSG00000186160.5,0.0
ENSG00000186162.13,12.277332
ENSG00000186163.10,0.0
ENSG00000186166.9,28.882496
ENSG00000186174.13,14.329853
ENSG00000186184.20,95.30722399999999
ENSG00000186185.14,0.0
ENSG00000186187.12,5.344757
ENSG00000186188.11,0.195378
ENSG00000186190.8,0.0
ENSG00000186191.9,0.0
ENSG00000186193.9,1.411464
ENSG00000186197.15,0.287785
ENSG00000186198.4,0.0
ENSG00000186204.15,3.406104
ENSG00000186205.14,36.716249
ENSG00000186207.5,0.0
ENSG00000186212.4,0.0
ENSG00000186222.5,10.440753
ENSG00000186226.9,0.0
ENSG00000186230.7,2.991048
ENSG00000186231.17,0.090724
ENSG00000186234.7,0.0
ENSG00000186235.13,0.8638779999999999
ENSG00000186244.7,0.0
ENSG00000186260.17,0.259633
ENSG00000186265.11,1.5527600000000001
ENSG00000186268.4,0.0
ENSG00000186272.13,1.6720449999999998
ENSG00000186280.7,0.333579
ENSG00000186281.13,1.085893
ENSG00000186283.14,25.105562
ENSG00000186288.5,0.0
ENSG00000186297.12,0.0
ENSG00000186298.12,34.671652
ENSG00000186300.12,0.267427
ENSG00000186301.8,0.210988
ENSG00000186306.1,0.0
ENSG00000186310.10,0.542796
ENSG00000186312.11,1.093361
ENSG00000186314.12,0.114104
ENSG00000186318.18,1.582706
ENSG00000186326.4,0.0
ENSG00000186328.4,0.0
ENSG00000186329.9,0.543161
ENSG00000186334.10,0.132168
ENSG00000186335.9,0.0
ENSG00000186340.17,0.0
ENSG00000186350.12,101.36836299999999
ENSG00000186352.9,2.374701
ENSG00000186364.12,4.223985
ENSG00000186367.7,0.103528
ENSG00000186369.12,0.0
ENSG00000186376.16,3.441166
ENSG00000186377.8,0.0
ENSG00000186393.6,0.0
ENSG00000186395.9,4.101436
ENSG00000186399.11,0.0
ENSG00000186407.8,67.413537
ENSG00000186409.19,2.2249980000000003
ENSG00000186416.18,1.17846
ENSG00000186417.15,0.0
ENSG00000186431.19,6.013202
ENSG00000186432.10,12.647635000000001
ENSG00000186439.16,0.0
ENSG00000186440.3,0.0
ENSG00000186442.7,0.0
ENSG00000186446.12,0.305848
ENSG00000186448.15,1.472388
ENSG00000186451.2,0.0
ENSG00000186452.11,0.0
ENSG00000186453.13,0.240298
ENSG00000186458.5,0.0
ENSG00000186462.9,0.188316
ENSG00000186466.5,0.0
ENSG00000186468.13,667.6626550000001
ENSG00000186469.9,50.387016
ENSG00000186470.14,120.357255
ENSG00000186471.13,0.0
ENSG00000186472.20,0.0
ENSG00000186474.16,0.0
ENSG00000186479.5,0.0
ENSG00000186480.13,8.773243
ENSG00000186481.17,0.0
ENSG00000186487.21,0.277579
ENSG00000186493.14,0.0
ENSG00000186496.12,0.512597
ENSG00000186501.15,53.991995
ENSG00000186508.4,0.0
ENSG00000186509.4,0.0
ENSG00000186510.12,0.0
ENSG00000186513.4,0.0
ENSG00000186517.14,247.35088000000002
ENSG00000186522.15,1.5674649999999999
ENSG00000186523.15,0.0
ENSG00000186526.13,0.0
ENSG00000186529.16,53.76886399999999
ENSG00000186532.12,4.686717
ENSG00000186543.7,0.0
ENSG00000186562.8,0.407471
ENSG00000186564.6,0.271509
ENSG00000186566.13,5.666019
ENSG00000186567.14,1.768994
ENSG00000186572.2,0.0
ENSG00000186575.20,5.284367
ENSG00000186577.14,55.487899999999996
ENSG00000186579.3,0.0
ENSG00000186583.12,1.011363
ENSG00000186591.13,20.066143
ENSG00000186594.17,2.972869
ENSG00000186599.8,0.0
ENSG00000186603.7,0.0
ENSG00000186615.13,0.492242
ENSG00000186625.14,7.947703
ENSG00000186628.12,0.036137
ENSG00000186635.16,379.664872
ENSG00000186638.17,0.080287
ENSG00000186642.16,0.21082
ENSG00000186645.11,0.0
ENSG00000186648.15,0.7647269999999999
ENSG00000186652.10,0.717595
ENSG00000186654.22,26.119075000000002
ENSG00000186660.15,8.240024
ENSG00000186665.10,0.914749
ENSG00000186666.6,2.351512
ENSG00000186675.7,0.107069
ENSG00000186676.3,0.0
ENSG00000186678.7,0.0
ENSG00000186684.14,0.105619
ENSG00000186687.16,1.030551
ENSG00000186704.9,0.784862
ENSG00000186710.12,0.0
ENSG00000186714.13,0.0
ENSG00000186715.12,0.0
ENSG00000186716.21,13.922968000000001
ENSG00000186723.4,0.0
ENSG00000186732.14,0.0
ENSG00000186743.2,0.0
ENSG00000186765.12,0.148978
ENSG00000186766.8,0.0
ENSG00000186767.7,0.39763
ENSG00000186777.13,0.0
ENSG00000186787.10,3.694381
ENSG00000186788.14,0.0
ENSG00000186790.6,0.0
ENSG00000186792.17,5.951268
ENSG00000186795.1,0.0
ENSG00000186803.3,0.0
ENSG00000186806.6,0.42129500000000003
ENSG00000186810.8,14.011227
ENSG00000186812.13,6.1828579999999995
ENSG00000186814.15,1.657613
ENSG00000186815.13,14.235716
ENSG00000186818.13,18.145132999999998
ENSG00000186825.7,0.0
ENSG00000186827.12,9.285499
ENSG00000186831.12,0.0
ENSG00000186832.9,0.0
ENSG00000186834.4,10.611968
ENSG00000186838.15,0.0
ENSG00000186844.6,0.0
ENSG00000186847.6,0.0
ENSG00000186854.11,18.411392
ENSG00000186860.5,0.0
ENSG00000186862.20,1.20296
ENSG00000186866.17,8.849043
ENSG00000186867.11,0.0
ENSG00000186868.18,0.0
ENSG00000186871.7,0.05521
ENSG00000186881.3,0.0
ENSG00000186886.8,0.0
ENSG00000186889.10,0.152035
ENSG00000186891.14,9.908714
ENSG00000186895.4,0.0
ENSG00000186897.6,0.0
ENSG00000186907.8,0.218775
ENSG00000186908.15,3.854729
ENSG00000186910.5,0.0
ENSG00000186912.7,0.120344
ENSG00000186918.14,5.092921
ENSG00000186919.13,0.090392
ENSG00000186924.3,0.0
ENSG00000186925.6,0.0
ENSG00000186930.4,0.0
ENSG00000186940.6,0.0
ENSG00000186943.1,0.0
ENSG00000186951.17,2.219524
ENSG00000186952.15,0.0
ENSG00000186960.15,0.0
ENSG00000186965.5,0.0
ENSG00000186967.7,0.0
ENSG00000186970.5,0.0
ENSG00000186971.4,0.0
ENSG00000186973.11,0.0
ENSG00000186976.15,0.0
ENSG00000186977.3,0.0
ENSG00000186980.7,0.0
ENSG00000186994.12,0.942206
ENSG00000186998.16,0.688869
ENSG00000187003.7,0.0
ENSG00000187005.5,0.0
ENSG00000187010.21,2.28273
ENSG00000187012.12,0.0
ENSG00000187013.4,0.0
ENSG00000187017.18,5.158658
ENSG00000187021.15,0.0
ENSG00000187024.15,5.195984
ENSG00000187026.3,0.0
ENSG00000187033.9,0.0
ENSG00000187037.9,9.682948
ENSG00000187045.19,0.227353
ENSG00000187048.14,0.0
ENSG00000187049.11,16.854038
ENSG00000187051.9,88.007693
ENSG00000187054.17,0.0
ENSG00000187066.9,0.0
ENSG00000187068.3,0.0
ENSG00000187079.20,0.0
ENSG00000187080.10,0.0
ENSG00000187082.2,0.0
ENSG00000187091.14,11.397279000000001
ENSG00000187094.12,0.0
ENSG00000187097.13,2.055084
ENSG00000187098.18,0.311382
ENSG00000187103.3,0.0
ENSG00000187105.9,0.0
ENSG00000187109.15,121.670304
ENSG00000187116.14,161.313705
ENSG00000187118.14,11.991216
ENSG00000187122.17,0.228796
ENSG00000187123.15,0.0
ENSG00000187134.14,1.319176
ENSG00000187135.8,0.0
ENSG00000187140.6,0.0
ENSG00000187144.11,0.0
ENSG00000187147.19,57.550633999999995
ENSG00000187151.7,0.0
ENSG00000187164.20,2.765758
ENSG00000187166.1,0.200609
ENSG00000187170.6,0.0
ENSG00000187172.16,0.0
ENSG00000187173.4,0.0
ENSG00000187175.5,0.0
ENSG00000187180.4,0.0
ENSG00000187185.5,0.0
ENSG00000187186.15,0.0
ENSG00000187187.14,1.273108
ENSG00000187189.11,2.438327
ENSG00000187191.16,0.0
ENSG00000187193.9,61.244569999999996
ENSG00000187210.14,1.890034
ENSG00000187223.4,0.0
ENSG00000187229.3,0.0
ENSG00000187231.14,2.681216
ENSG00000187238.5,0.0
ENSG00000187239.19,58.83395
ENSG00000187240.17,1.546179
ENSG00000187242.6,0.0
ENSG00000187243.17,4.136042
ENSG00000187244.12,0.802075
ENSG00000187257.16,8.505278
ENSG00000187258.14,0.0
ENSG00000187260.16,0.0
ENSG00000187266.14,12.826341
ENSG00000187268.12,0.0
ENSG00000187272.7,0.0
ENSG00000187288.12,0.0
ENSG00000187323.13,0.0
ENSG00000187325.5,1.082069
ENSG00000187372.11,0.0
ENSG00000187391.23,0.040569
ENSG00000187398.12,0.0
ENSG00000187416.13,0.0
ENSG00000187446.12,44.837621999999996
ENSG00000187472.4,0.0
ENSG00000187474.5,2.099518
ENSG00000187475.6,0.417783
ENSG00000187479.9,0.0
ENSG00000187481.2,0.0
ENSG00000187483.11,0.0
ENSG00000187486.7,0.0
ENSG00000187492.9,0.36457700000000004
ENSG00000187498.17,0.0
ENSG00000187504.6,0.0
ENSG00000187510.11,0.0
ENSG00000187513.9,0.155546
ENSG00000187514.17,412.349484
ENSG00000187516.7,0.0
ENSG00000187522.16,2.918031
ENSG00000187527.12,0.0
ENSG00000187531.14,79.157101
ENSG00000187533.14,0.0
ENSG00000187534.6,0.0
ENSG00000187535.14,1.567716
ENSG00000187536.4,0.0
ENSG00000187537.13,0.0
ENSG00000187545.5,0.0
ENSG00000187546.14,0.0
ENSG00000187550.9,0.0
ENSG00000187553.10,0.0
ENSG00000187554.15,12.827856
ENSG00000187555.17,30.01238
ENSG00000187556.8,0.0
ENSG00000187559.6,0.0
ENSG00000187566.6,0.543194
ENSG00000187569.3,0.0
ENSG00000187581.3,0.0
ENSG00000187583.11,0.602514
ENSG00000187589.8,0.0
ENSG00000187595.18,0.508232
ENSG00000187600.15,0.0
ENSG00000187601.5,6.240726
ENSG00000187605.17,5.433375
ENSG00000187607.16,2.478045
ENSG00000187608.10,653.086308
ENSG00000187609.16,6.416219
ENSG00000187612.1,0.0
ENSG00000187616.5,0.0
ENSG00000187621.17,1.483183
ENSG00000187624.9,0.404382
ENSG00000187626.9,1.940701
ENSG00000187627.18,1.00711
ENSG00000187630.18,7.3999
ENSG00000187634.13,0.0
ENSG00000187642.10,0.0
ENSG00000187650.4,5.249842
ENSG00000187653.11,0.0
ENSG00000187657.6,0.0
ENSG00000187658.7,0.0
ENSG00000187664.9,0.535609
ENSG00000187672.15,0.0
ENSG00000187676.8,0.386757
ENSG00000187678.10,0.0
ENSG00000187682.2,0.0
ENSG00000187686.5,0.0
ENSG00000187688.15,65.242624
ENSG00000187689.10,0.0
ENSG00000187690.4,0.0
ENSG00000187699.10,5.191945
ENSG00000187701.5,0.0
ENSG00000187713.7,26.148765
ENSG00000187714.7,0.0
ENSG00000187715.13,0.347877
ENSG00000187720.15,0.0
ENSG00000187721.8,0.0
ENSG00000187726.9,0.0
ENSG00000187730.9,0.67399
ENSG00000187733.7,0.0
ENSG00000187735.16,12.013912
ENSG00000187736.14,13.955275
ENSG00000187741.16,62.53474
ENSG00000187742.15,30.392416
ENSG00000187747.2,0.0
ENSG00000187753.13,0.0
ENSG00000187754.9,0.0
ENSG00000187758.8,0.0
ENSG00000187762.5,0.0
ENSG00000187763.3,0.0
ENSG00000187764.12,185.240115
ENSG00000187766.1,0.0
ENSG00000187772.8,0.0
ENSG00000187773.9,0.0
ENSG00000187775.17,0.072238
ENSG00000187778.14,81.498614
ENSG00000187783.12,0.0
ENSG00000187790.12,0.5250090000000001
ENSG00000187791.13,0.0
ENSG00000187792.5,0.559969
ENSG00000187796.16,25.542828
ENSG00000187800.14,1.252101
ENSG00000187801.15,0.603074
ENSG00000187806.9,0.0
ENSG00000187808.5,20.346742
ENSG00000187812.13,0.0
ENSG00000187815.10,1.118655
ENSG00000187821.9,0.0
ENSG00000187823.4,0.0
ENSG00000187824.9,1.400438
ENSG00000187833.8,0.0
ENSG00000187837.5,80.289598
ENSG00000187838.17,71.289657
ENSG00000187840.5,81.379256
ENSG00000187847.5,0.0
ENSG00000187848.15,0.0
ENSG00000187855.6,0.0
ENSG00000187857.5,0.0
ENSG00000187860.11,2.9570089999999998
ENSG00000187862.13,0.515776
ENSG00000187866.10,3.516724
ENSG00000187867.10,0.0
ENSG00000187870.7,0.0
ENSG00000187871.2,0.0
ENSG00000187889.13,0.0
ENSG00000187893.11,0.0
ENSG00000187900.4,0.0
ENSG00000187902.13,0.070811
ENSG00000187904.3,0.556905
ENSG00000187905.11,0.0
ENSG00000187908.20,0.0
ENSG00000187912.12,1.942284
ENSG00000187918.6,0.0
ENSG00000187922.14,1.068409
ENSG00000187942.12,0.058126
ENSG00000187944.5,0.0
ENSG00000187950.9,0.0
ENSG00000187951.11,0.229032
ENSG00000187952.9,0.0
ENSG00000187953.11,0.0
ENSG00000187954.14,37.938102
ENSG00000187955.13,0.0
ENSG00000187957.8,0.0
ENSG00000187959.9,0.0
ENSG00000187961.15,8.009738
ENSG00000187969.6,0.0
ENSG00000187979.5,0.0
ENSG00000187980.7,0.853579
ENSG00000187984.14,0.0
ENSG00000187987.10,0.0
ENSG00000187988.5,0.0
ENSG00000187994.14,20.644389
ENSG00000187997.12,0.301458
ENSG00000187999.4,0.0
ENSG00000188000.6,0.074966
ENSG00000188001.10,2.486851
ENSG00000188002.13,0.0
ENSG00000188004.11,0.0
ENSG00000188010.16,0.830882
ENSG00000188011.5,0.276691
ENSG00000188013.7,0.0
ENSG00000188015.10,0.0
ENSG00000188021.9,14.723386
ENSG00000188026.13,4.1929050000000005
ENSG00000188029.9,0.0
ENSG00000188032.10,0.0
ENSG00000188033.10,1.201697
ENSG00000188037.14,0.0
ENSG00000188038.8,1.7727540000000002
ENSG00000188039.17,0.032823
ENSG00000188042.8,23.342914
ENSG00000188050.3,0.0
ENSG00000188051.7,0.0
ENSG00000188056.12,0.0
ENSG00000188060.8,0.252873
ENSG00000188064.10,0.413705
ENSG00000188070.9,0.362142
ENSG00000188076.3,0.0
ENSG00000188078.5,0.0
ENSG00000188086.16,0.0
ENSG00000188089.14,0.0
ENSG00000188092.15,6.417730000000001
ENSG00000188095.6,0.974745
ENSG00000188100.9,0.0
ENSG00000188101.5,0.0
ENSG00000188107.15,0.422546
ENSG00000188112.10,1.9262
ENSG00000188120.16,0.0
ENSG00000188124.4,0.0
ENSG00000188130.14,0.882592
ENSG00000188133.6,0.0
ENSG00000188152.13,0.0
ENSG00000188153.14,0.0
ENSG00000188155.11,0.0
ENSG00000188157.16,1.623769
ENSG00000188158.17,0.808678
ENSG00000188162.12,0.0
ENSG00000188163.8,0.0
ENSG00000188167.9,1.159458
ENSG00000188171.17,1.1064349999999998
ENSG00000188175.10,0.39763
ENSG00000188176.12,0.0
ENSG00000188177.15,0.839783
ENSG00000188185.14,8.360527
ENSG00000188186.11,695.881854
ENSG00000188191.16,5.721453
ENSG00000188199.11,0.486907
ENSG00000188211.9,0.144499
ENSG00000188215.10,1.720162
ENSG00000188219.16,0.0
ENSG00000188223.9,0.0
ENSG00000188227.14,0.351846
ENSG00000188229.6,104.18158100000001
ENSG00000188234.15,5.298155
ENSG00000188242.4,1.257913
ENSG00000188243.14,12.382949
ENSG00000188257.12,0.0
ENSG00000188263.11,0.0
ENSG00000188266.14,0.339339
ENSG00000188269.10,0.0
ENSG00000188277.10,0.195149
ENSG00000188280.12,0.0
ENSG00000188282.13,3.982075
ENSG00000188283.12,1.1125
ENSG00000188290.11,4.7159949999999995
ENSG00000188293.6,0.0
ENSG00000188295.15,1.614945
ENSG00000188305.6,26.075819
ENSG00000188306.7,0.0
ENSG00000188312.15,0.192066
ENSG00000188313.13,133.84797600000002
ENSG00000188314.3,0.0
ENSG00000188315.8,27.70956
ENSG00000188316.16,0.0
ENSG00000188321.14,5.617824000000001
ENSG00000188322.8,4.590158
ENSG00000188324.4,0.0
ENSG00000188334.3,0.0
ENSG00000188338.15,0.0
ENSG00000188340.3,0.13624
ENSG00000188342.13,4.233739
ENSG00000188343.14,0.253884
ENSG00000188352.13,3.2349229999999998
ENSG00000188365.4,0.0
ENSG00000188368.11,0.743117
ENSG00000188372.15,23.193169
ENSG00000188373.5,0.0
ENSG00000188375.5,0.0
ENSG00000188379.7,0.0
ENSG00000188383.8,0.0
ENSG00000188385.13,1.047462
ENSG00000188386.8,0.0
ENSG00000188388.10,0.0
ENSG00000188389.12,3.062341
ENSG00000188393.9,0.0
ENSG00000188394.8,0.0
ENSG00000188396.4,0.0
ENSG00000188399.5,0.0
ENSG00000188403.7,0.0
ENSG00000188404.10,1623.559536
ENSG00000188408.5,0.0
ENSG00000188419.14,0.8128329999999999
ENSG00000188425.4,0.0
ENSG00000188428.20,3.513873
ENSG00000188438.4,0.0
ENSG00000188439.3,0.0
ENSG00000188451.8,0.0
ENSG00000188452.15,0.0
ENSG00000188459.4,0.0
ENSG00000188460.4,0.0
ENSG00000188467.11,0.0
ENSG00000188483.8,2.648233
ENSG00000188486.4,15.941722
ENSG00000188487.12,1.557009
ENSG00000188488.14,0.0
ENSG00000188493.15,8.701275
ENSG00000188501.12,0.0
ENSG00000188505.5,0.0
ENSG00000188508.11,0.0
ENSG00000188511.15,5.871697
ENSG00000188512.6,0.0
ENSG00000188517.17,0.0
ENSG00000188522.16,1.93756
ENSG00000188523.9,0.0
ENSG00000188529.15,15.890012
ENSG00000188536.13,3553.5967180000002
ENSG00000188542.10,4.161766
ENSG00000188549.13,2.123287
ENSG00000188554.15,38.797571999999995
ENSG00000188558.7,0.039355
ENSG00000188559.16,8.322381
ENSG00000188566.15,18.001553
ENSG00000188573.8,0.390642
ENSG00000188580.16,0.0
ENSG00000188581.9,0.0
ENSG00000188582.10,0.0
ENSG00000188585.10,0.0
ENSG00000188596.11,1.14634
ENSG00000188599.18,5.172075
ENSG00000188603.22,88.46088
ENSG00000188610.12,0.512053
ENSG00000188611.17,0.186668
ENSG00000188612.12,144.36061899999999
ENSG00000188613.7,0.0
ENSG00000188620.11,0.0
ENSG00000188624.3,0.0
ENSG00000188626.7,0.597224
ENSG00000188629.14,0.676431
ENSG00000188636.4,2.594
ENSG00000188641.14,28.802698
ENSG00000188643.11,0.0
ENSG00000188646.6,0.0
ENSG00000188647.13,3.108937
ENSG00000188649.16,0.379154
ENSG00000188655.11,0.0
ENSG00000188656.8,0.0
ENSG00000188659.10,0.0
ENSG00000188660.6,0.0
ENSG00000188662.9,0.0
ENSG00000188668.4,0.0
ENSG00000188672.19,1.450672
ENSG00000188674.11,0.0
ENSG00000188676.15,0.302413
ENSG00000188677.15,23.084045
ENSG00000188681.14,0.19846
ENSG00000188687.18,1.9973210000000001
ENSG00000188690.16,25.224103
ENSG00000188691.6,0.0
ENSG00000188693.9,0.0
ENSG00000188694.6,0.0
ENSG00000188706.13,0.812692
ENSG00000188707.8,0.0
ENSG00000188710.3,0.608556
ENSG00000188712.4,0.0
ENSG00000188716.6,0.0
ENSG00000188725.8,6.3949050000000005
ENSG00000188729.7,0.0
ENSG00000188730.5,0.0
ENSG00000188732.11,0.170814
ENSG00000188735.13,0.643775
ENSG00000188738.16,0.262253
ENSG00000188739.15,13.864258
ENSG00000188747.9,3.775278
ENSG00000188755.11,0.0
ENSG00000188760.11,0.109983
ENSG00000188761.13,0.196947
ENSG00000188763.5,0.103336
ENSG00000188765.7,0.0
ENSG00000188766.13,0.096936
ENSG00000188770.11,0.0
ENSG00000188771.5,0.0
ENSG00000188778.6,0.0
ENSG00000188779.12,0.092039
ENSG00000188782.9,0.0
ENSG00000188783.6,0.0
ENSG00000188784.4,0.0
ENSG00000188785.13,4.922890000000001
ENSG00000188786.10,5.871698
ENSG00000188800.6,0.0
ENSG00000188801.9,0.0
ENSG00000188803.15,0.0
ENSG00000188807.13,1.4671180000000001
ENSG00000188811.14,3.3319769999999997
ENSG00000188816.4,0.0
ENSG00000188817.8,0.160836
ENSG00000188818.13,0.409454
ENSG00000188820.14,52.531536
ENSG00000188822.8,2.40984
ENSG00000188825.17,6.705377
ENSG00000188827.12,2.62159
ENSG00000188828.14,0.0
ENSG00000188831.5,0.0
ENSG00000188833.10,0.0
ENSG00000188846.14,876.3042100000001
ENSG00000188848.17,0.026351
ENSG00000188850.10,0.0
ENSG00000188856.6,0.0
ENSG00000188859.7,0.0
ENSG00000188868.14,1.901503
ENSG00000188869.13,0.0
ENSG00000188873.4,0.0
ENSG00000188877.12,0.0
ENSG00000188878.20,3.422448
ENSG00000188883.5,0.0
ENSG00000188886.4,0.504712
ENSG00000188895.12,142.72719899999998
ENSG00000188897.10,40.376938
ENSG00000188906.17,61.094734
ENSG00000188909.5,0.0
ENSG00000188910.8,0.0
ENSG00000188916.9,0.053651
ENSG00000188917.15,7.596767
ENSG00000188921.14,8.29421
ENSG00000188931.4,0.381897
ENSG00000188933.17,0.0
ENSG00000188937.7,0.0
ENSG00000188938.17,18.474283
ENSG00000188958.10,0.0
ENSG00000188959.10,0.0
ENSG00000188976.11,30.224169
ENSG00000188981.11,0.0
ENSG00000188984.12,0.0
ENSG00000188985.6,0.0
ENSG00000188986.9,30.216028
ENSG00000188991.3,0.0
ENSG00000188992.12,0.0
ENSG00000188993.4,0.0
ENSG00000188994.14,0.9780580000000001
ENSG00000188996.5,0.22915
ENSG00000188997.8,8.649232
ENSG00000189001.11,0.0
ENSG00000189002.10,0.0
ENSG00000189007.16,0.771278
ENSG00000189013.16,1.829243
ENSG00000189014.7,0.0
ENSG00000189023.11,0.0
ENSG00000189030.10,0.0
ENSG00000189037.8,0.0
ENSG00000189042.14,0.981433
ENSG00000189043.10,11.590659
ENSG00000189045.15,0.548151
ENSG00000189046.11,5.308581
ENSG00000189050.16,4.556544
ENSG00000189051.6,0.0
ENSG00000189052.7,0.0
ENSG00000189056.15,0.0
ENSG00000189057.11,0.102337
ENSG00000189058.9,0.0
ENSG00000189060.6,10.053196
ENSG00000189064.9,0.0
ENSG00000189067.15,771.963495
ENSG00000189068.11,0.0
ENSG00000189077.11,154.362115
ENSG00000189079.18,2.374364
ENSG00000189089.5,0.0
ENSG00000189090.8,0.0
ENSG00000189091.13,64.82630900000001
ENSG00000189099.12,0.0
ENSG00000189108.14,0.0
ENSG00000189114.8,20.581605999999997
ENSG00000189120.5,0.0
ENSG00000189127.8,0.37695
ENSG00000189129.14,0.0
ENSG00000189132.6,0.0
ENSG00000189134.4,0.151208
ENSG00000189136.10,0.0
ENSG00000189139.6,0.0
ENSG00000189143.10,0.0
ENSG00000189144.15,0.24399
ENSG00000189145.7,0.0
ENSG00000189149.13,0.0
ENSG00000189152.12,0.784051
ENSG00000189157.14,0.0
ENSG00000189159.16,392.653825
ENSG00000189164.15,0.475379
ENSG00000189166.6,0.0
ENSG00000189167.12,0.0
ENSG00000189169.8,0.0
ENSG00000189171.16,6.317825
ENSG00000189180.16,11.608767
ENSG00000189181.6,0.0
ENSG00000189182.10,0.0
ENSG00000189184.12,0.050141
ENSG00000189186.11,0.0
ENSG00000189190.11,2.319104
ENSG00000189195.15,0.217917
ENSG00000189196.4,0.0
ENSG00000189212.15,0.0
ENSG00000189221.11,0.0
ENSG00000189223.16,7.594233
ENSG00000189227.6,0.333329
ENSG00000189229.13,0.0
ENSG00000189233.12,0.179251
ENSG00000189238.7,0.321904
ENSG00000189241.8,9.508343
ENSG00000189252.4,0.0
ENSG00000189253.8,0.456417
ENSG00000189266.13,20.635978
ENSG00000189269.13,1.117491
ENSG00000189275.7,0.0
ENSG00000189280.3,0.0
ENSG00000189283.11,8.242652
ENSG00000189292.17,0.0
ENSG00000189295.13,0.0
ENSG00000189298.14,1.804704
ENSG00000189299.7,0.0
ENSG00000189306.12,42.556108
ENSG00000189308.11,0.947078
ENSG00000189316.4,0.22658
ENSG00000189319.14,30.064402
ENSG00000189320.9,0.0
ENSG00000189325.7,0.250945
ENSG00000189326.5,0.0
ENSG00000189332.6,0.0
ENSG00000189334.9,0.0
ENSG00000189337.17,3.3368539999999998
ENSG00000189339.12,33.096612
ENSG00000189343.7,0.0
ENSG00000189348.7,0.0
ENSG00000189350.13,2.96123
ENSG00000189357.9,0.0
ENSG00000189362.12,0.817734
ENSG00000189366.13,0.0
ENSG00000189367.15,0.069591
ENSG00000189369.9,3.335408
ENSG00000189372.4,0.0
ENSG00000189375.12,0.0
ENSG00000189376.12,8.278158
ENSG00000189377.9,0.0
ENSG00000189398.5,0.0
ENSG00000189401.3,0.0
ENSG00000189403.15,53.080539
ENSG00000189409.14,2.712011
ENSG00000189410.12,0.0
ENSG00000189419.9,0.30492600000000003
ENSG00000189420.9,0.608384
ENSG00000189423.14,0.734778
ENSG00000189430.13,0.0
ENSG00000189431.8,0.0
ENSG00000189433.7,0.0
ENSG00000194297.2,0.0
ENSG00000194717.4,0.0
ENSG00000195024.2,0.0
ENSG00000195401.2,0.0
ENSG00000196071.6,0.0
ENSG00000196072.12,4.304461
ENSG00000196074.13,1.110552
ENSG00000196081.10,0.0
ENSG00000196083.11,10.53023
ENSG00000196085.5,0.0
ENSG00000196090.14,0.0
ENSG00000196091.15,0.0
ENSG00000196092.14,0.8624
ENSG00000196096.4,0.144805
ENSG00000196098.2,0.0
ENSG00000196099.5,0.0
ENSG00000196101.10,3.019826
ENSG00000196104.11,0.0
ENSG00000196109.9,0.0
ENSG00000196110.8,0.609343
ENSG00000196114.3,0.0
ENSG00000196115.14,0.0
ENSG00000196116.8,11.253842
ENSG00000196118.12,7.754932
ENSG00000196119.8,0.040289
ENSG00000196123.13,3.313084
ENSG00000196126.12,1057.610924
ENSG00000196131.6,0.0
ENSG00000196132.14,0.0
ENSG00000196136.18,0.0
ENSG00000196139.14,7.72959
ENSG00000196141.14,7.09021
ENSG00000196143.4,0.0
ENSG00000196150.14,2.587233
ENSG00000196151.11,2.333957
ENSG00000196152.11,4.807847
ENSG00000196154.12,3933.2526230000003
ENSG00000196155.13,1.668496
ENSG00000196156.5,0.0
ENSG00000196159.14,0.018822
ENSG00000196166.6,0.0
ENSG00000196167.11,0.084344
ENSG00000196169.15,0.258685
ENSG00000196171.3,0.0
ENSG00000196172.9,0.493553
ENSG00000196177.13,1.968814
ENSG00000196182.11,158.099029
ENSG00000196183.5,0.0
ENSG00000196184.10,0.0
ENSG00000196187.12,60.228265
ENSG00000196188.12,1.110125
ENSG00000196189.14,112.010979
ENSG00000196196.3,0.0
ENSG00000196199.14,29.723798000000002
ENSG00000196204.13,8.219567
ENSG00000196205.8,2.349176
ENSG00000196208.14,0.130647
ENSG00000196209.13,159.995928
ENSG00000196214.11,3.787568
ENSG00000196218.15,0.149428
ENSG00000196220.17,0.178207
ENSG00000196224.7,0.0
ENSG00000196227.11,2.989942
ENSG00000196228.5,0.0
ENSG00000196230.14,113.596037
ENSG00000196231.7,0.0
ENSG00000196233.14,2.2789099999999998
ENSG00000196235.14,68.462513
ENSG00000196236.13,4.433102
ENSG00000196240.6,0.0
ENSG00000196242.10,0.0
ENSG00000196243.5,0.0
ENSG00000196247.13,16.779638000000002
ENSG00000196248.6,0.0
ENSG00000196260.5,0.0
ENSG00000196262.15,679.624029
ENSG00000196263.8,0.274559
ENSG00000196266.6,0.0
ENSG00000196267.14,5.406788
ENSG00000196268.12,1.958291
ENSG00000196273.9,0.0
ENSG00000196274.5,1.548811
ENSG00000196275.16,6.353405
ENSG00000196277.17,0.0
ENSG00000196284.18,1.540504
ENSG00000196289.7,0.0
ENSG00000196290.17,11.885026
ENSG00000196295.14,92.185858
ENSG00000196296.14,1.302588
ENSG00000196299.10,0.0
ENSG00000196301.3,0.0
ENSG00000196302.5,0.0
ENSG00000196305.19,10.513292
ENSG00000196312.16,0.0
ENSG00000196313.13,13.407902
ENSG00000196323.14,8.637173
ENSG00000196329.12,120.787344
ENSG00000196335.13,0.0
ENSG00000196337.14,0.126508
ENSG00000196338.15,4.333368
ENSG00000196341.3,0.0
ENSG00000196344.12,0.0
ENSG00000196345.13,0.640733
ENSG00000196350.9,0.0
ENSG00000196352.18,203.96639000000002
ENSG00000196353.13,0.0
ENSG00000196357.12,0.691584
ENSG00000196358.12,17.418638
ENSG00000196361.10,0.0
ENSG00000196363.10,9.666523999999999
ENSG00000196364.11,0.0
ENSG00000196365.12,17.768386999999997
ENSG00000196366.3,0.0
ENSG00000196367.15,8.520557
ENSG00000196368.5,0.203084
ENSG00000196369.12,2.79566
ENSG00000196371.4,1.806704
ENSG00000196372.13,7.943505
ENSG00000196376.11,0.0
ENSG00000196378.14,2.933738
ENSG00000196381.13,0.0
ENSG00000196383.7,0.0
ENSG00000196387.10,2.850428
ENSG00000196388.9,0.432022
ENSG00000196390.6,0.0
ENSG00000196391.11,0.0
ENSG00000196395.7,0.0
ENSG00000196396.10,27.992897
ENSG00000196403.4,0.0
ENSG00000196405.13,265.493824
ENSG00000196406.4,0.0
ENSG00000196407.12,1.376318
ENSG00000196408.12,0.0
ENSG00000196411.10,16.700286
ENSG00000196415.10,2.236729
ENSG00000196417.13,2.299684
ENSG00000196418.13,1.5282019999999998
ENSG00000196419.13,172.34399
ENSG00000196420.8,0.0
ENSG00000196421.9,2.933494
ENSG00000196422.11,1.165523
ENSG00000196427.14,0.0
ENSG00000196428.13,4.090142999999999
ENSG00000196431.4,0.0
ENSG00000196433.13,0.496705
ENSG00000196436.9,1.848911
ENSG00000196437.12,0.734772
ENSG00000196440.12,0.397784
ENSG00000196449.4,6.118599
ENSG00000196453.8,4.552052
ENSG00000196455.8,8.205162999999999
ENSG00000196456.13,1.611467
ENSG00000196458.11,1.1099240000000001
ENSG00000196459.15,5.848916000000001
ENSG00000196460.14,0.0
ENSG00000196465.11,9.601461
ENSG00000196466.10,0.929735
ENSG00000196468.8,0.0
ENSG00000196470.12,3.013113
ENSG00000196472.4,0.0
ENSG00000196475.6,0.0
ENSG00000196476.12,1.1952479999999999
ENSG00000196482.18,0.0
ENSG00000196497.17,10.40873
ENSG00000196498.15,30.832262
ENSG00000196502.15,219.20222
ENSG00000196503.5,0.0
ENSG00000196504.21,12.708981999999999
ENSG00000196505.11,6.176274
ENSG00000196507.11,2.146435
ENSG00000196510.14,25.033072999999998
ENSG00000196511.15,6.509982
ENSG00000196517.13,0.531577
ENSG00000196526.11,0.441272
ENSG00000196531.14,1220.989271
ENSG00000196534.6,0.0
ENSG00000196535.20,37.655134000000004
ENSG00000196539.3,0.0
ENSG00000196542.9,0.144147
ENSG00000196544.8,26.229596
ENSG00000196547.16,107.799071
ENSG00000196549.13,69.92664099999999
ENSG00000196550.11,3.567672
ENSG00000196553.15,0.0
ENSG00000196557.14,0.777476
ENSG00000196562.16,109.65283699999999
ENSG00000196564.4,0.402648
ENSG00000196565.15,715.627439
ENSG00000196566.3,0.402598
ENSG00000196569.14,0.051449
ENSG00000196570.3,0.0
ENSG00000196576.16,70.497959
ENSG00000196578.4,0.0
ENSG00000196581.11,0.018685
ENSG00000196584.4,0.332158
ENSG00000196586.17,0.215815
ENSG00000196588.21,58.614951000000005
ENSG00000196589.8,0.0
ENSG00000196591.12,18.647774
ENSG00000196593.10,0.0
ENSG00000196597.13,1.141483
ENSG00000196600.13,0.083353
ENSG00000196604.13,0.0
ENSG00000196605.7,3.098153
ENSG00000196611.6,0.0
ENSG00000196616.15,0.0
ENSG00000196620.10,0.0
ENSG00000196628.20,1.017178
ENSG00000196632.12,0.0
ENSG00000196634.3,0.0
ENSG00000196636.8,3.217095
ENSG00000196639.7,0.0
ENSG00000196642.19,37.032587
ENSG00000196646.12,3.304754
ENSG00000196652.12,3.5970060000000004
ENSG00000196653.12,0.300169
ENSG00000196655.12,32.192357
ENSG00000196656.8,605.520003
ENSG00000196659.10,0.668975
ENSG00000196660.12,0.0
ENSG00000196663.16,31.716269
ENSG00000196664.5,6.573177
ENSG00000196666.6,0.0
ENSG00000196668.5,18.834266
ENSG00000196670.14,2.4700170000000004
ENSG00000196678.14,0.402915
ENSG00000196683.12,77.92013299999999
ENSG00000196684.12,289.667686
ENSG00000196689.13,1.262855
ENSG00000196693.15,9.229037
ENSG00000196696.14,4.257362
ENSG00000196700.9,2.879728
ENSG00000196704.14,34.584834
ENSG00000196705.8,2.3948590000000003
ENSG00000196711.9,0.0
ENSG00000196712.20,5.475048
ENSG00000196715.7,2.182909
ENSG00000196724.13,2.145613
ENSG00000196730.13,13.021541
ENSG00000196734.9,0.0
ENSG00000196735.13,219.782836
ENSG00000196739.15,0.5956
ENSG00000196741.5,0.850002
ENSG00000196743.9,40.949467999999996
ENSG00000196747.5,0.0
ENSG00000196748.10,0.0
ENSG00000196754.13,0.0
ENSG00000196756.16,28.77204
ENSG00000196757.8,6.867504
ENSG00000196758.3,0.0
ENSG00000196767.9,0.0
ENSG00000196772.5,0.0
ENSG00000196776.17,39.895775
ENSG00000196778.4,0.633382
ENSG00000196781.16,1.70895
ENSG00000196782.13,5.369721
ENSG00000196787.5,0.972069
ENSG00000196792.12,1.706187
ENSG00000196793.14,0.389501
ENSG00000196796.5,0.0
ENSG00000196800.7,0.0
ENSG00000196805.8,0.0
ENSG00000196810.6,2.162967
ENSG00000196811.13,0.0
ENSG00000196812.6,9.201827
ENSG00000196814.15,3.253271
ENSG00000196821.10,36.41413
ENSG00000196826.7,0.0
ENSG00000196832.5,0.52856
ENSG00000196834.14,0.0
ENSG00000196839.14,27.832076999999998
ENSG00000196843.18,83.574159
ENSG00000196844.9,0.0
ENSG00000196850.6,6.71322
ENSG00000196859.8,0.0
ENSG00000196860.8,0.0
ENSG00000196862.10,0.0
ENSG00000196865.4,0.880175
ENSG00000196866.3,0.0
ENSG00000196867.8,0.9767710000000001
ENSG00000196872.12,1.02687
ENSG00000196873.16,5.84913
ENSG00000196876.19,0.019774
ENSG00000196878.15,0.297238
ENSG00000196890.5,0.0
ENSG00000196893.3,0.0
ENSG00000196900.5,0.0
ENSG00000196911.12,0.3149
ENSG00000196912.13,0.852802
ENSG00000196914.9,1.3614639999999998
ENSG00000196917.6,0.0
ENSG00000196922.13,0.0
ENSG00000196923.14,256.825223
ENSG00000196924.19,534.8181549999999
ENSG00000196932.12,0.0
ENSG00000196933.5,0.0
ENSG00000196935.10,0.046385
ENSG00000196937.12,1.3751
ENSG00000196943.14,6.496858
ENSG00000196944.5,0.0
ENSG00000196946.11,0.0
ENSG00000196950.14,3.055192
ENSG00000196951.14,0.122196
ENSG00000196954.14,273.802408
ENSG00000196961.13,85.62518299999999
ENSG00000196967.11,4.058557
ENSG00000196968.11,7.248523
ENSG00000196970.9,0.0
ENSG00000196972.9,0.0
ENSG00000196975.16,41.167018
ENSG00000196976.8,21.223461
ENSG00000196979.1,0.0
ENSG00000196981.4,1.436157
ENSG00000196990.10,0.0
ENSG00000196993.9,0.307016
ENSG00000196998.19,133.71859
ENSG00000197006.15,44.795677
ENSG00000197008.10,1.077052
ENSG00000197013.11,2.110159
ENSG00000197016.12,0.40224099999999996
ENSG00000197019.5,17.034823
ENSG00000197020.12,0.81438
ENSG00000197021.9,16.602649
ENSG00000197023.6,0.0
ENSG00000197024.9,3.556399
ENSG00000197037.11,4.1740200000000005
ENSG00000197038.6,0.0
ENSG00000197043.15,193.67048499999999
ENSG00000197044.11,0.417815
ENSG00000197045.14,2.113459
ENSG00000197046.12,0.4654
ENSG00000197050.11,0.644836
ENSG00000197054.12,2.121371
ENSG00000197056.12,0.934664
ENSG00000197057.10,0.349544
ENSG00000197061.5,0.0
ENSG00000197062.12,4.279663
ENSG00000197063.11,8.625666
ENSG00000197067.7,0.0
ENSG00000197070.14,111.429808
ENSG00000197077.14,0.32297
ENSG00000197079.9,0.0
ENSG00000197081.16,156.074995
ENSG00000197083.14,0.0
ENSG00000197084.6,0.0
ENSG00000197085.12,0.0
ENSG00000197092.5,0.0
ENSG00000197093.11,4.703108
ENSG00000197099.9,1.574637
ENSG00000197102.14,45.861844000000005
ENSG00000197106.7,0.0
ENSG00000197110.10,0.0
ENSG00000197111.16,620.668819
ENSG00000197114.12,31.409491
ENSG00000197119.13,33.358142
ENSG00000197121.15,0.381145
ENSG00000197122.13,30.645135
ENSG00000197123.9,0.0
ENSG00000197124.12,0.3107
ENSG00000197125.3,0.0
ENSG00000197128.13,0.46568
ENSG00000197134.13,0.065452
ENSG00000197136.5,34.252871999999996
ENSG00000197140.15,0.066559
ENSG00000197142.11,25.512062
ENSG00000197147.15,0.624702
ENSG00000197149.5,0.0
ENSG00000197150.13,20.105266999999998
ENSG00000197153.5,0.0
ENSG00000197157.11,53.362497000000005
ENSG00000197161.7,0.0
ENSG00000197162.10,4.102199
ENSG00000197165.11,3.0207949999999997
ENSG00000197168.14,0.0
ENSG00000197170.10,9.424838000000001
ENSG00000197171.7,0.0
ENSG00000197172.11,0.0
ENSG00000197176.8,0.0
ENSG00000197177.16,0.0
ENSG00000197180.5,5.567798
ENSG00000197181.12,0.422175
ENSG00000197182.17,11.662245
ENSG00000197183.15,12.198935
ENSG00000197185.7,0.0
ENSG00000197191.7,0.0
ENSG00000197208.6,15.085441
ENSG00000197210.8,0.0
ENSG00000197213.11,0.0
ENSG00000197214.5,0.0
ENSG00000197217.13,19.824191999999996
ENSG00000197223.12,9.966975999999999
ENSG00000197226.13,50.052212000000004
ENSG00000197233.7,0.0
ENSG00000197238.5,6.657888
ENSG00000197241.4,0.0
ENSG00000197245.6,0.0
ENSG00000197249.14,2955.686448
ENSG00000197251.5,0.116071
ENSG00000197253.14,1.077414
ENSG00000197254.4,0.0
ENSG00000197256.11,0.620542
ENSG00000197258.5,0.0
ENSG00000197261.12,0.148183
ENSG00000197265.9,11.006549
ENSG00000197272.2,4.435072
ENSG00000197273.4,0.0
ENSG00000197275.14,0.154251
ENSG00000197279.5,0.252299
ENSG00000197283.18,4.0238309999999995
ENSG00000197291.10,0.562722
ENSG00000197296.6,0.904239
ENSG00000197299.13,0.89255
ENSG00000197301.7,0.398319
ENSG00000197302.11,1.7177440000000002
ENSG00000197308.10,0.5861270000000001
ENSG00000197309.5,0.0
ENSG00000197312.13,1.50664
ENSG00000197320.5,0.0
ENSG00000197321.16,18.277726
ENSG00000197322.5,0.0
ENSG00000197323.12,7.806585999999999
ENSG00000197324.9,377.160164
ENSG00000197329.12,21.785009
ENSG00000197332.10,0.0
ENSG00000197334.2,0.0
ENSG00000197343.11,40.210718
ENSG00000197345.13,20.67755
ENSG00000197353.4,13.332354
ENSG00000197355.11,6.891593
ENSG00000197358.10,0.0
ENSG00000197360.9,0.0
ENSG00000197361.8,0.0
ENSG00000197362.15,2.725944
ENSG00000197363.11,2.0471820000000003
ENSG00000197364.8,0.0
ENSG00000197372.10,1.120686
ENSG00000197375.14,1.19565
ENSG00000197376.4,0.0
ENSG00000197380.11,0.095234
ENSG00000197381.18,3.3905469999999998
ENSG00000197385.6,0.0
ENSG00000197386.14,8.681084
ENSG00000197403.5,12.618773000000001
ENSG00000197405.8,430.434173
ENSG00000197406.8,0.0
ENSG00000197408.10,0.0
ENSG00000197409.9,2.119826
ENSG00000197410.14,0.0
ENSG00000197415.12,0.469441
ENSG00000197416.5,0.0
ENSG00000197417.9,2.039895
ENSG00000197421.11,0.0
ENSG00000197428.3,0.0
ENSG00000197429.11,0.750432
ENSG00000197430.11,0.0
ENSG00000197437.5,0.0
ENSG00000197442.11,12.719664
ENSG00000197444.10,0.0
ENSG00000197446.9,0.0
ENSG00000197448.14,563.553034
ENSG00000197451.12,29.321828999999997
ENSG00000197454.2,0.0
ENSG00000197457.10,31.243235
ENSG00000197461.13,0.610167
ENSG00000197462.4,0.0
ENSG00000197465.14,0.15522
ENSG00000197467.17,0.551386
ENSG00000197468.5,0.0
ENSG00000197471.12,50.971063
ENSG00000197472.15,0.0
ENSG00000197475.12,0.0
ENSG00000197476.3,0.0
ENSG00000197479.7,0.0
ENSG00000197483.11,1.846891
ENSG00000197487.9,0.0
ENSG00000197496.6,0.0
ENSG00000197497.11,0.289509
ENSG00000197498.13,2.54689
ENSG00000197503.5,0.0
ENSG00000197506.8,0.139796
ENSG00000197520.11,0.14968
ENSG00000197530.13,19.86459
ENSG00000197532.3,0.063029
ENSG00000197535.16,13.191433
ENSG00000197536.12,43.756749
ENSG00000197540.8,48.702722
ENSG00000197548.13,41.071352
ENSG00000197549.10,0.0
ENSG00000197550.3,0.0
ENSG00000197555.10,58.988012
ENSG00000197557.7,0.125875
ENSG00000197558.14,0.211706
ENSG00000197561.7,5.533597
ENSG00000197562.10,21.336713
ENSG00000197563.11,3.701052
ENSG00000197565.17,0.0
ENSG00000197566.10,0.346403
ENSG00000197568.16,3.90479
ENSG00000197575.6,0.0
ENSG00000197576.15,0.0
ENSG00000197579.8,6.413947
ENSG00000197580.13,0.636404
ENSG00000197582.5,1.657843
ENSG00000197584.13,0.0
ENSG00000197585.10,0.0
ENSG00000197586.13,32.086338
ENSG00000197587.12,0.0
ENSG00000197588.10,0.0
ENSG00000197591.3,0.0
ENSG00000197594.14,0.0
ENSG00000197595.4,0.0
ENSG00000197599.13,2.153784
ENSG00000197601.15,6.093643999999999
ENSG00000197603.16,0.622178
ENSG00000197608.12,2.442533
ENSG00000197614.11,0.315886
ENSG00000197616.13,0.0
ENSG00000197617.9,0.0
ENSG00000197619.15,0.518795
ENSG00000197620.11,16.715166
ENSG00000197622.13,386.834557
ENSG00000197627.3,0.0
ENSG00000197629.6,185.885649
ENSG00000197632.9,2.941275
ENSG00000197635.11,5.238138
ENSG00000197641.12,0.0
ENSG00000197644.2,0.0
ENSG00000197646.8,1.190759
ENSG00000197647.13,0.106914
ENSG00000197651.4,0.0
ENSG00000197653.16,0.420151
ENSG00000197658.9,0.0
ENSG00000197665.8,0.0
ENSG00000197670.6,0.0
ENSG00000197674.8,0.0
ENSG00000197683.5,0.0
ENSG00000197692.5,0.0
ENSG00000197694.19,60.276001
ENSG00000197696.10,2.089277
ENSG00000197702.14,0.026351
ENSG00000197705.10,0.0
ENSG00000197706.5,0.079456
ENSG00000197712.12,0.517186
ENSG00000197713.15,3.9309279999999998
ENSG00000197714.9,0.49593600000000004
ENSG00000197721.17,7.721033
ENSG00000197724.12,9.903459999999999
ENSG00000197728.11,449.963759
ENSG00000197734.10,0.0
ENSG00000197744.5,0.0
ENSG00000197745.3,0.0
ENSG00000197746.15,2184.937994
ENSG00000197747.9,543.836927
ENSG00000197748.13,0.0
ENSG00000197753.11,0.0
ENSG00000197756.10,2096.172693
ENSG00000197757.8,0.0
ENSG00000197763.20,0.308858
ENSG00000197766.9,157.29667
ENSG00000197768.11,0.0
ENSG00000197769.6,1.094952
ENSG00000197771.13,30.745274000000002
ENSG00000197774.14,3.626213
ENSG00000197776.8,0.17911
ENSG00000197779.15,0.765215
ENSG00000197780.11,3.081197
ENSG00000197782.15,11.298919000000001
ENSG00000197785.14,9.644411
ENSG00000197786.3,0.0
ENSG00000197790.1,0.0
ENSG00000197794.2,0.0
ENSG00000197798.9,8.886953
ENSG00000197808.14,1.351629
ENSG00000197813.7,7.583646999999999
ENSG00000197815.4,0.0
ENSG00000197816.16,0.5950230000000001
ENSG00000197818.12,26.093539
ENSG00000197822.12,0.9427939999999999
ENSG00000197826.13,0.0
ENSG00000197837.4,2.7193050000000003
ENSG00000197838.5,0.0
ENSG00000197841.15,0.51314
ENSG00000197847.13,0.0
ENSG00000197849.7,0.0
ENSG00000197852.12,50.213313
ENSG00000197857.16,5.545277
ENSG00000197858.12,48.817718000000006
ENSG00000197859.11,0.0
ENSG00000197860.10,2.748903
ENSG00000197863.9,0.608963
ENSG00000197866.3,0.0
ENSG00000197870.14,0.0
ENSG00000197872.11,35.598798
ENSG00000197879.17,6.11179
ENSG00000197880.11,2.489016
ENSG00000197882.3,0.0
ENSG00000197885.11,0.873014
ENSG00000197887.6,0.0
ENSG00000197888.3,0.0
ENSG00000197889.10,0.0
ENSG00000197891.12,0.0
ENSG00000197892.13,3.2494330000000002
ENSG00000197893.14,0.0
ENSG00000197894.12,21.923048
ENSG00000197901.12,0.0
ENSG00000197903.9,136.089091
ENSG00000197905.10,0.0
ENSG00000197912.16,45.763571999999996
ENSG00000197915.7,0.0
ENSG00000197919.6,0.0
ENSG00000197921.6,0.0
ENSG00000197927.14,0.0
ENSG00000197928.11,0.5798559999999999
ENSG00000197930.13,18.228529
ENSG00000197933.13,0.605104
ENSG00000197934.9,0.0
ENSG00000197935.7,0.0
ENSG00000197937.13,3.860941
ENSG00000197938.6,0.0
ENSG00000197943.13,81.248473
ENSG00000197948.11,46.508102
ENSG00000197951.11,2.61716
ENSG00000197953.6,0.0
ENSG00000197956.10,4305.097393
ENSG00000197958.13,1317.120392
ENSG00000197959.15,0.516707
ENSG00000197961.12,1.406596
ENSG00000197965.12,51.294157
ENSG00000197969.14,1.2349189999999999
ENSG00000197971.16,71.50961199999999
ENSG00000197976.12,43.970346000000006
ENSG00000197977.4,0.0
ENSG00000197978.10,0.234729
ENSG00000197980.14,0.12716
ENSG00000197982.14,18.006204999999998
ENSG00000197984.5,0.0
ENSG00000197989.16,14.873998
ENSG00000197990.6,0.0
ENSG00000197991.11,0.0
ENSG00000197992.7,0.721204
ENSG00000197993.9,3.828367
ENSG00000198000.12,6.2953909999999995
ENSG00000198001.16,19.960481
ENSG00000198003.12,0.663508
ENSG00000198010.13,0.0
ENSG00000198015.14,1.6622910000000002
ENSG00000198018.7,0.212805
ENSG00000198019.15,0.0
ENSG00000198021.8,0.0
ENSG00000198022.6,0.0
ENSG00000198026.8,21.44322
ENSG00000198028.4,0.0
ENSG00000198033.13,0.0
ENSG00000198034.11,950.660986
ENSG00000198039.12,0.239349
ENSG00000198040.11,1.574578
ENSG00000198042.11,1.91332
ENSG00000198046.13,0.0
ENSG00000198049.7,0.0
ENSG00000198053.12,132.444012
ENSG00000198054.13,0.0
ENSG00000198055.11,194.663399
ENSG00000198056.16,3.31475
ENSG00000198060.10,13.274840000000001
ENSG00000198062.16,0.0
ENSG00000198064.15,6.9322420000000005
ENSG00000198074.10,0.0
ENSG00000198075.10,0.083625
ENSG00000198077.11,0.0
ENSG00000198081.11,5.249878
ENSG00000198083.9,0.0
ENSG00000198087.7,0.809047
ENSG00000198088.10,0.0
ENSG00000198089.16,38.325838
ENSG00000198090.4,0.0
ENSG00000198092.6,0.0
ENSG00000198093.11,1.167375
ENSG00000198099.10,0.0
ENSG00000198104.4,0.0
ENSG00000198105.16,0.9022310000000001
ENSG00000198108.4,0.0
ENSG00000198113.3,21.187025
ENSG00000198121.15,1.806589
ENSG00000198125.13,0.0
ENSG00000198128.4,0.0
ENSG00000198129.3,0.0
ENSG00000198130.16,9.055046
ENSG00000198131.15,3.7221390000000003
ENSG00000198133.9,17.533426
ENSG00000198134.3,0.0
ENSG00000198142.5,0.200473
ENSG00000198146.4,1.652129
ENSG00000198153.8,0.0
ENSG00000198155.6,0.0
ENSG00000198156.11,0.269922
ENSG00000198157.11,0.0
ENSG00000198160.15,7.1154530000000005
ENSG00000198162.12,1.2201
ENSG00000198168.9,4.240055999999999
ENSG00000198169.9,2.22956
ENSG00000198171.13,37.670996
ENSG00000198173.5,0.0
ENSG00000198176.13,21.005619
ENSG00000198178.12,0.673483
ENSG00000198182.13,0.524921
ENSG00000198183.13,0.0
ENSG00000198185.12,0.0
ENSG00000198189.11,206.38232499999998
ENSG00000198198.17,22.136136
ENSG00000198203.10,0.0
ENSG00000198205.7,0.571792
ENSG00000198208.12,0.721102
ENSG00000198211.8,0.100832
ENSG00000198216.14,3.139949
ENSG00000198217.5,0.0
ENSG00000198218.12,45.879946999999994
ENSG00000198221.13,0.6684410000000001
ENSG00000198223.19,94.95036999999999
ENSG00000198225.6,0.338322
ENSG00000198231.14,18.619863
ENSG00000198237.8,0.0
ENSG00000198242.14,1296.709493
ENSG00000198246.10,7.3691439999999995
ENSG00000198251.7,0.0
ENSG00000198252.12,2.053642
ENSG00000198258.11,257.902996
ENSG00000198261.3,0.0
ENSG00000198265.12,3.189542
ENSG00000198270.14,4.451242
ENSG00000198271.5,0.0
ENSG00000198276.16,26.209177
ENSG00000198277.6,0.0
ENSG00000198283.3,0.0
ENSG00000198284.10,0.0
ENSG00000198286.11,18.161955
ENSG00000198298.13,0.895818
ENSG00000198300.14,0.0
ENSG00000198301.12,9.147616
ENSG00000198312.4,0.0
ENSG00000198315.11,2.594597
ENSG00000198324.14,8.163726
ENSG00000198326.10,0.0
ENSG00000198331.11,5.119921
ENSG00000198336.9,102.05614200000001
ENSG00000198342.10,0.037647
ENSG00000198346.11,0.413011
ENSG00000198353.8,0.166873
ENSG00000198354.7,0.0
ENSG00000198355.5,44.460397
ENSG00000198356.12,99.743931
ENSG00000198358.4,0.228678
ENSG00000198363.18,6.462453
ENSG00000198367.3,0.0
ENSG00000198369.10,0.410954
ENSG00000198373.13,65.190609
ENSG00000198380.13,1.228497
ENSG00000198382.9,9.141493
ENSG00000198390.5,0.0
ENSG00000198393.8,0.991362
ENSG00000198398.3,0.0
ENSG00000198399.16,25.790347
ENSG00000198400.14,0.869772
ENSG00000198406.7,10.638634
ENSG00000198408.14,62.261196
ENSG00000198414.5,0.0
ENSG00000198416.10,0.2134
ENSG00000198417.7,19.020550999999998
ENSG00000198420.10,0.522191
ENSG00000198429.10,1.443345
ENSG00000198431.18,18.514747
ENSG00000198435.4,0.0
ENSG00000198440.9,0.568478
ENSG00000198443.8,0.0
ENSG00000198445.4,0.0
ENSG00000198452.8,0.0
ENSG00000198453.15,1.8959759999999999
ENSG00000198454.3,0.0
ENSG00000198455.5,0.613396
ENSG00000198457.13,0.0
ENSG00000198464.14,0.78094
ENSG00000198466.12,4.100751
ENSG00000198467.16,6.80728
ENSG00000198468.12,3.747905
ENSG00000198471.1,0.0
ENSG00000198478.9,3.7578110000000002
ENSG00000198482.14,1.664017
ENSG00000198483.13,0.15324
ENSG00000198488.10,0.0
ENSG00000198491.3,0.0
ENSG00000198492.16,22.040828
ENSG00000198496.13,8.617353999999999
ENSG00000198498.10,3.448792
ENSG00000198502.7,858.283611
ENSG00000198513.15,1.3736680000000001
ENSG00000198515.16,0.0
ENSG00000198517.10,14.344305
ENSG00000198520.12,62.636482
ENSG00000198521.12,1.0273889999999999
ENSG00000198522.14,15.510334
ENSG00000198523.6,0.0
ENSG00000198526.7,0.0
ENSG00000198535.5,0.0
ENSG00000198538.11,4.298744
ENSG00000198542.15,0.0
ENSG00000198546.15,20.583396
ENSG00000198547.10,0.0
ENSG00000198551.10,2.469055
ENSG00000198553.9,0.0
ENSG00000198554.12,0.206192
ENSG00000198555.7,0.0
ENSG00000198556.14,4.003291
ENSG00000198561.16,9.568752
ENSG00000198563.14,134.964037
ENSG00000198569.10,0.0
ENSG00000198570.7,0.0
ENSG00000198573.7,0.0
ENSG00000198574.6,12.639456000000001
ENSG00000198576.4,0.080593
ENSG00000198580.7,0.0
ENSG00000198585.12,21.604250999999998
ENSG00000198586.14,4.410499
ENSG00000198589.15,3.6644
ENSG00000198590.12,0.708011
ENSG00000198597.10,0.0
ENSG00000198598.7,10.353348
ENSG00000198601.4,0.0
ENSG00000198604.11,16.364986
ENSG00000198610.11,0.0
ENSG00000198612.11,8.943839
ENSG00000198618.5,0.0
ENSG00000198624.13,81.155828
ENSG00000198625.15,12.692084999999999
ENSG00000198626.19,0.0
ENSG00000198633.11,0.0
ENSG00000198642.8,4.397075
ENSG00000198643.7,0.513234
ENSG00000198646.14,7.2373009999999995
ENSG00000198648.12,5.525789
ENSG00000198650.11,0.0
ENSG00000198658.4,0.0
ENSG00000198663.17,25.316845
ENSG00000198668.14,254.69783999999999
ENSG00000198670.13,0.0
ENSG00000198671.3,0.0
ENSG00000198673.11,4.05078
ENSG00000198674.3,0.0
ENSG00000198677.13,5.530848
ENSG00000198678.5,0.0
ENSG00000198680.6,0.346223
ENSG00000198681.7,0.0
ENSG00000198682.13,1.538235
ENSG00000198685.5,0.0
ENSG00000198689.13,2.997806
ENSG00000198690.10,1.499812
ENSG00000198691.14,0.0
ENSG00000198692.10,0.0
ENSG00000198695.2,12.669198
ENSG00000198700.10,8.341441
ENSG00000198703.2,0.0
ENSG00000198704.10,0.0
ENSG00000198707.17,1.311361
ENSG00000198711.5,0.274188
ENSG00000198712.1,6882.445032
ENSG00000198715.13,23.463781
ENSG00000198718.13,1.282845
ENSG00000198719.9,0.0
ENSG00000198720.13,0.195579
ENSG00000198721.13,20.024785
ENSG00000198722.15,0.129657
ENSG00000198723.11,2.238821
ENSG00000198727.2,2410.517999
ENSG00000198728.11,90.475317
ENSG00000198729.5,0.0
ENSG00000198730.10,11.684144
ENSG00000198732.11,0.127965
ENSG00000198734.12,21.956531000000002
ENSG00000198736.13,867.606504
ENSG00000198738.4,0.0
ENSG00000198739.11,0.0
ENSG00000198740.9,26.201027
ENSG00000198742.10,4.55087
ENSG00000198743.7,0.509296
ENSG00000198744.5,0.0
ENSG00000198746.13,14.623821
ENSG00000198752.11,2.6217770000000002
ENSG00000198753.12,0.7439899999999999
ENSG00000198754.5,0.0
ENSG00000198755.11,923.901356
ENSG00000198756.12,0.267425
ENSG00000198758.11,0.0
ENSG00000198759.12,0.0
ENSG00000198763.3,3161.459006
ENSG00000198765.12,0.0
ENSG00000198768.11,0.0
ENSG00000198771.11,77.555972
ENSG00000198774.5,0.0
ENSG00000198780.13,0.077773
ENSG00000198783.6,5.976542
ENSG00000198785.7,0.319778
ENSG00000198786.2,780.681321
ENSG00000198787.5,0.0
ENSG00000198788.9,0.0
ENSG00000198791.12,14.586971
ENSG00000198792.13,35.99625
ENSG00000198793.14,8.338851
ENSG00000198794.12,1.534374
ENSG00000198795.11,0.6076170000000001
ENSG00000198796.7,0.03068
ENSG00000198797.7,0.0
ENSG00000198798.6,0.0
ENSG00000198799.12,1.078993
ENSG00000198804.2,5682.099113
ENSG00000198805.13,59.692642
ENSG00000198807.13,0.0
ENSG00000198812.5,0.0
ENSG00000198814.14,42.038425
ENSG00000198815.9,7.861036
ENSG00000198816.7,8.323223
ENSG00000198818.10,44.623878
ENSG00000198821.12,105.08684
ENSG00000198822.11,0.0
ENSG00000198824.8,3.852927
ENSG00000198825.15,2.2074990000000003
ENSG00000198826.11,0.0
ENSG00000198829.6,0.334332
ENSG00000198830.13,265.10503
ENSG00000198832.11,12.839402
ENSG00000198833.7,13.43051
ENSG00000198835.4,0.0
ENSG00000198836.11,2.554575
ENSG00000198837.10,86.39279400000001
ENSG00000198838.15,0.0
ENSG00000198839.10,7.130202
ENSG00000198840.2,3463.179533
ENSG00000198841.4,6.07345
ENSG00000198842.10,0.0
ENSG00000198843.14,61.454820999999995
ENSG00000198844.12,0.0
ENSG00000198846.6,1.43185
ENSG00000198848.13,46.539547
ENSG00000198851.10,278.961961
ENSG00000198853.12,3.494083
ENSG00000198854.5,0.0
ENSG00000198855.7,1.523922
ENSG00000198856.13,22.531897
ENSG00000198857.3,0.0
ENSG00000198858.10,702.67091
ENSG00000198860.14,7.333796
ENSG00000198862.14,1.132283
ENSG00000198863.8,7.429696999999999
ENSG00000198865.10,0.0
ENSG00000198868.3,0.0
ENSG00000198870.8,0.0
ENSG00000198873.12,4.99589
ENSG00000198874.14,2.651123
ENSG00000198876.13,50.792651
ENSG00000198879.13,1.696549
ENSG00000198881.10,0.413535
ENSG00000198883.12,0.228287
ENSG00000198885.10,1.275486
ENSG00000198886.2,3705.43446
ENSG00000198887.9,2.943074
ENSG00000198888.2,2940.2493
ENSG00000198889.5,0.0
ENSG00000198890.9,2.266587
ENSG00000198892.7,10.227065
ENSG00000198894.8,1.936184
ENSG00000198898.16,35.93233
ENSG00000198899.2,4695.649692
ENSG00000198900.7,24.300632999999998
ENSG00000198901.14,4.490106
ENSG00000198908.12,0.173698
ENSG00000198909.8,110.377896
ENSG00000198910.14,0.590891
ENSG00000198911.13,23.092714
ENSG00000198912.12,15.096243
ENSG00000198914.5,0.0
ENSG00000198915.12,2.894205
ENSG00000198917.13,31.268224
ENSG00000198918.8,414.924752
ENSG00000198919.13,1.044603
ENSG00000198920.11,3.348336
ENSG00000198923.4,0.0
ENSG00000198924.8,0.274481
ENSG00000198925.12,28.108666
ENSG00000198929.13,0.0
ENSG00000198930.13,0.0
ENSG00000198931.11,263.529791
ENSG00000198932.13,1.424585
ENSG00000198933.11,23.645346
ENSG00000198934.5,0.516768
ENSG00000198937.9,12.278412
ENSG00000198938.2,6129.662534
ENSG00000198939.8,0.0
ENSG00000198944.6,0.0
ENSG00000198945.8,4.574271
ENSG00000198947.18,0.27858700000000003
ENSG00000198948.12,0.6031880000000001
ENSG00000198951.12,67.173316
ENSG00000198952.8,48.502248
ENSG00000198954.9,4.1075610000000005
ENSG00000198959.12,5.69334
ENSG00000198960.11,24.196415000000002
ENSG00000198961.11,12.416926
ENSG00000198963.11,0.023674
ENSG00000198964.14,2.213231
ENSG00000198965.5,0.0
ENSG00000198967.5,0.0
ENSG00000198972.3,0.0
ENSG00000198973.4,0.0
ENSG00000198974.3,0.0
ENSG00000198975.2,0.0
ENSG00000198976.1,0.0
ENSG00000198982.4,0.0
ENSG00000198983.1,0.0
ENSG00000198984.1,0.0
ENSG00000198987.1,0.0
ENSG00000198995.3,0.0
ENSG00000198997.2,0.0
ENSG00000199001.1,0.0
ENSG00000199005.4,0.0
ENSG00000199012.2,0.0
ENSG00000199015.4,0.0
ENSG00000199017.2,0.0
ENSG00000199020.3,0.0
ENSG00000199023.3,0.0
ENSG00000199024.1,0.0
ENSG00000199025.4,0.0
ENSG00000199030.2,0.0
ENSG00000199031.1,0.0
ENSG00000199032.1,0.0
ENSG00000199035.2,0.0
ENSG00000199036.1,0.0
ENSG00000199038.1,0.0
ENSG00000199043.1,0.0
ENSG00000199047.3,0.0
ENSG00000199051.3,0.0
ENSG00000199053.3,0.0
ENSG00000199059.3,0.0
ENSG00000199065.3,0.0
ENSG00000199069.3,0.0
ENSG00000199072.3,0.0
ENSG00000199075.1,0.0
ENSG00000199077.3,0.0
ENSG00000199080.1,0.0
ENSG00000199082.1,0.0
ENSG00000199085.3,0.0
ENSG00000199088.5,0.0
ENSG00000199090.1,0.0
ENSG00000199092.4,0.0
ENSG00000199094.3,0.0
ENSG00000199095.1,0.0
ENSG00000199102.1,0.0
ENSG00000199104.2,0.0
ENSG00000199107.3,0.0
ENSG00000199109.4,0.0
ENSG00000199121.4,0.0
ENSG00000199122.3,0.0
ENSG00000199127.1,0.0
ENSG00000199130.3,0.0
ENSG00000199132.1,0.0
ENSG00000199133.3,0.0
ENSG00000199135.1,0.0
ENSG00000199143.1,0.0
ENSG00000199145.1,0.0
ENSG00000199150.3,0.0
ENSG00000199151.3,0.0
ENSG00000199153.1,0.0
ENSG00000199156.1,0.0
ENSG00000199157.2,0.0
ENSG00000199158.1,0.0
ENSG00000199161.1,0.0
ENSG00000199165.3,0.0
ENSG00000199168.3,0.0
ENSG00000199169.1,0.0
ENSG00000199172.3,0.0
ENSG00000199177.1,0.0
ENSG00000199179.3,0.0
ENSG00000199196.1,0.0
ENSG00000199197.1,0.0
ENSG00000199200.2,0.0
ENSG00000199201.1,0.0
ENSG00000199202.1,0.0
ENSG00000199203.1,0.0
ENSG00000199204.1,0.0
ENSG00000199212.1,0.0
ENSG00000199217.1,0.0
ENSG00000199218.1,0.0
ENSG00000199219.1,0.0
ENSG00000199220.1,0.0
ENSG00000199222.1,0.0
ENSG00000199223.1,0.0
ENSG00000199224.1,0.0
ENSG00000199226.1,0.0
ENSG00000199231.1,0.0
ENSG00000199237.1,0.0
ENSG00000199240.1,0.0
ENSG00000199241.1,0.0
ENSG00000199245.1,0.0
ENSG00000199246.1,0.0
ENSG00000199248.1,0.0
ENSG00000199251.1,0.0
ENSG00000199260.1,0.0
ENSG00000199263.1,0.0
ENSG00000199266.1,0.0
ENSG00000199272.1,0.0
ENSG00000199273.1,0.0
ENSG00000199276.1,0.0
ENSG00000199279.1,0.0
ENSG00000199282.1,0.0
ENSG00000199283.1,0.0
ENSG00000199285.1,0.0
ENSG00000199286.1,0.0
ENSG00000199289.1,0.0
ENSG00000199290.1,0.0
ENSG00000199291.1,0.0
ENSG00000199293.1,0.0
ENSG00000199295.1,0.0
ENSG00000199299.1,0.0
ENSG00000199301.1,0.0
ENSG00000199303.1,0.0
ENSG00000199306.1,0.0
ENSG00000199308.1,0.0
ENSG00000199311.1,0.0
ENSG00000199313.1,0.0
ENSG00000199315.1,0.0
ENSG00000199318.1,0.0
ENSG00000199319.1,0.0
ENSG00000199321.1,0.0
ENSG00000199322.1,0.0
ENSG00000199325.1,0.0
ENSG00000199326.1,0.0
ENSG00000199327.1,0.0
ENSG00000199331.1,0.0
ENSG00000199332.1,0.0
ENSG00000199335.1,0.0
ENSG00000199347.2,0.0
ENSG00000199348.1,0.0
ENSG00000199349.1,0.0
ENSG00000199350.1,0.0
ENSG00000199352.1,236.513101
ENSG00000199354.1,0.0
ENSG00000199357.1,0.0
ENSG00000199360.1,0.0
ENSG00000199361.1,0.0
ENSG00000199362.1,0.0
ENSG00000199363.1,0.0
ENSG00000199364.1,0.0
ENSG00000199366.1,0.0
ENSG00000199368.1,0.0
ENSG00000199370.2,0.0
ENSG00000199373.1,0.0
ENSG00000199377.2,0.0
ENSG00000199378.1,0.0
ENSG00000199381.1,0.0
ENSG00000199385.1,0.0
ENSG00000199390.1,0.0
ENSG00000199392.1,0.0
ENSG00000199394.1,0.0
ENSG00000199395.1,0.0
ENSG00000199398.1,0.0
ENSG00000199400.1,0.0
ENSG00000199402.1,0.0
ENSG00000199405.1,0.0
ENSG00000199407.1,0.0
ENSG00000199409.1,0.0
ENSG00000199410.1,0.0
ENSG00000199411.1,0.0
ENSG00000199415.1,0.0
ENSG00000199420.1,0.0
ENSG00000199422.1,0.0
ENSG00000199424.1,0.0
ENSG00000199426.1,0.0
ENSG00000199436.1,0.0
ENSG00000199440.1,0.0
ENSG00000199442.1,0.0
ENSG00000199444.1,0.0
ENSG00000199446.1,0.0
ENSG00000199448.1,0.0
ENSG00000199450.1,0.0
ENSG00000199454.1,0.0
ENSG00000199455.1,0.0
ENSG00000199458.1,0.0
ENSG00000199459.1,0.0
ENSG00000199460.2,0.0
ENSG00000199461.1,0.0
ENSG00000199466.1,0.0
ENSG00000199468.1,0.0
ENSG00000199469.1,0.0
ENSG00000199470.1,0.0
ENSG00000199471.1,0.0
ENSG00000199472.1,0.0
ENSG00000199473.1,0.0
ENSG00000199474.1,0.0
ENSG00000199475.1,0.0
ENSG00000199476.1,0.0
ENSG00000199477.1,0.0
ENSG00000199480.1,0.0
ENSG00000199482.1,0.0
ENSG00000199483.1,0.0
ENSG00000199487.1,0.0
ENSG00000199488.1,0.0
ENSG00000199489.1,0.0
ENSG00000199490.1,0.0
ENSG00000199492.1,0.0
ENSG00000199497.1,0.0
ENSG00000199506.1,0.0
ENSG00000199508.1,0.0
ENSG00000199509.1,0.0
ENSG00000199512.1,0.0
ENSG00000199514.1,0.0
ENSG00000199515.1,0.0
ENSG00000199516.1,0.0
ENSG00000199520.1,0.0
ENSG00000199523.1,0.0
ENSG00000199525.1,0.0
ENSG00000199529.1,0.0
ENSG00000199530.1,0.0
ENSG00000199535.1,0.0
ENSG00000199536.1,0.0
ENSG00000199540.1,0.0
ENSG00000199545.1,0.0
ENSG00000199546.1,0.0
ENSG00000199550.1,0.0
ENSG00000199551.1,0.0
ENSG00000199552.1,0.0
ENSG00000199556.1,0.0
ENSG00000199562.1,0.0
ENSG00000199564.1,0.0
ENSG00000199565.1,0.0
ENSG00000199566.1,0.0
ENSG00000199567.1,0.0
ENSG00000199568.2,0.0
ENSG00000199570.1,0.0
ENSG00000199571.1,0.0
ENSG00000199572.1,0.0
ENSG00000199574.1,0.0
ENSG00000199575.1,0.0
ENSG00000199577.1,0.0
ENSG00000199580.1,0.0
ENSG00000199584.1,0.0
ENSG00000199585.1,0.0
ENSG00000199591.1,0.0
ENSG00000199592.1,0.0
ENSG00000199593.1,0.0
ENSG00000199594.1,0.0
ENSG00000199595.1,0.0
ENSG00000199598.1,0.0
ENSG00000199601.1,0.0
ENSG00000199603.1,0.0
ENSG00000199605.1,0.0
ENSG00000199609.1,0.0
ENSG00000199620.1,0.0
ENSG00000199622.1,0.0
ENSG00000199626.1,0.0
ENSG00000199627.1,0.0
ENSG00000199629.1,0.0
ENSG00000199630.1,0.0
ENSG00000199631.1,0.0
ENSG00000199633.1,0.0
ENSG00000199634.1,0.0
ENSG00000199635.1,0.0
ENSG00000199636.1,0.0
ENSG00000199638.1,0.0
ENSG00000199640.1,0.0
ENSG00000199643.1,0.0
ENSG00000199645.1,0.0
ENSG00000199646.1,0.0
ENSG00000199652.2,0.0
ENSG00000199664.1,0.0
ENSG00000199666.2,0.0
ENSG00000199667.1,0.0
ENSG00000199668.1,0.0
ENSG00000199672.1,0.0
ENSG00000199673.1,0.0
ENSG00000199674.1,0.0
ENSG00000199676.1,0.0
ENSG00000199677.1,0.0
ENSG00000199683.1,0.0
ENSG00000199687.1,0.0
ENSG00000199691.1,0.0
ENSG00000199695.1,0.0
ENSG00000199697.1,0.0
ENSG00000199698.1,0.0
ENSG00000199700.1,0.0
ENSG00000199701.1,0.0
ENSG00000199702.1,0.0
ENSG00000199705.1,0.0
ENSG00000199709.1,0.0
ENSG00000199710.1,0.0
ENSG00000199711.1,0.0
ENSG00000199712.1,0.0
ENSG00000199713.1,0.0
ENSG00000199715.1,0.0
ENSG00000199716.1,0.0
ENSG00000199719.1,0.0
ENSG00000199728.1,0.0
ENSG00000199730.1,0.0
ENSG00000199731.1,0.0
ENSG00000199732.1,0.0
ENSG00000199733.1,0.0
ENSG00000199735.1,0.0
ENSG00000199739.1,0.0
ENSG00000199740.1,0.0
ENSG00000199744.1,0.0
ENSG00000199751.1,0.0
ENSG00000199753.1,0.0
ENSG00000199755.1,0.0
ENSG00000199756.1,0.0
ENSG00000199762.1,0.0
ENSG00000199764.1,0.0
ENSG00000199765.1,0.0
ENSG00000199767.1,0.0
ENSG00000199771.1,0.0
ENSG00000199773.1,0.0
ENSG00000199780.1,0.0
ENSG00000199781.1,0.0
ENSG00000199782.1,0.0
ENSG00000199783.1,0.0
ENSG00000199784.1,0.0
ENSG00000199785.1,0.0
ENSG00000199786.1,0.0
ENSG00000199787.1,0.0
ENSG00000199788.1,0.0
ENSG00000199790.1,0.0
ENSG00000199791.1,0.0
ENSG00000199792.1,0.0
ENSG00000199796.1,0.0
ENSG00000199797.1,0.0
ENSG00000199798.1,0.0
ENSG00000199801.1,0.0
ENSG00000199803.1,0.0
ENSG00000199804.1,0.0
ENSG00000199805.1,0.0
ENSG00000199806.1,0.0
ENSG00000199809.1,0.0
ENSG00000199812.1,0.0
ENSG00000199814.1,0.0
ENSG00000199815.2,0.0
ENSG00000199824.1,0.0
ENSG00000199827.1,0.0
ENSG00000199831.1,0.0
ENSG00000199832.1,0.0
ENSG00000199833.1,0.0
ENSG00000199836.1,0.0
ENSG00000199839.1,0.0
ENSG00000199840.1,0.0
ENSG00000199843.1,0.0
ENSG00000199845.1,0.0
ENSG00000199846.1,0.0
ENSG00000199849.1,0.0
ENSG00000199851.2,0.0
ENSG00000199855.1,0.0
ENSG00000199856.2,0.0
ENSG00000199857.1,0.0
ENSG00000199858.1,0.0
ENSG00000199859.1,0.0
ENSG00000199862.1,0.0
ENSG00000199865.1,0.0
ENSG00000199866.1,0.0
ENSG00000199867.1,0.0
ENSG00000199872.1,0.0
ENSG00000199874.1,0.0
ENSG00000199875.1,0.0
ENSG00000199878.1,0.0
ENSG00000199879.1,0.0
ENSG00000199880.1,0.0
ENSG00000199881.1,0.0
ENSG00000199883.1,0.0
ENSG00000199884.1,0.0
ENSG00000199885.1,0.0
ENSG00000199886.1,0.0
ENSG00000199890.1,0.0
ENSG00000199892.2,0.0
ENSG00000199894.1,0.0
ENSG00000199895.1,0.0
ENSG00000199899.2,0.0
ENSG00000199901.1,0.0
ENSG00000199903.1,0.0
ENSG00000199905.1,0.0
ENSG00000199906.1,0.0
ENSG00000199911.1,0.0
ENSG00000199912.1,0.0
ENSG00000199914.1,0.0
ENSG00000199920.1,0.0
ENSG00000199921.1,0.0
ENSG00000199924.1,0.0
ENSG00000199927.2,0.0
ENSG00000199929.1,0.0
ENSG00000199932.1,0.0
ENSG00000199933.1,0.0
ENSG00000199934.1,0.0
ENSG00000199936.1,0.0
ENSG00000199938.1,0.0
ENSG00000199940.1,0.0
ENSG00000199942.1,0.0
ENSG00000199944.1,0.0
ENSG00000199949.2,0.0
ENSG00000199953.1,0.0
ENSG00000199959.1,0.0
ENSG00000199960.1,0.0
ENSG00000199961.1,0.0
ENSG00000199962.1,0.0
ENSG00000199963.1,0.0
ENSG00000199964.1,0.0
ENSG00000199970.1,0.0
ENSG00000199971.1,0.0
ENSG00000199975.1,0.0
ENSG00000199977.1,0.0
ENSG00000199979.1,0.0
ENSG00000199985.1,0.0
ENSG00000199986.1,0.0
ENSG00000199990.1,0.0
ENSG00000199994.1,0.0
ENSG00000200003.1,0.0
ENSG00000200008.1,0.0
ENSG00000200011.1,0.0
ENSG00000200013.1,0.0
ENSG00000200021.1,0.0
ENSG00000200024.1,0.0
ENSG00000200026.1,0.0
ENSG00000200028.1,0.0
ENSG00000200029.1,0.0
ENSG00000200033.1,0.0
ENSG00000200034.1,0.0
ENSG00000200036.1,0.0
ENSG00000200040.1,0.0
ENSG00000200041.1,0.0
ENSG00000200047.1,0.0
ENSG00000200048.1,0.0
ENSG00000200049.1,0.0
ENSG00000200051.1,0.0
ENSG00000200052.1,0.0
ENSG00000200058.1,0.0
ENSG00000200059.1,0.0
ENSG00000200060.1,0.0
ENSG00000200062.1,0.0
ENSG00000200063.1,0.0
ENSG00000200064.1,0.0
ENSG00000200065.1,0.0
ENSG00000200070.1,0.0
ENSG00000200072.1,0.0
ENSG00000200075.1,0.0
ENSG00000200079.1,0.0
ENSG00000200084.1,0.0
ENSG00000200085.1,0.0
ENSG00000200086.1,0.0
ENSG00000200087.1,4.337287
ENSG00000200089.1,0.0
ENSG00000200090.1,0.0
ENSG00000200091.1,0.0
ENSG00000200095.1,0.0
ENSG00000200097.1,0.0
ENSG00000200101.1,0.0
ENSG00000200102.1,0.0
ENSG00000200105.1,0.0
ENSG00000200106.1,0.0
ENSG00000200107.1,0.0
ENSG00000200108.1,0.0
ENSG00000200112.1,0.0
ENSG00000200113.1,0.0
ENSG00000200114.1,0.0
ENSG00000200118.1,0.0
ENSG00000200120.1,0.0
ENSG00000200121.2,0.0
ENSG00000200131.1,0.0
ENSG00000200132.1,0.0
ENSG00000200135.1,0.0
ENSG00000200138.1,0.0
ENSG00000200139.1,0.0
ENSG00000200142.1,0.0
ENSG00000200146.1,0.0
ENSG00000200150.1,0.0
ENSG00000200151.1,0.0
ENSG00000200152.1,0.0
ENSG00000200153.1,0.0
ENSG00000200156.2,0.0
ENSG00000200161.1,0.0
ENSG00000200162.1,0.0
ENSG00000200164.1,0.0
ENSG00000200168.1,0.0
ENSG00000200169.2,0.0
ENSG00000200170.1,0.0
ENSG00000200171.1,0.0
ENSG00000200174.1,0.0
ENSG00000200175.1,0.0
ENSG00000200176.1,0.0
ENSG00000200179.1,0.0
ENSG00000200183.1,0.0
ENSG00000200184.1,0.0
ENSG00000200189.1,0.0
ENSG00000200191.1,0.0
ENSG00000200197.1,0.0
ENSG00000200198.1,0.0
ENSG00000200201.1,0.0
ENSG00000200204.1,0.0
ENSG00000200206.1,0.0
ENSG00000200208.1,0.0
ENSG00000200209.1,0.0
ENSG00000200211.1,0.0
ENSG00000200213.1,0.0
ENSG00000200215.3,0.0
ENSG00000200216.2,0.0
ENSG00000200217.1,0.0
ENSG00000200218.1,0.0
ENSG00000200220.1,0.0
ENSG00000200222.2,0.0
ENSG00000200224.2,0.0
ENSG00000200225.1,0.0
ENSG00000200227.1,0.0
ENSG00000200231.1,0.0
ENSG00000200235.1,0.0
ENSG00000200237.1,0.0
ENSG00000200238.1,0.0
ENSG00000200241.1,0.0
ENSG00000200243.1,0.0
ENSG00000200246.1,0.0
ENSG00000200247.1,0.0
ENSG00000200248.1,0.0
ENSG00000200250.1,0.0
ENSG00000200252.1,0.0
ENSG00000200253.1,0.0
ENSG00000200254.1,0.0
ENSG00000200256.1,0.0
ENSG00000200257.1,0.0
ENSG00000200259.1,0.0
ENSG00000200261.1,0.0
ENSG00000200262.1,0.0
ENSG00000200267.1,0.0
ENSG00000200269.1,0.0
ENSG00000200274.1,0.0
ENSG00000200275.1,0.0
ENSG00000200278.1,0.0
ENSG00000200279.1,0.0
ENSG00000200281.1,0.0
ENSG00000200283.1,0.0
ENSG00000200287.1,0.0
ENSG00000200288.1,0.0
ENSG00000200291.1,0.0
ENSG00000200293.1,0.0
ENSG00000200294.1,0.0
ENSG00000200295.1,0.0
ENSG00000200296.1,0.0
ENSG00000200298.1,0.0
ENSG00000200301.1,0.0
ENSG00000200303.1,0.0
ENSG00000200304.1,0.0
ENSG00000200305.1,0.0
ENSG00000200309.1,0.0
ENSG00000200310.1,0.0
ENSG00000200312.1,0.0
ENSG00000200313.1,0.0
ENSG00000200314.1,0.0
ENSG00000200318.2,0.0
ENSG00000200320.1,0.0
ENSG00000200325.1,0.0
ENSG00000200326.1,0.0
ENSG00000200327.1,0.0
ENSG00000200331.1,0.0
ENSG00000200332.1,0.0
ENSG00000200334.1,0.0
ENSG00000200336.1,0.0
ENSG00000200338.1,0.0
ENSG00000200340.1,0.0
ENSG00000200344.1,0.0
ENSG00000200345.2,0.0
ENSG00000200350.1,0.0
ENSG00000200351.1,0.0
ENSG00000200354.1,0.0
ENSG00000200355.1,0.0
ENSG00000200356.1,0.0
ENSG00000200360.1,0.0
ENSG00000200361.1,0.0
ENSG00000200366.1,0.0
ENSG00000200367.1,0.0
ENSG00000200369.1,0.0
ENSG00000200372.1,0.0
ENSG00000200376.1,0.0
ENSG00000200377.1,0.0
ENSG00000200378.1,0.0
ENSG00000200379.1,0.0
ENSG00000200385.1,0.0
ENSG00000200388.1,0.0
ENSG00000200389.1,0.0
ENSG00000200390.1,0.0
ENSG00000200391.1,0.0
ENSG00000200393.1,0.0
ENSG00000200394.1,0.0
ENSG00000200397.1,0.0
ENSG00000200398.1,0.0
ENSG00000200403.1,0.0
ENSG00000200406.1,0.0
ENSG00000200407.1,0.0
ENSG00000200408.1,0.0
ENSG00000200411.1,0.0
ENSG00000200413.1,0.0
ENSG00000200418.1,0.0
ENSG00000200419.1,0.0
ENSG00000200421.1,0.0
ENSG00000200422.1,0.0
ENSG00000200424.1,0.0
ENSG00000200427.1,0.0
ENSG00000200428.1,0.0
ENSG00000200431.1,0.0
ENSG00000200432.1,0.0
ENSG00000200434.1,0.0
ENSG00000200436.1,0.0
ENSG00000200437.1,0.0
ENSG00000200443.1,0.0
ENSG00000200444.1,0.0
ENSG00000200446.1,0.0
ENSG00000200448.1,0.0
ENSG00000200455.1,0.0
ENSG00000200456.1,0.0
ENSG00000200462.1,0.0
ENSG00000200463.2,0.0
ENSG00000200468.1,0.0
ENSG00000200469.1,0.0
ENSG00000200471.1,0.0
ENSG00000200472.1,0.0
ENSG00000200473.1,0.0
ENSG00000200475.1,0.0
ENSG00000200478.1,0.0
ENSG00000200480.1,0.0
ENSG00000200483.1,0.0
ENSG00000200484.1,0.0
ENSG00000200485.1,0.0
ENSG00000200486.1,0.0
ENSG00000200487.1,0.0
ENSG00000200488.1,0.0
ENSG00000200492.2,0.0
ENSG00000200494.1,0.0
ENSG00000200495.1,0.0
ENSG00000200496.1,0.0
ENSG00000200502.1,0.0
ENSG00000200503.1,0.0
ENSG00000200506.1,0.0
ENSG00000200508.1,0.0
ENSG00000200516.1,0.0
ENSG00000200520.1,0.0
ENSG00000200521.1,0.0
ENSG00000200522.1,0.0
ENSG00000200525.1,0.0
ENSG00000200526.1,0.0
ENSG00000200527.1,0.0
ENSG00000200528.1,0.0
ENSG00000200530.1,0.0
ENSG00000200534.1,14.546823
ENSG00000200536.1,0.0
ENSG00000200537.1,0.0
ENSG00000200538.2,0.0
ENSG00000200544.1,0.0
ENSG00000200545.2,0.0
ENSG00000200547.1,0.0
ENSG00000200550.1,0.0
ENSG00000200553.1,0.0
ENSG00000200554.1,0.0
ENSG00000200555.1,0.0
ENSG00000200556.1,0.0
ENSG00000200558.1,0.0
ENSG00000200560.1,0.0
ENSG00000200563.1,0.0
ENSG00000200564.1,0.0
ENSG00000200566.1,0.0
ENSG00000200570.1,0.0
ENSG00000200571.1,0.0
ENSG00000200572.1,0.0
ENSG00000200575.1,0.0
ENSG00000200579.1,0.0
ENSG00000200587.1,0.0
ENSG00000200591.1,0.0
ENSG00000200593.1,0.0
ENSG00000200594.1,0.0
ENSG00000200597.1,0.0
ENSG00000200600.1,0.0
ENSG00000200601.1,0.0
ENSG00000200605.1,0.0
ENSG00000200608.1,0.0
ENSG00000200610.1,0.0
ENSG00000200612.1,0.0
ENSG00000200613.1,0.0
ENSG00000200615.1,0.0
ENSG00000200616.1,0.0
ENSG00000200619.1,0.0
ENSG00000200620.1,0.0
ENSG00000200622.1,0.0
ENSG00000200623.1,0.0
ENSG00000200626.1,0.0
ENSG00000200629.1,0.0
ENSG00000200630.1,0.0
ENSG00000200632.1,0.0
ENSG00000200635.1,0.0
ENSG00000200636.1,0.0
ENSG00000200637.1,0.0
ENSG00000200638.1,0.0
ENSG00000200645.1,0.0
ENSG00000200646.1,0.0
ENSG00000200648.1,0.0
ENSG00000200650.1,0.0
ENSG00000200651.1,0.0
ENSG00000200652.1,0.0
ENSG00000200653.1,0.0
ENSG00000200656.1,0.0
ENSG00000200661.1,0.0
ENSG00000200664.1,0.0
ENSG00000200665.1,0.0
ENSG00000200670.1,0.0
ENSG00000200673.1,0.0
ENSG00000200674.1,0.0
ENSG00000200677.1,0.0
ENSG00000200680.1,0.0
ENSG00000200681.1,0.0
ENSG00000200683.1,0.0
ENSG00000200685.1,0.0
ENSG00000200686.1,0.0
ENSG00000200687.1,0.0
ENSG00000200688.1,0.0
ENSG00000200693.2,0.0
ENSG00000200701.1,0.0
ENSG00000200702.1,0.0
ENSG00000200703.1,0.0
ENSG00000200706.1,0.0
ENSG00000200708.1,0.0
ENSG00000200709.1,0.0
ENSG00000200711.1,0.0
ENSG00000200713.1,0.0
ENSG00000200714.1,0.0
ENSG00000200718.1,0.0
ENSG00000200719.1,0.0
ENSG00000200720.1,0.0
ENSG00000200726.1,0.0
ENSG00000200728.1,0.0
ENSG00000200731.1,0.0
ENSG00000200732.1,0.0
ENSG00000200733.1,0.0
ENSG00000200737.1,0.0
ENSG00000200738.1,0.0
ENSG00000200741.1,0.0
ENSG00000200742.1,0.0
ENSG00000200745.1,0.0
ENSG00000200750.1,0.0
ENSG00000200752.1,0.0
ENSG00000200753.1,0.0
ENSG00000200754.1,0.0
ENSG00000200755.1,0.0
ENSG00000200756.1,0.0
ENSG00000200757.1,0.0
ENSG00000200759.1,0.0
ENSG00000200761.1,0.0
ENSG00000200763.1,0.0
ENSG00000200764.1,0.0
ENSG00000200769.1,0.0
ENSG00000200774.1,0.0
ENSG00000200779.1,0.0
ENSG00000200783.1,0.0
ENSG00000200785.1,0.0
ENSG00000200786.1,0.0
ENSG00000200788.1,0.0
ENSG00000200789.1,0.0
ENSG00000200792.1,0.0
ENSG00000200794.1,0.0
ENSG00000200795.2,0.0
ENSG00000200796.1,0.0
ENSG00000200799.1,0.0
ENSG00000200800.1,0.0
ENSG00000200801.1,0.0
ENSG00000200806.1,0.0
ENSG00000200807.1,0.0
ENSG00000200812.1,0.0
ENSG00000200814.1,0.0
ENSG00000200815.1,0.0
ENSG00000200816.1,0.0
ENSG00000200817.1,0.0
ENSG00000200818.1,0.0
ENSG00000200822.1,0.0
ENSG00000200823.1,0.0
ENSG00000200827.1,0.0
ENSG00000200829.1,0.0
ENSG00000200830.1,0.0
ENSG00000200831.1,0.0
ENSG00000200832.1,0.0
ENSG00000200834.1,0.0
ENSG00000200839.1,0.0
ENSG00000200840.1,0.0
ENSG00000200842.1,0.0
ENSG00000200847.1,0.0
ENSG00000200849.1,0.0
ENSG00000200852.1,0.0
ENSG00000200855.1,0.0
ENSG00000200857.1,0.0
ENSG00000200860.1,0.0
ENSG00000200867.1,0.0
ENSG00000200869.1,0.0
ENSG00000200871.1,0.0
ENSG00000200872.1,0.0
ENSG00000200873.1,0.0
ENSG00000200874.1,0.0
ENSG00000200875.1,0.0
ENSG00000200877.1,0.0
ENSG00000200879.1,0.0
ENSG00000200882.1,0.0
ENSG00000200883.1,0.0
ENSG00000200884.1,0.0
ENSG00000200885.1,0.0
ENSG00000200887.1,0.0
ENSG00000200888.1,0.0
ENSG00000200889.1,0.0
ENSG00000200890.1,0.0
ENSG00000200891.1,0.0
ENSG00000200893.1,0.0
ENSG00000200895.1,0.0
ENSG00000200897.1,0.0
ENSG00000200898.1,0.0
ENSG00000200902.1,0.0
ENSG00000200903.1,0.0
ENSG00000200906.1,0.0
ENSG00000200913.1,0.0
ENSG00000200914.1,0.0
ENSG00000200917.1,0.0
ENSG00000200922.1,0.0
ENSG00000200924.1,0.0
ENSG00000200926.1,0.0
ENSG00000200935.1,0.0
ENSG00000200941.1,0.0
ENSG00000200942.1,0.0
ENSG00000200949.1,0.0
ENSG00000200953.1,0.0
ENSG00000200957.1,0.0
ENSG00000200959.1,0.0
ENSG00000200963.1,0.0
ENSG00000200966.1,0.0
ENSG00000200969.1,0.0
ENSG00000200972.1,0.0
ENSG00000200974.1,0.0
ENSG00000200975.1,0.0
ENSG00000200976.1,0.0
ENSG00000200982.1,0.0
ENSG00000200983.1,0.0
ENSG00000200985.1,0.0
ENSG00000200986.1,0.0
ENSG00000200987.1,0.0
ENSG00000200991.1,0.0
ENSG00000200997.1,0.0
ENSG00000200998.1,0.0
ENSG00000200999.1,0.0
ENSG00000201000.1,0.0
ENSG00000201001.1,0.0
ENSG00000201003.1,0.0
ENSG00000201006.1,0.0
ENSG00000201009.1,0.0
ENSG00000201010.1,0.0
ENSG00000201012.1,0.0
ENSG00000201013.1,0.0
ENSG00000201014.1,0.0
ENSG00000201015.1,0.0
ENSG00000201016.1,0.0
ENSG00000201021.1,0.0
ENSG00000201023.1,0.0
ENSG00000201025.1,0.0
ENSG00000201026.1,0.0
ENSG00000201027.1,0.0
ENSG00000201028.1,0.0
ENSG00000201031.1,0.0
ENSG00000201032.1,0.0
ENSG00000201033.1,0.0
ENSG00000201034.1,0.0
ENSG00000201035.1,0.0
ENSG00000201036.1,0.0
ENSG00000201041.1,0.0
ENSG00000201042.1,0.0
ENSG00000201044.1,0.0
ENSG00000201047.1,0.0
ENSG00000201048.1,0.0
ENSG00000201050.1,0.0
ENSG00000201059.1,0.0
ENSG00000201065.1,0.0
ENSG00000201066.1,0.0
ENSG00000201070.1,0.0
ENSG00000201071.1,0.0
ENSG00000201074.1,0.0
ENSG00000201075.2,0.0
ENSG00000201076.1,0.0
ENSG00000201077.1,0.0
ENSG00000201078.1,0.0
ENSG00000201085.1,0.0
ENSG00000201086.1,0.0
ENSG00000201088.1,0.0
ENSG00000201095.1,0.0
ENSG00000201096.1,0.0
ENSG00000201097.1,0.0
ENSG00000201098.1,40.462523
ENSG00000201102.1,0.0
ENSG00000201109.1,0.0
ENSG00000201113.1,0.0
ENSG00000201114.1,0.0
ENSG00000201118.1,0.0
ENSG00000201119.1,0.0
ENSG00000201121.1,0.0
ENSG00000201129.1,0.0
ENSG00000201133.1,0.0
ENSG00000201134.1,0.0
ENSG00000201135.1,0.0
ENSG00000201136.1,0.0
ENSG00000201140.1,0.0
ENSG00000201142.1,0.0
ENSG00000201143.1,0.0
ENSG00000201145.1,0.0
ENSG00000201148.1,0.0
ENSG00000201151.1,0.0
ENSG00000201153.1,0.0
ENSG00000201155.1,0.0
ENSG00000201157.1,0.0
ENSG00000201160.1,0.0
ENSG00000201161.1,0.0
ENSG00000201162.1,0.0
ENSG00000201164.1,0.0
ENSG00000201165.1,0.0
ENSG00000201168.1,0.0
ENSG00000201170.1,0.0
ENSG00000201176.1,0.0
ENSG00000201178.1,0.0
ENSG00000201179.1,0.0
ENSG00000201180.1,0.0
ENSG00000201182.1,0.0
ENSG00000201183.1,0.0
ENSG00000201184.1,0.0
ENSG00000201185.1,0.0
ENSG00000201186.1,0.0
ENSG00000201196.1,0.0
ENSG00000201198.1,0.0
ENSG00000201201.1,0.0
ENSG00000201207.1,0.0
ENSG00000201208.1,0.0
ENSG00000201209.1,0.0
ENSG00000201210.1,0.0
ENSG00000201216.1,0.0
ENSG00000201217.1,0.0
ENSG00000201218.1,0.0
ENSG00000201221.1,0.0
ENSG00000201223.1,0.0
ENSG00000201228.1,0.0
ENSG00000201229.1,0.0
ENSG00000201231.1,0.0
ENSG00000201239.1,0.0
ENSG00000201240.1,0.0
ENSG00000201241.1,0.0
ENSG00000201242.1,0.0
ENSG00000201243.1,0.0
ENSG00000201245.1,0.0
ENSG00000201247.1,0.0
ENSG00000201253.1,0.0
ENSG00000201255.1,0.0
ENSG00000201260.1,0.0
ENSG00000201263.1,0.0
ENSG00000201264.1,0.0
ENSG00000201270.1,0.0
ENSG00000201271.1,0.0
ENSG00000201273.1,0.0
ENSG00000201274.1,0.0
ENSG00000201277.1,0.0
ENSG00000201279.1,0.0
ENSG00000201282.1,0.0
ENSG00000201285.1,0.0
ENSG00000201287.1,0.0
ENSG00000201288.1,0.0
ENSG00000201289.1,0.0
ENSG00000201291.1,0.0
ENSG00000201292.1,0.0
ENSG00000201294.1,0.0
ENSG00000201296.1,0.0
ENSG00000201297.1,0.0
ENSG00000201298.1,0.0
ENSG00000201300.1,0.0
ENSG00000201301.1,0.0
ENSG00000201302.1,0.0
ENSG00000201308.1,0.0
ENSG00000201309.1,0.0
ENSG00000201311.1,0.0
ENSG00000201312.1,0.0
ENSG00000201314.1,0.0
ENSG00000201315.1,0.0
ENSG00000201316.1,0.0
ENSG00000201317.1,0.0
ENSG00000201318.1,0.0
ENSG00000201321.1,0.0
ENSG00000201324.1,0.0
ENSG00000201325.1,0.0
ENSG00000201326.1,0.0
ENSG00000201329.2,0.0
ENSG00000201330.1,0.0
ENSG00000201331.1,0.0
ENSG00000201339.1,0.0
ENSG00000201340.1,0.0
ENSG00000201341.1,0.0
ENSG00000201342.1,0.0
ENSG00000201343.1,0.0
ENSG00000201346.2,0.0
ENSG00000201347.1,0.0
ENSG00000201348.1,0.0
ENSG00000201351.1,0.0
ENSG00000201354.1,0.0
ENSG00000201356.1,0.0
ENSG00000201358.1,0.0
ENSG00000201361.1,0.0
ENSG00000201363.2,0.0
ENSG00000201364.1,0.0
ENSG00000201365.1,0.0
ENSG00000201367.1,0.0
ENSG00000201368.2,0.0
ENSG00000201370.1,0.0
ENSG00000201371.1,0.0
ENSG00000201372.1,0.0
ENSG00000201376.1,0.0
ENSG00000201377.1,0.0
ENSG00000201379.1,0.0
ENSG00000201382.1,0.0
ENSG00000201384.1,0.0
ENSG00000201386.1,0.0
ENSG00000201388.1,0.0
ENSG00000201390.1,0.0
ENSG00000201392.1,0.0
ENSG00000201393.1,0.0
ENSG00000201394.1,0.0
ENSG00000201395.1,0.0
ENSG00000201398.1,0.0
ENSG00000201403.1,0.0
ENSG00000201405.1,0.0
ENSG00000201407.1,0.0
ENSG00000201410.1,0.0
ENSG00000201412.1,0.0
ENSG00000201413.1,0.0
ENSG00000201415.1,0.0
ENSG00000201420.1,0.0
ENSG00000201421.1,0.0
ENSG00000201423.1,0.0
ENSG00000201426.1,0.0
ENSG00000201428.1,0.0
ENSG00000201431.1,0.0
ENSG00000201432.1,0.0
ENSG00000201433.1,0.0
ENSG00000201435.1,0.0
ENSG00000201436.1,0.0
ENSG00000201439.1,0.0
ENSG00000201440.1,0.0
ENSG00000201441.1,0.0
ENSG00000201442.2,0.0
ENSG00000201443.1,0.0
ENSG00000201444.1,0.0
ENSG00000201447.1,0.0
ENSG00000201448.1,0.0
ENSG00000201451.1,0.0
ENSG00000201452.1,0.0
ENSG00000201457.1,0.0
ENSG00000201458.1,0.0
ENSG00000201464.1,0.0
ENSG00000201465.1,0.0
ENSG00000201466.1,0.0
ENSG00000201467.1,0.0
ENSG00000201469.1,0.0
ENSG00000201470.1,0.0
ENSG00000201474.1,0.0
ENSG00000201476.1,0.0
ENSG00000201482.1,0.0
ENSG00000201483.1,0.0
ENSG00000201487.1,0.0
ENSG00000201489.1,0.0
ENSG00000201491.1,0.0
ENSG00000201492.1,0.0
ENSG00000201493.1,0.0
ENSG00000201496.1,0.0
ENSG00000201498.1,0.0
ENSG00000201499.1,0.0
ENSG00000201500.1,0.0
ENSG00000201501.1,0.0
ENSG00000201502.1,0.0
ENSG00000201510.1,0.0
ENSG00000201511.1,0.0
ENSG00000201512.1,13.360685
ENSG00000201516.1,0.0
ENSG00000201517.1,0.0
ENSG00000201518.1,0.0
ENSG00000201519.1,0.0
ENSG00000201523.1,0.0
ENSG00000201524.1,0.0
ENSG00000201527.1,0.0
ENSG00000201529.1,0.0
ENSG00000201532.1,0.0
ENSG00000201533.1,0.0
ENSG00000201535.2,0.0
ENSG00000201541.1,0.0
ENSG00000201542.1,0.0
ENSG00000201544.1,0.0
ENSG00000201545.1,0.0
ENSG00000201547.1,0.0
ENSG00000201548.1,0.0
ENSG00000201549.1,0.0
ENSG00000201550.1,0.0
ENSG00000201554.1,0.0
ENSG00000201555.1,0.0
ENSG00000201557.1,0.0
ENSG00000201558.1,0.0
ENSG00000201560.1,0.0
ENSG00000201563.1,0.0
ENSG00000201564.1,0.0
ENSG00000201565.1,0.0
ENSG00000201566.1,0.0
ENSG00000201567.1,0.0
ENSG00000201569.1,0.0
ENSG00000201570.1,0.0
ENSG00000201573.1,0.0
ENSG00000201574.1,0.0
ENSG00000201579.1,0.0
ENSG00000201581.1,0.0
ENSG00000201583.1,0.0
ENSG00000201584.1,0.0
ENSG00000201586.1,0.0
ENSG00000201591.1,0.0
ENSG00000201592.1,0.0
ENSG00000201594.1,0.0
ENSG00000201595.1,0.0
ENSG00000201596.1,0.0
ENSG00000201598.1,0.0
ENSG00000201600.1,0.0
ENSG00000201602.1,0.0
ENSG00000201604.1,0.0
ENSG00000201607.1,0.0
ENSG00000201608.1,0.0
ENSG00000201609.1,0.0
ENSG00000201610.1,0.0
ENSG00000201612.1,0.0
ENSG00000201613.1,0.0
ENSG00000201616.1,0.0
ENSG00000201618.1,0.0
ENSG00000201619.1,0.0
ENSG00000201620.1,0.0
ENSG00000201622.1,0.0
ENSG00000201623.1,0.0
ENSG00000201624.1,0.0
ENSG00000201627.1,0.0
ENSG00000201628.1,0.0
ENSG00000201633.1,0.0
ENSG00000201634.1,0.0
ENSG00000201635.1,0.0
ENSG00000201638.2,0.0
ENSG00000201640.2,0.0
ENSG00000201641.1,0.0
ENSG00000201642.1,0.0
ENSG00000201643.1,0.0
ENSG00000201644.2,0.0
ENSG00000201648.1,0.0
ENSG00000201649.1,0.0
ENSG00000201654.1,0.0
ENSG00000201658.1,0.0
ENSG00000201659.1,0.0
ENSG00000201660.1,0.0
ENSG00000201662.1,0.0
ENSG00000201663.1,0.0
ENSG00000201665.1,0.0
ENSG00000201666.1,0.0
ENSG00000201668.1,0.0
ENSG00000201671.1,0.0
ENSG00000201672.1,0.0
ENSG00000201674.2,0.0
ENSG00000201675.1,0.0
ENSG00000201676.1,0.0
ENSG00000201679.1,0.0
ENSG00000201680.1,0.0
ENSG00000201683.1,0.0
ENSG00000201684.1,0.0
ENSG00000201687.1,0.0
ENSG00000201689.1,0.0
ENSG00000201690.1,0.0
ENSG00000201699.1,0.0
ENSG00000201700.3,0.0
ENSG00000201701.1,0.0
ENSG00000201704.1,0.0
ENSG00000201707.1,0.0
ENSG00000201708.1,0.0
ENSG00000201709.1,0.0
ENSG00000201710.1,0.0
ENSG00000201711.1,0.0
ENSG00000201713.1,0.0
ENSG00000201715.1,0.0
ENSG00000201723.2,0.0
ENSG00000201724.1,0.0
ENSG00000201725.1,0.0
ENSG00000201727.1,0.0
ENSG00000201728.1,0.0
ENSG00000201733.1,0.0
ENSG00000201736.1,0.0
ENSG00000201737.1,0.0
ENSG00000201741.1,0.0
ENSG00000201742.1,0.0
ENSG00000201744.1,0.0
ENSG00000201746.1,0.0
ENSG00000201747.1,0.0
ENSG00000201749.1,0.0
ENSG00000201752.1,0.0
ENSG00000201754.1,0.0
ENSG00000201756.1,0.0
ENSG00000201758.1,0.0
ENSG00000201761.1,0.0
ENSG00000201763.1,0.0
ENSG00000201766.1,0.0
ENSG00000201770.1,0.0
ENSG00000201772.1,0.0
ENSG00000201774.1,0.0
ENSG00000201775.1,0.0
ENSG00000201778.1,0.0
ENSG00000201780.1,0.0
ENSG00000201782.1,0.0
ENSG00000201785.1,0.0
ENSG00000201786.1,0.0
ENSG00000201788.1,0.0
ENSG00000201790.1,0.0
ENSG00000201791.1,0.0
ENSG00000201793.1,0.0
ENSG00000201794.1,0.0
ENSG00000201796.1,0.0
ENSG00000201800.1,0.0
ENSG00000201801.1,0.0
ENSG00000201805.1,0.0
ENSG00000201806.1,0.0
ENSG00000201807.1,0.0
ENSG00000201809.1,0.0
ENSG00000201810.1,0.0
ENSG00000201811.1,0.0
ENSG00000201812.1,0.0
ENSG00000201813.1,0.0
ENSG00000201815.1,0.0
ENSG00000201816.1,0.0
ENSG00000201818.1,0.0
ENSG00000201820.1,0.0
ENSG00000201821.1,0.0
ENSG00000201822.1,0.0
ENSG00000201823.1,0.0
ENSG00000201825.1,0.0
ENSG00000201826.1,0.0
ENSG00000201827.1,0.0
ENSG00000201830.1,0.0
ENSG00000201831.1,0.0
ENSG00000201839.1,0.0
ENSG00000201843.1,0.0
ENSG00000201846.1,0.0
ENSG00000201847.1,0.0
ENSG00000201850.1,0.0
ENSG00000201852.1,0.0
ENSG00000201856.1,0.0
ENSG00000201860.1,0.0
ENSG00000201861.1,0.0
ENSG00000201863.1,0.0
ENSG00000201867.1,0.0
ENSG00000201868.1,0.0
ENSG00000201869.1,0.0
ENSG00000201875.1,0.0
ENSG00000201876.1,0.0
ENSG00000201881.1,0.0
ENSG00000201882.1,0.0
ENSG00000201884.1,0.0
ENSG00000201892.1,0.0
ENSG00000201894.1,0.0
ENSG00000201896.1,0.0
ENSG00000201898.1,0.0
ENSG00000201899.1,0.0
ENSG00000201900.1,0.0
ENSG00000201901.1,0.0
ENSG00000201907.1,0.0
ENSG00000201909.1,0.0
ENSG00000201910.1,0.0
ENSG00000201912.1,0.0
ENSG00000201913.1,0.0
ENSG00000201916.1,0.0
ENSG00000201919.1,0.0
ENSG00000201920.1,0.0
ENSG00000201922.1,0.0
ENSG00000201923.1,0.0
ENSG00000201931.1,0.0
ENSG00000201933.1,0.0
ENSG00000201938.1,0.0
ENSG00000201939.1,0.0
ENSG00000201942.1,0.0
ENSG00000201943.1,0.0
ENSG00000201944.1,0.0
ENSG00000201945.1,0.0
ENSG00000201950.1,0.0
ENSG00000201954.1,0.0
ENSG00000201955.1,0.0
ENSG00000201957.1,0.0
ENSG00000201962.1,0.0
ENSG00000201965.1,0.0
ENSG00000201966.1,0.0
ENSG00000201967.1,0.0
ENSG00000201968.1,0.0
ENSG00000201969.1,0.0
ENSG00000201980.1,0.0
ENSG00000201984.1,0.0
ENSG00000201987.1,0.0
ENSG00000201988.2,0.0
ENSG00000201990.1,0.0
ENSG00000201992.1,0.0
ENSG00000201998.1,0.0
ENSG00000201999.1,0.0
ENSG00000202000.1,0.0
ENSG00000202001.2,0.0
ENSG00000202008.1,0.0
ENSG00000202014.1,0.0
ENSG00000202016.1,0.0
ENSG00000202017.1,0.0
ENSG00000202019.1,0.0
ENSG00000202023.1,0.0
ENSG00000202024.1,0.0
ENSG00000202025.1,0.0
ENSG00000202026.1,0.0
ENSG00000202027.1,0.0
ENSG00000202029.1,0.0
ENSG00000202031.1,0.0
ENSG00000202034.1,0.0
ENSG00000202035.1,0.0
ENSG00000202039.1,0.0
ENSG00000202041.1,0.0
ENSG00000202044.1,0.0
ENSG00000202046.1,0.0
ENSG00000202047.1,0.0
ENSG00000202048.1,0.0
ENSG00000202050.1,0.0
ENSG00000202051.1,0.0
ENSG00000202054.1,0.0
ENSG00000202056.1,0.0
ENSG00000202058.1,0.0
ENSG00000202059.1,0.0
ENSG00000202060.1,0.0
ENSG00000202063.1,0.0
ENSG00000202069.1,0.0
ENSG00000202070.1,0.0
ENSG00000202071.1,0.0
ENSG00000202074.1,0.0
ENSG00000202078.1,0.0
ENSG00000202079.1,0.0
ENSG00000202081.1,0.0
ENSG00000202082.2,0.0
ENSG00000202089.1,0.0
ENSG00000202092.1,0.0
ENSG00000202093.1,0.0
ENSG00000202095.1,0.0
ENSG00000202099.1,0.0
ENSG00000202100.1,0.0
ENSG00000202103.1,0.0
ENSG00000202111.1,0.0
ENSG00000202112.1,0.0
ENSG00000202119.1,0.0
ENSG00000202124.1,0.0
ENSG00000202125.1,0.0
ENSG00000202137.1,0.0
ENSG00000202141.1,0.0
ENSG00000202142.1,0.0
ENSG00000202144.1,0.0
ENSG00000202146.1,0.0
ENSG00000202147.1,0.0
ENSG00000202150.1,0.0
ENSG00000202151.1,0.0
ENSG00000202157.1,0.0
ENSG00000202159.1,0.0
ENSG00000202160.1,0.0
ENSG00000202164.1,0.0
ENSG00000202167.1,0.0
ENSG00000202169.1,0.0
ENSG00000202172.1,0.0
ENSG00000202174.1,0.0
ENSG00000202175.1,0.0
ENSG00000202177.1,0.0
ENSG00000202182.1,0.0
ENSG00000202183.1,0.0
ENSG00000202184.1,0.0
ENSG00000202186.1,0.0
ENSG00000202187.1,0.0
ENSG00000202188.1,0.0
ENSG00000202189.1,0.0
ENSG00000202190.1,0.0
ENSG00000202191.1,0.0
ENSG00000202193.1,0.0
ENSG00000202195.1,0.0
ENSG00000202198.1,0.0
ENSG00000202199.1,0.0
ENSG00000202200.1,0.0
ENSG00000202205.1,0.0
ENSG00000202206.1,0.0
ENSG00000202211.1,0.0
ENSG00000202215.1,0.0
ENSG00000202216.2,0.0
ENSG00000202217.1,0.0
ENSG00000202222.1,0.0
ENSG00000202224.1,0.0
ENSG00000202225.1,0.0
ENSG00000202227.1,0.0
ENSG00000202229.1,0.0
ENSG00000202231.1,0.0
ENSG00000202233.2,0.0
ENSG00000202237.1,0.0
ENSG00000202239.1,0.0
ENSG00000202240.1,0.0
ENSG00000202241.1,0.0
ENSG00000202242.1,0.0
ENSG00000202245.1,0.0
ENSG00000202249.1,0.0
ENSG00000202251.1,0.0
ENSG00000202252.1,0.0
ENSG00000202254.1,0.0
ENSG00000202255.1,0.0
ENSG00000202259.1,0.0
ENSG00000202260.1,0.0
ENSG00000202261.1,0.0
ENSG00000202263.1,0.0
ENSG00000202264.1,0.0
ENSG00000202265.1,0.0
ENSG00000202268.2,0.0
ENSG00000202269.1,0.0
ENSG00000202270.1,0.0
ENSG00000202272.1,0.0
ENSG00000202273.1,0.0
ENSG00000202275.1,0.0
ENSG00000202276.1,0.0
ENSG00000202279.1,0.0
ENSG00000202281.1,0.0
ENSG00000202283.1,0.0
ENSG00000202285.1,0.0
ENSG00000202290.1,0.0
ENSG00000202293.1,0.0
ENSG00000202296.1,0.0
ENSG00000202297.1,0.0
ENSG00000202300.1,0.0
ENSG00000202304.1,0.0
ENSG00000202306.1,0.0
ENSG00000202308.1,0.0
ENSG00000202309.1,0.0
ENSG00000202310.1,0.0
ENSG00000202313.1,0.0
ENSG00000202314.1,0.0
ENSG00000202317.1,0.0
ENSG00000202318.1,0.0
ENSG00000202322.1,0.0
ENSG00000202324.1,0.0
ENSG00000202329.1,0.0
ENSG00000202331.1,0.0
ENSG00000202332.1,0.0
ENSG00000202334.1,0.0
ENSG00000202335.1,0.0
ENSG00000202336.1,0.0
ENSG00000202339.1,0.0
ENSG00000202341.1,0.0
ENSG00000202343.1,0.0
ENSG00000202344.1,0.0
ENSG00000202345.1,0.0
ENSG00000202347.1,0.0
ENSG00000202350.1,0.0
ENSG00000202351.1,0.0
ENSG00000202354.1,0.0
ENSG00000202356.1,0.0
ENSG00000202357.1,0.0
ENSG00000202358.1,0.0
ENSG00000202360.1,0.0
ENSG00000202361.1,0.0
ENSG00000202363.1,0.0
ENSG00000202368.1,0.0
ENSG00000202374.1,0.0
ENSG00000202377.1,0.0
ENSG00000202379.1,0.0
ENSG00000202380.1,0.0
ENSG00000202382.1,0.0
ENSG00000202383.1,0.0
ENSG00000202385.1,0.0
ENSG00000202386.1,0.0
ENSG00000202388.1,0.0
ENSG00000202389.1,0.0
ENSG00000202392.1,0.0
ENSG00000202395.1,0.0
ENSG00000202398.1,0.0
ENSG00000202399.1,0.0
ENSG00000202400.1,0.0
ENSG00000202402.1,0.0
ENSG00000202406.1,0.0
ENSG00000202407.1,0.0
ENSG00000202408.2,0.0
ENSG00000202410.1,0.0
ENSG00000202411.1,0.0
ENSG00000202412.1,0.0
ENSG00000202414.1,0.0
ENSG00000202415.1,0.0
ENSG00000202417.1,0.0
ENSG00000202422.1,0.0
ENSG00000202423.1,0.0
ENSG00000202427.1,0.0
ENSG00000202428.1,0.0
ENSG00000202429.1,0.0
ENSG00000202430.1,0.0
ENSG00000202431.1,0.0
ENSG00000202433.1,0.0
ENSG00000202434.1,0.0
ENSG00000202438.1,0.0
ENSG00000202440.1,0.0
ENSG00000202441.2,0.0
ENSG00000202444.1,0.0
ENSG00000202445.1,0.0
ENSG00000202449.1,0.0
ENSG00000202459.1,0.0
ENSG00000202461.1,0.0
ENSG00000202468.1,0.0
ENSG00000202469.1,0.0
ENSG00000202470.1,0.0
ENSG00000202471.1,0.0
ENSG00000202472.1,0.0
ENSG00000202473.1,0.0
ENSG00000202474.1,0.0
ENSG00000202476.1,0.0
ENSG00000202478.1,0.0
ENSG00000202479.1,0.0
ENSG00000202485.1,0.0
ENSG00000202490.1,0.0
ENSG00000202491.1,0.0
ENSG00000202495.1,0.0
ENSG00000202497.1,0.0
ENSG00000202498.1,0.0
ENSG00000202502.1,0.0
ENSG00000202503.1,0.0
ENSG00000202508.1,0.0
ENSG00000202512.1,0.0
ENSG00000202513.1,0.0
ENSG00000202514.1,0.0
ENSG00000202515.1,0.0
ENSG00000202517.1,0.0
ENSG00000202522.1,0.0
ENSG00000202523.1,0.0
ENSG00000202528.1,0.0
ENSG00000202529.1,0.0
ENSG00000202532.1,0.0
ENSG00000202533.1,0.0
ENSG00000202534.1,0.0
ENSG00000202536.2,0.0
ENSG00000202537.1,0.0
ENSG00000202538.2,10.702374
ENSG00000202542.1,0.0
ENSG00000202560.4,0.0
ENSG00000202566.4,0.0
ENSG00000202569.4,0.0
ENSG00000202601.4,0.0
ENSG00000202609.4,0.0
ENSG00000203258.3,0.0
ENSG00000203262.3,0.0
ENSG00000203266.3,0.0
ENSG00000203279.7,2.36923
ENSG00000203280.5,0.0
ENSG00000203286.5,2.090006
ENSG00000203288.7,0.713946
ENSG00000203307.2,0.0
ENSG00000203321.3,0.0
ENSG00000203325.3,0.0
ENSG00000203326.12,0.809645
ENSG00000203327.2,0.0
ENSG00000203334.5,0.0
ENSG00000203335.6,0.0
ENSG00000203356.3,0.099716
ENSG00000203362.2,0.0
ENSG00000203363.2,1.107224
ENSG00000203364.2,0.0
ENSG00000203387.2,0.983519
ENSG00000203392.3,0.11042
ENSG00000203395.2,0.181597
ENSG00000203396.3,0.0
ENSG00000203397.2,0.0
ENSG00000203402.2,4.619715
ENSG00000203408.5,0.0
ENSG00000203411.3,0.0
ENSG00000203413.3,0.0
ENSG00000203414.2,0.0
ENSG00000203416.3,0.0
ENSG00000203434.2,0.0
ENSG00000203435.2,0.210622
ENSG00000203436.2,0.0
ENSG00000203437.3,0.0
ENSG00000203446.2,0.0
ENSG00000203462.2,0.0
ENSG00000203463.2,0.0
ENSG00000203469.2,0.0
ENSG00000203472.3,0.583156
ENSG00000203485.14,19.701016
ENSG00000203489.3,0.0
ENSG00000203492.5,0.0
ENSG00000203496.9,0.0
ENSG00000203497.4,40.187859
ENSG00000203498.3,0.0
ENSG00000203499.12,0.087338
ENSG00000203506.5,0.0
ENSG00000203523.3,0.0
ENSG00000203527.2,0.42582
ENSG00000203531.3,0.0
ENSG00000203546.7,3.079541
ENSG00000203560.3,0.0
ENSG00000203565.4,0.0
ENSG00000203573.4,0.0
ENSG00000203581.7,0.0
ENSG00000203585.5,0.0
ENSG00000203588.3,0.0
ENSG00000203593.4,0.0
ENSG00000203601.4,0.0
ENSG00000203605.3,0.0
ENSG00000203616.2,0.0
ENSG00000203618.6,49.286859
ENSG00000203620.3,0.325598
ENSG00000203635.2,0.0
ENSG00000203643.3,0.0
ENSG00000203644.3,5.881799
ENSG00000203645.3,0.231175
ENSG00000203647.2,0.0
ENSG00000203648.3,0.0
ENSG00000203650.10,0.0
ENSG00000203661.4,0.0
ENSG00000203663.4,0.0
ENSG00000203664.8,0.0
ENSG00000203666.13,3.6222070000000004
ENSG00000203667.10,6.990276
ENSG00000203668.3,0.088685
ENSG00000203684.6,0.681024
ENSG00000203685.11,0.0
ENSG00000203688.7,0.0
ENSG00000203690.14,0.0
ENSG00000203697.12,0.0
ENSG00000203705.11,10.649959
ENSG00000203706.10,0.0
ENSG00000203709.15,32.143805
ENSG00000203710.12,13.206764999999999
ENSG00000203711.17,0.0
ENSG00000203721.9,0.900149
ENSG00000203722.8,0.0
ENSG00000203724.11,0.0
ENSG00000203727.4,0.0
ENSG00000203729.8,0.0
ENSG00000203730.3,0.0
ENSG00000203733.6,0.0
ENSG00000203734.13,0.0
ENSG00000203737.5,0.0
ENSG00000203739.7,1.262643
ENSG00000203740.4,0.0
ENSG00000203747.13,433.347919
ENSG00000203756.8,0.0
ENSG00000203757.2,0.269098
ENSG00000203758.4,0.0
ENSG00000203760.9,1.440943
ENSG00000203761.5,0.0
ENSG00000203772.8,0.0
ENSG00000203778.8,0.547321
ENSG00000203780.12,0.0
ENSG00000203781.4,0.0
ENSG00000203782.6,0.0
ENSG00000203783.5,0.0
ENSG00000203784.3,0.0
ENSG00000203785.9,0.0
ENSG00000203786.7,0.0
ENSG00000203791.15,4.261645
ENSG00000203795.3,0.0
ENSG00000203797.12,0.729169
ENSG00000203799.15,0.0
ENSG00000203801.9,0.978566
ENSG00000203804.5,4.548788
ENSG00000203805.11,0.0
ENSG00000203808.14,0.60698
ENSG00000203809.8,0.099541
ENSG00000203811.2,0.0
ENSG00000203814.7,5.025102
ENSG00000203825.4,0.0
ENSG00000203837.5,0.0
ENSG00000203852.4,0.0
ENSG00000203855.7,0.0
ENSG00000203857.10,0.0
ENSG00000203858.3,0.0
ENSG00000203859.10,0.0
ENSG00000203864.3,0.0
ENSG00000203865.13,1.643573
ENSG00000203867.9,0.0
ENSG00000203870.6,0.0
ENSG00000203872.7,0.660418
ENSG00000203875.14,25.418617
ENSG00000203876.11,0.287546
ENSG00000203877.9,0.0
ENSG00000203878.12,0.0
ENSG00000203879.12,136.757538
ENSG00000203880.13,2.7824419999999996
ENSG00000203883.7,0.0
ENSG00000203896.10,70.197564
ENSG00000203897.5,0.0
ENSG00000203900.2,0.0
ENSG00000203907.10,0.0
ENSG00000203908.4,0.0
ENSG00000203909.4,0.0
ENSG00000203910.9,0.0
ENSG00000203914.4,0.0
ENSG00000203923.5,0.0
ENSG00000203926.5,0.0
ENSG00000203930.15,0.021127
ENSG00000203933.3,0.0
ENSG00000203942.5,0.0
ENSG00000203943.9,0.0
ENSG00000203950.7,21.39653
ENSG00000203952.10,0.0
ENSG00000203963.12,0.0
ENSG00000203965.13,0.223842
ENSG00000203970.4,0.0
ENSG00000203971.3,0.0
ENSG00000203972.10,0.0
ENSG00000203985.11,0.0
ENSG00000203987.4,0.0
ENSG00000203989.5,0.0
ENSG00000203993.8,8.901422
ENSG00000203995.11,0.0
ENSG00000203999.11,16.28658
ENSG00000204001.10,0.0
ENSG00000204003.8,0.0
ENSG00000204006.11,0.0
ENSG00000204007.8,0.0
ENSG00000204010.3,6.627761
ENSG00000204011.5,0.0
ENSG00000204019.5,0.0
ENSG00000204020.6,4.064403
ENSG00000204021.5,0.0
ENSG00000204022.9,0.0
ENSG00000204025.8,0.0
ENSG00000204031.3,0.0
ENSG00000204033.10,0.0
ENSG00000204044.6,0.0
ENSG00000204049.2,0.0
ENSG00000204052.5,0.0
ENSG00000204053.6,0.0
ENSG00000204054.15,29.93294
ENSG00000204055.5,0.0
ENSG00000204060.8,0.0
ENSG00000204065.3,0.0
ENSG00000204070.10,30.232013
ENSG00000204071.11,0.0
ENSG00000204072.4,0.0
ENSG00000204084.14,7.811814
ENSG00000204086.4,0.0
ENSG00000204091.9,0.0
ENSG00000204099.12,0.0
ENSG00000204103.4,20.499737
ENSG00000204104.12,0.583246
ENSG00000204110.8,0.814941
ENSG00000204113.6,0.0
ENSG00000204116.12,0.235568
ENSG00000204117.3,0.0
ENSG00000204118.3,0.0
ENSG00000204120.16,11.309105
ENSG00000204121.2,0.0
ENSG00000204128.6,0.0
ENSG00000204130.14,1.001868
ENSG00000204131.11,21.219749999999998
ENSG00000204136.12,3.59798
ENSG00000204138.13,6.488253
ENSG00000204140.10,0.0
ENSG00000204147.11,0.0
ENSG00000204148.4,0.0
ENSG00000204149.16,7.371136
ENSG00000204152.14,1.185806
ENSG00000204160.12,313.68530599999997
ENSG00000204161.15,35.912191
ENSG00000204165.6,5.77362
ENSG00000204172.12,1.555784
ENSG00000204173.12,0.0
ENSG00000204174.8,0.0
ENSG00000204175.6,0.0
ENSG00000204176.14,0.0
ENSG00000204177.13,0.0
ENSG00000204178.11,5.918124
ENSG00000204179.11,0.127965
ENSG00000204183.3,0.0
ENSG00000204186.11,0.0
ENSG00000204188.8,0.0
ENSG00000204193.12,0.0
ENSG00000204194.1,0.0
ENSG00000204195.4,0.0
ENSG00000204196.5,0.0
ENSG00000204197.9,0.0
ENSG00000204209.13,21.643105
ENSG00000204217.16,0.729936
ENSG00000204219.11,4.815825
ENSG00000204220.12,19.533141
ENSG00000204221.11,11.259114
ENSG00000204227.5,3.230555
ENSG00000204228.4,6.874092
ENSG00000204231.11,30.052504
ENSG00000204237.5,36.886765
ENSG00000204241.10,0.450464
ENSG00000204246.4,0.0
ENSG00000204248.12,0.0
ENSG00000204250.4,0.0
ENSG00000204252.14,4.049847
ENSG00000204253.4,0.0
ENSG00000204256.15,44.069911000000005
ENSG00000204257.15,2.487099
ENSG00000204261.9,54.05216
ENSG00000204262.14,0.03581
ENSG00000204264.12,433.005375
ENSG00000204267.19,52.527634
ENSG00000204271.13,2.888592
ENSG00000204272.13,18.724126
ENSG00000204277.2,0.081063
ENSG00000204278.14,0.0
ENSG00000204279.8,0.0
ENSG00000204283.5,1.755138
ENSG00000204287.14,1220.88788
ENSG00000204290.11,0.0
ENSG00000204291.12,0.044181
ENSG00000204296.13,0.0
ENSG00000204300.7,0.0
ENSG00000204301.6,2.145311
ENSG00000204304.12,70.477589
ENSG00000204305.16,45.91532
ENSG00000204308.8,58.499314
ENSG00000204310.13,41.855630000000005
ENSG00000204311.15,0.210787
ENSG00000204314.12,0.686564
ENSG00000204315.4,4.304392
ENSG00000204316.13,61.75683
ENSG00000204323.5,9.179331
ENSG00000204334.8,0.0
ENSG00000204335.4,0.0
ENSG00000204338.9,0.17244
ENSG00000204344.16,22.051277999999996
ENSG00000204345.1,6.002032
ENSG00000204347.4,0.0
ENSG00000204348.10,6.20433
ENSG00000204351.13,13.783180999999999
ENSG00000204352.5,0.0
ENSG00000204356.14,62.958962
ENSG00000204359.9,0.0
ENSG00000204361.10,0.0
ENSG00000204362.7,0.0
ENSG00000204363.5,0.0
ENSG00000204364.10,0.0
ENSG00000204366.4,0.0
ENSG00000204368.6,0.0
ENSG00000204370.14,55.102531
ENSG00000204371.12,13.182027
ENSG00000204379.11,0.0
ENSG00000204380.5,0.0
ENSG00000204381.12,0.0
ENSG00000204382.12,0.0
ENSG00000204385.13,0.0
ENSG00000204386.13,21.601967000000002
ENSG00000204387.15,91.099553
ENSG00000204388.7,0.0
ENSG00000204389.11,145.554089
ENSG00000204390.10,0.0
ENSG00000204392.11,27.96627
ENSG00000204393.9,0.0
ENSG00000204394.13,3.475329
ENSG00000204396.11,0.0
ENSG00000204397.11,81.20933099999999
ENSG00000204399.3,0.0
ENSG00000204403.11,0.0
ENSG00000204406.14,8.467912
ENSG00000204410.16,3.282939
ENSG00000204414.14,0.0
ENSG00000204420.10,0.0
ENSG00000204421.3,0.63415
ENSG00000204422.7,0.0
ENSG00000204424.10,9.094299
ENSG00000204427.12,57.230345
ENSG00000204428.12,2.192098
ENSG00000204429.4,0.0
ENSG00000204434.6,0.0
ENSG00000204435.15,104.63611
ENSG00000204437.7,0.0
ENSG00000204438.11,27.869328
ENSG00000204439.4,0.0
ENSG00000204442.4,0.0
ENSG00000204444.11,5.539885
ENSG00000204446.5,0.0
ENSG00000204449.3,0.0
ENSG00000204450.9,0.0
ENSG00000204455.7,0.0
ENSG00000204456.4,0.0
ENSG00000204460.3,0.0
ENSG00000204463.14,90.012542
ENSG00000204464.8,0.0
ENSG00000204469.13,23.438372
ENSG00000204471.3,0.0
ENSG00000204472.13,353.949145
ENSG00000204475.10,29.568685000000002
ENSG00000204478.11,0.0
ENSG00000204479.4,0.0
ENSG00000204480.9,0.0
ENSG00000204481.8,0.0
ENSG00000204482.11,1272.783476
ENSG00000204490.3,9.139404
ENSG00000204498.11,0.0
ENSG00000204501.7,0.0
ENSG00000204505.5,0.0
ENSG00000204510.6,0.0
ENSG00000204511.3,0.0
ENSG00000204514.11,4.810778000000001
ENSG00000204516.10,3.741464
ENSG00000204518.3,0.0
ENSG00000204519.11,1.424839
ENSG00000204520.14,1.887632
ENSG00000204524.7,0.819054
ENSG00000204525.18,1897.339086
ENSG00000204528.4,0.0
ENSG00000204529.5,0.0
ENSG00000204531.21,1.130448
ENSG00000204532.9,0.0
ENSG00000204536.15,0.33224
ENSG00000204538.4,0.0
ENSG00000204539.4,0.0
ENSG00000204540.11,0.0
ENSG00000204542.3,0.0
ENSG00000204544.5,0.0
ENSG00000204547.8,0.0
ENSG00000204548.4,0.0
ENSG00000204555.3,0.0
ENSG00000204556.4,0.0
ENSG00000204560.10,30.391265
ENSG00000204564.12,1.783525
ENSG00000204568.12,32.726306
ENSG00000204569.10,8.73969
ENSG00000204571.7,0.0
ENSG00000204572.10,0.22658
ENSG00000204574.14,8.859565
ENSG00000204576.12,1.149726
ENSG00000204577.12,20.138977
ENSG00000204580.14,1.5893
ENSG00000204581.3,0.083311
ENSG00000204583.10,0.0
ENSG00000204584.1,1.662239
ENSG00000204588.6,0.779137
ENSG00000204590.13,18.058464
ENSG00000204592.9,0.0
ENSG00000204595.3,0.0
ENSG00000204599.16,7.185944
ENSG00000204603.8,0.0
ENSG00000204604.13,1.448989
ENSG00000204610.14,0.0
ENSG00000204611.7,1.120983
ENSG00000204612.1,0.0
ENSG00000204613.11,0.0
ENSG00000204614.9,0.017505
ENSG00000204616.11,0.0
ENSG00000204618.10,0.0
ENSG00000204619.8,0.0
ENSG00000204620.4,0.550868
ENSG00000204622.12,0.0
ENSG00000204623.12,0.0
ENSG00000204624.8,0.0
ENSG00000204625.11,0.314837
ENSG00000204628.12,1541.914882
ENSG00000204632.13,0.301643
ENSG00000204634.13,17.678555
ENSG00000204637.4,0.0
ENSG00000204640.1,0.0
ENSG00000204642.14,27.264851
ENSG00000204644.10,0.0
ENSG00000204648.12,0.0
ENSG00000204650.15,0.0
ENSG00000204652.6,0.0
ENSG00000204653.10,0.0
ENSG00000204655.12,0.0
ENSG00000204657.4,0.0
ENSG00000204658.5,0.0
ENSG00000204659.5,0.0
ENSG00000204661.10,0.0
ENSG00000204662.2,0.0
ENSG00000204663.10,0.0
ENSG00000204666.4,0.0
ENSG00000204669.11,0.0
ENSG00000204670.7,0.0
ENSG00000204671.2,0.0
ENSG00000204673.11,22.429608
ENSG00000204677.14,1.153117
ENSG00000204681.11,17.838513
ENSG00000204682.10,0.0
ENSG00000204684.5,0.0
ENSG00000204685.10,3.128705
ENSG00000204687.4,0.0
ENSG00000204688.10,0.0
ENSG00000204692.9,0.0
ENSG00000204694.13,0.0
ENSG00000204695.4,0.0
ENSG00000204697.3,0.0
ENSG00000204699.4,0.0
ENSG00000204700.5,0.0
ENSG00000204701.3,0.0
ENSG00000204702.6,0.0
ENSG00000204703.5,0.0
ENSG00000204704.3,0.0
ENSG00000204705.3,0.0
ENSG00000204706.15,0.0
ENSG00000204709.5,0.0
ENSG00000204710.3,0.523001
ENSG00000204711.9,0.0
ENSG00000204713.11,44.195377
ENSG00000204718.3,0.0
ENSG00000204740.11,0.0
ENSG00000204745.4,0.533699
ENSG00000204754.4,0.0
ENSG00000204758.9,0.701932
ENSG00000204764.14,0.0
ENSG00000204767.4,0.080491
ENSG00000204776.6,0.0
ENSG00000204778.4,7.56489
ENSG00000204779.2,0.0
ENSG00000204780.5,0.0
ENSG00000204787.9,0.0
ENSG00000204789.6,0.0
ENSG00000204790.9,0.0
ENSG00000204791.13,0.18805
ENSG00000204792.3,0.0
ENSG00000204801.7,0.0
ENSG00000204802.4,0.0
ENSG00000204814.5,0.0
ENSG00000204815.10,0.376227
ENSG00000204816.5,0.0
ENSG00000204818.4,0.0
ENSG00000204822.7,84.311922
ENSG00000204832.11,0.0
ENSG00000204837.6,0.0
ENSG00000204839.9,9.43823
ENSG00000204842.18,14.311101
ENSG00000204843.13,53.422452
ENSG00000204849.10,0.0
ENSG00000204850.4,1.356088
ENSG00000204851.7,0.247798
ENSG00000204852.17,5.712008
ENSG00000204856.12,3.411659
ENSG00000204859.13,57.200983
ENSG00000204860.5,0.205493
ENSG00000204866.9,0.0
ENSG00000204869.9,1.048696
ENSG00000204872.4,6.206301
ENSG00000204873.5,0.0
ENSG00000204876.6,0.0
ENSG00000204880.9,0.0
ENSG00000204882.4,0.0
ENSG00000204887.5,0.0
ENSG00000204889.11,0.0
ENSG00000204894.4,0.0
ENSG00000204897.7,0.0
ENSG00000204899.6,0.654071
ENSG00000204904.8,0.0
ENSG00000204909.8,0.0
ENSG00000204913.7,0.0
ENSG00000204919.1,0.0
ENSG00000204920.11,1.847503
ENSG00000204922.5,6.021285
ENSG00000204923.4,1.198548
ENSG00000204928.3,0.0
ENSG00000204929.14,0.153664
ENSG00000204930.10,0.13211
ENSG00000204933.3,0.0
ENSG00000204934.11,1.49781
ENSG00000204936.10,9.432541
ENSG00000204941.14,0.0
ENSG00000204946.10,9.799725
ENSG00000204947.9,0.887945
ENSG00000204949.12,0.0
ENSG00000204950.4,0.0
ENSG00000204952.3,0.0
ENSG00000204954.10,2.1490080000000003
ENSG00000204956.6,0.0
ENSG00000204959.4,0.0
ENSG00000204960.7,0.0
ENSG00000204961.7,0.033136
ENSG00000204962.6,0.0
ENSG00000204963.6,0.0
ENSG00000204965.9,0.0
ENSG00000204967.13,0.021445
ENSG00000204969.7,0.0
ENSG00000204970.10,0.0
ENSG00000204971.4,0.0
ENSG00000204977.10,8.239838
ENSG00000204978.3,0.0
ENSG00000204979.8,0.0
ENSG00000204982.3,0.0
ENSG00000204983.15,0.0
ENSG00000204989.3,0.0
ENSG00000204990.3,0.0
ENSG00000204991.11,1.479006
ENSG00000204993.3,0.0
ENSG00000205002.4,0.720484
ENSG00000205015.2,0.0
ENSG00000205018.2,2.744137
ENSG00000205022.9,0.594319
ENSG00000205025.9,0.0
ENSG00000205029.1,0.0
ENSG00000205030.1,0.0
ENSG00000205035.9,0.0
ENSG00000205037.3,0.357091
ENSG00000205038.12,0.766234
ENSG00000205041.1,0.0
ENSG00000205044.8,0.0
ENSG00000205045.13,5.9765749999999995
ENSG00000205054.10,0.0
ENSG00000205056.9,0.547763
ENSG00000205057.7,0.0
ENSG00000205060.11,2.823871
ENSG00000205076.5,0.0
ENSG00000205078.6,0.256967
ENSG00000205084.12,0.544569
ENSG00000205085.13,0.722745
ENSG00000205086.8,0.0
ENSG00000205089.8,0.183622
ENSG00000205090.10,1.103965
ENSG00000205097.7,0.0
ENSG00000205100.3,0.0
ENSG00000205105.6,0.0
ENSG00000205106.6,0.0
ENSG00000205108.6,0.0
ENSG00000205111.10,0.0
ENSG00000205116.4,0.0
ENSG00000205126.2,0.137717
ENSG00000205129.9,0.0
ENSG00000205133.12,2.278368
ENSG00000205138.4,15.961893
ENSG00000205143.5,0.0
ENSG00000205155.8,236.68016599999999
ENSG00000205174.4,0.0
ENSG00000205176.4,0.0
ENSG00000205177.7,0.0
ENSG00000205181.9,0.261922
ENSG00000205184.2,0.0
ENSG00000205186.4,0.0
ENSG00000205189.13,0.160636
ENSG00000205208.5,0.980419
ENSG00000205209.8,0.038051
ENSG00000205212.8,0.0
ENSG00000205213.14,0.0
ENSG00000205215.9,0.0
ENSG00000205220.12,692.370962
ENSG00000205221.13,0.338662
ENSG00000205231.1,0.0
ENSG00000205236.6,7.373017
ENSG00000205238.12,0.0
ENSG00000205240.4,0.0
ENSG00000205250.9,81.920636
ENSG00000205266.11,0.0
ENSG00000205267.5,0.0
ENSG00000205268.11,18.4698
ENSG00000205269.6,2.01859
ENSG00000205274.5,0.0
ENSG00000205277.10,0.0
ENSG00000205279.9,0.0
ENSG00000205293.6,0.0
ENSG00000205300.4,0.0
ENSG00000205301.12,0.0
ENSG00000205302.7,44.680812
ENSG00000205307.12,107.68369
ENSG00000205309.14,8.257545
ENSG00000205312.9,0.0
ENSG00000205318.5,0.0
ENSG00000205323.9,7.865295
ENSG00000205325.5,0.0
ENSG00000205327.3,0.0
ENSG00000205328.3,0.0
ENSG00000205329.3,0.0
ENSG00000205330.4,0.0
ENSG00000205331.5,0.0
ENSG00000205333.5,0.0
ENSG00000205334.5,0.0
ENSG00000205336.14,33.750804
ENSG00000205339.10,3.538097
ENSG00000205352.11,800.1216850000001
ENSG00000205356.10,19.619744
ENSG00000205358.4,0.0
ENSG00000205359.10,0.0
ENSG00000205360.6,0.0
ENSG00000205361.10,0.0
ENSG00000205362.11,0.0
ENSG00000205363.7,0.0
ENSG00000205364.4,0.0
ENSG00000205396.12,0.389935
ENSG00000205403.15,0.0
ENSG00000205409.3,0.0
ENSG00000205412.5,0.0
ENSG00000205413.8,7.18375
ENSG00000205414.1,0.0
ENSG00000205420.11,0.0
ENSG00000205423.12,9.453526
ENSG00000205424.2,0.0
ENSG00000205426.11,0.76779
ENSG00000205433.4,0.0
ENSG00000205436.8,0.0
ENSG00000205439.10,0.0
ENSG00000205442.13,0.0
ENSG00000205444.4,0.0
ENSG00000205445.3,0.0
ENSG00000205449.12,0.0
ENSG00000205452.6,0.0
ENSG00000205456.12,0.0
ENSG00000205457.12,0.0
ENSG00000205464.14,0.0
ENSG00000205476.9,1.1784409999999998
ENSG00000205482.11,0.61636
ENSG00000205488.10,0.0
ENSG00000205494.10,0.0
ENSG00000205495.1,0.0
ENSG00000205496.1,0.0
ENSG00000205497.5,0.0
ENSG00000205500.9,0.375888
ENSG00000205502.4,0.0
ENSG00000205517.13,3.364354
ENSG00000205531.14,38.831271
ENSG00000205534.6,0.0
ENSG00000205537.2,0.202991
ENSG00000205542.11,9491.894846000001
ENSG00000205544.4,27.003878
ENSG00000205549.11,0.0
ENSG00000205559.6,2.848469
ENSG00000205560.14,36.978149
ENSG00000205562.6,0.0
ENSG00000205571.15,2.315359
ENSG00000205572.11,0.523853
ENSG00000205578.6,0.334096
ENSG00000205579.3,0.0
ENSG00000205581.11,43.704029999999996
ENSG00000205583.15,0.0
ENSG00000205584.6,0.0
ENSG00000205592.16,0.376081
ENSG00000205593.12,8.772208000000001
ENSG00000205596.4,0.0
ENSG00000205609.13,6.101502
ENSG00000205611.6,0.0
ENSG00000205622.14,0.0
ENSG00000205625.2,0.0
ENSG00000205628.6,0.0
ENSG00000205629.12,17.647613
ENSG00000205632.5,0.0
ENSG00000205634.8,0.0
ENSG00000205636.3,0.0
ENSG00000205639.12,8.919543
ENSG00000205642.11,0.0
ENSG00000205643.11,9.082949
ENSG00000205644.5,0.0
ENSG00000205649.9,0.0
ENSG00000205653.2,0.0
ENSG00000205659.12,0.994519
ENSG00000205667.3,0.0
ENSG00000205669.4,0.0
ENSG00000205670.12,5.70104
ENSG00000205678.8,0.0
ENSG00000205682.2,0.122439
ENSG00000205683.12,0.0
ENSG00000205693.4,0.0
ENSG00000205695.3,0.0
ENSG00000205696.6,0.0
ENSG00000205702.13,1.4119329999999999
ENSG00000205704.9,0.0
ENSG00000205707.11,2.955622
ENSG00000205710.4,0.20524
ENSG00000205716.4,0.0
ENSG00000205718.10,0.0
ENSG00000205726.15,2.398448
ENSG00000205730.7,3.429594
ENSG00000205740.3,0.28387399999999996
ENSG00000205744.10,86.466601
ENSG00000205745.2,0.0
ENSG00000205746.10,0.372694
ENSG00000205754.13,0.0
ENSG00000205755.13,0.278366
ENSG00000205758.12,7.9852110000000005
ENSG00000205763.16,0.0
ENSG00000205765.10,3.9582
ENSG00000205767.4,0.0
ENSG00000205771.9,0.0
ENSG00000205777.19,0.0
ENSG00000205784.5,2.594651
ENSG00000205786.9,0.0
ENSG00000205790.2,0.0
ENSG00000205791.5,0.0
ENSG00000205794.5,0.0
ENSG00000205795.5,0.0
ENSG00000205808.7,2.570367
ENSG00000205809.11,0.0
ENSG00000205810.9,1.100321
ENSG00000205822.11,0.0
ENSG00000205830.1,0.0
ENSG00000205832.8,0.0
ENSG00000205835.9,0.0
ENSG00000205837.8,0.458535
ENSG00000205838.15,0.0
ENSG00000205846.4,1.222972
ENSG00000205847.7,0.0
ENSG00000205853.13,0.776507
ENSG00000205856.4,0.0
ENSG00000205857.2,0.0
ENSG00000205858.10,0.0
ENSG00000205861.14,0.199708
ENSG00000205863.12,0.0
ENSG00000205864.1,0.0
ENSG00000205865.4,0.0
ENSG00000205866.5,0.0
ENSG00000205867.3,0.0
ENSG00000205869.2,0.0
ENSG00000205871.5,0.0
ENSG00000205879.5,0.0
ENSG00000205882.9,0.0
ENSG00000205883.3,0.0
ENSG00000205884.2,0.0
ENSG00000205885.9,2.028471
ENSG00000205890.3,0.0
ENSG00000205897.5,0.0
ENSG00000205898.3,0.0
ENSG00000205899.4,0.0
ENSG00000205903.7,18.722428
ENSG00000205913.8,0.983224
ENSG00000205916.12,0.0
ENSG00000205918.10,0.0
ENSG00000205922.5,0.0
ENSG00000205923.3,0.0
ENSG00000205927.5,1.556412
ENSG00000205929.11,0.296472
ENSG00000205930.12,0.48022
ENSG00000205936.3,0.0
ENSG00000205937.12,100.978132
ENSG00000205940.9,0.0
ENSG00000205944.12,0.0
ENSG00000205946.1,0.0
ENSG00000205955.4,0.0
ENSG00000205959.4,0.377572
ENSG00000205971.3,0.0
ENSG00000205976.4,0.0
ENSG00000205978.6,0.059727
ENSG00000205981.9,3.651111
ENSG00000206013.2,0.408569
ENSG00000206014.8,0.0
ENSG00000206026.7,0.0
ENSG00000206028.2,0.367245
ENSG00000206034.2,0.0
ENSG00000206042.1,0.0
ENSG00000206043.7,0.0
ENSG00000206047.4,217.26078
ENSG00000206052.11,0.0
ENSG00000206053.13,5.840685
ENSG00000206062.4,0.0
ENSG00000206066.3,0.0
ENSG00000206069.8,0.0
ENSG00000206072.13,0.0
ENSG00000206073.11,0.0
ENSG00000206075.14,0.0
ENSG00000206077.14,0.234176
ENSG00000206090.4,0.0
ENSG00000206102.2,0.0
ENSG00000206104.2,0.0
ENSG00000206105.2,0.0
ENSG00000206106.2,0.0
ENSG00000206107.2,0.0
ENSG00000206113.12,0.171112
ENSG00000206120.12,0.0
ENSG00000206127.11,0.643387
ENSG00000206140.12,2.153931
ENSG00000206142.10,0.0
ENSG00000206144.5,0.0
ENSG00000206145.9,0.0
ENSG00000206147.5,0.0
ENSG00000206149.13,0.0
ENSG00000206150.4,0.0
ENSG00000206159.14,0.0
ENSG00000206168.1,0.0
ENSG00000206172.8,1247.691087
ENSG00000206177.7,531.715436
ENSG00000206178.2,0.0
ENSG00000206181.7,0.0
ENSG00000206187.5,0.0
ENSG00000206190.13,3.727473
ENSG00000206192.7,0.0
ENSG00000206195.12,0.086758
ENSG00000206199.11,0.363392
ENSG00000206203.5,0.0
ENSG00000206208.11,0.0
ENSG00000206228.4,0.0
ENSG00000206235.8,0.0
ENSG00000206237.6,0.0
ENSG00000206240.11,0.942781
ENSG00000206245.11,0.0
ENSG00000206249.4,0.0
ENSG00000206256.14,0.0
ENSG00000206258.12,1.139043
ENSG00000206260.4,0.0
ENSG00000206262.9,0.0
ENSG00000206279.10,6.779388
ENSG00000206280.7,0.0
ENSG00000206281.11,17.578988
ENSG00000206282.11,28.686506
ENSG00000206283.10,0.0
ENSG00000206284.8,0.0
ENSG00000206285.6,2.581299
ENSG00000206286.11,0.0
ENSG00000206289.11,0.35614
ENSG00000206290.10,0.0
ENSG00000206291.10,52.502761
ENSG00000206292.13,3.207885
ENSG00000206299.8,0.0
ENSG00000206301.9,0.0
ENSG00000206302.10,0.0
ENSG00000206305.12,0.0
ENSG00000206310.8,0.0
ENSG00000206312.7,0.0
ENSG00000206315.9,3.580359
ENSG00000206331.11,0.0
ENSG00000206337.13,31.004005
ENSG00000206338.9,0.0
ENSG00000206340.10,0.0
ENSG00000206341.7,0.0
ENSG00000206342.12,0.0
ENSG00000206344.9,42.89803
ENSG00000206346.8,0.0
ENSG00000206355.11,0.0
ENSG00000206356.6,0.0
ENSG00000206366.6,0.0
ENSG00000206376.9,0.0
ENSG00000206378.10,0.0
ENSG00000206384.11,0.0
ENSG00000206394.8,0.0
ENSG00000206395.8,0.0
ENSG00000206396.9,0.0
ENSG00000206398.5,0.0
ENSG00000206402.10,0.0
ENSG00000206403.11,0.0
ENSG00000206404.11,0.0
ENSG00000206406.9,0.0
ENSG00000206408.8,0.0
ENSG00000206412.6,0.0
ENSG00000206417.9,2.50006
ENSG00000206418.5,6.026942
ENSG00000206422.3,0.0
ENSG00000206427.11,0.0
ENSG00000206432.4,0.0
ENSG00000206433.10,30.848007
ENSG00000206435.10,0.0
ENSG00000206444.10,0.0
ENSG00000206446.9,0.0
ENSG00000206448.3,0.0
ENSG00000206449.11,5.796178
ENSG00000206450.11,2.146327
ENSG00000206452.10,5694.0980930000005
ENSG00000206454.12,0.0
ENSG00000206455.8,2.003635
ENSG00000206457.10,1.82732
ENSG00000206458.10,0.0
ENSG00000206459.2,0.0
ENSG00000206460.4,0.0
ENSG00000206461.4,0.0
ENSG00000206463.7,0.0
ENSG00000206466.10,0.0
ENSG00000206468.3,0.0
ENSG00000206472.11,0.0
ENSG00000206474.8,0.0
ENSG00000206476.15,0.208859
ENSG00000206478.5,9.08913
ENSG00000206481.11,0.0
ENSG00000206485.10,0.0
ENSG00000206486.8,0.0
ENSG00000206487.11,0.0
ENSG00000206489.9,0.0
ENSG00000206492.11,0.0
ENSG00000206495.12,0.0
ENSG00000206500.9,0.0
ENSG00000206501.8,0.0
ENSG00000206502.8,0.0
ENSG00000206503.15,14.726061000000001
ENSG00000206504.2,0.0
ENSG00000206505.13,3.660472
ENSG00000206506.10,0.0
ENSG00000206507.10,0.0
ENSG00000206511.10,0.0
ENSG00000206516.10,0.0
ENSG00000206527.10,4.707624
ENSG00000206530.11,1.274313
ENSG00000206531.12,0.201336
ENSG00000206535.8,0.265879
ENSG00000206536.1,0.0
ENSG00000206538.9,0.0
ENSG00000206549.13,0.0
ENSG00000206552.4,0.0
ENSG00000206557.6,0.0
ENSG00000206559.8,0.070229
ENSG00000206560.12,2.107095
ENSG00000206561.14,10.96378
ENSG00000206562.12,4.648769
ENSG00000206567.11,0.96839
ENSG00000206573.12,7.003146999999999
ENSG00000206579.10,0.0
ENSG00000206582.1,0.0
ENSG00000206583.1,0.0
ENSG00000206585.1,118.069356
ENSG00000206587.1,0.0
ENSG00000206590.1,0.0
ENSG00000206592.1,0.0
ENSG00000206593.1,0.0
ENSG00000206595.1,0.0
ENSG00000206597.1,0.0
ENSG00000206598.1,0.0
ENSG00000206599.1,0.0
ENSG00000206600.1,0.0
ENSG00000206601.1,0.0
ENSG00000206602.1,0.0
ENSG00000206603.1,0.0
ENSG00000206604.1,0.0
ENSG00000206605.1,0.0
ENSG00000206606.1,0.0
ENSG00000206609.1,0.0
ENSG00000206611.1,0.0
ENSG00000206612.1,0.0
ENSG00000206613.1,0.0
ENSG00000206614.1,0.0
ENSG00000206615.1,0.0
ENSG00000206616.1,0.0
ENSG00000206617.1,0.0
ENSG00000206618.1,0.0
ENSG00000206620.1,0.0
ENSG00000206621.1,0.0
ENSG00000206622.1,0.0
ENSG00000206623.1,0.0
ENSG00000206624.1,0.0
ENSG00000206627.1,0.0
ENSG00000206629.1,0.0
ENSG00000206630.1,0.0
ENSG00000206631.1,0.0
ENSG00000206633.1,0.0
ENSG00000206634.1,0.0
ENSG00000206635.1,0.0
ENSG00000206636.1,0.0
ENSG00000206637.1,0.0
ENSG00000206638.1,0.0
ENSG00000206639.1,0.0
ENSG00000206640.1,0.0
ENSG00000206641.1,0.0
ENSG00000206644.1,0.0
ENSG00000206645.1,0.0
ENSG00000206646.1,0.0
ENSG00000206647.1,0.0
ENSG00000206649.1,0.0
ENSG00000206650.1,0.0
ENSG00000206651.1,0.0
ENSG00000206652.1,118.069356
ENSG00000206654.1,0.0
ENSG00000206656.1,0.0
ENSG00000206658.1,0.0
ENSG00000206659.1,0.0
ENSG00000206660.1,0.0
ENSG00000206661.1,0.0
ENSG00000206662.1,0.0
ENSG00000206663.1,0.0
ENSG00000206665.1,0.0
ENSG00000206669.1,0.0
ENSG00000206671.1,0.0
ENSG00000206672.1,0.0
ENSG00000206674.1,0.0
ENSG00000206675.1,0.0
ENSG00000206676.1,0.0
ENSG00000206677.2,0.0
ENSG00000206678.1,0.0
ENSG00000206679.1,0.0
ENSG00000206680.1,0.0
ENSG00000206681.1,0.0
ENSG00000206682.1,0.0
ENSG00000206684.1,0.0
ENSG00000206685.1,0.0
ENSG00000206686.1,0.0
ENSG00000206687.1,0.0
ENSG00000206688.1,0.0
ENSG00000206690.1,0.0
ENSG00000206692.1,0.0
ENSG00000206693.1,0.0
ENSG00000206695.1,0.0
ENSG00000206697.1,0.0
ENSG00000206698.1,0.0
ENSG00000206699.1,0.0
ENSG00000206700.1,0.0
ENSG00000206701.1,0.0
ENSG00000206702.1,0.0
ENSG00000206703.1,0.0
ENSG00000206704.1,0.0
ENSG00000206705.1,0.0
ENSG00000206708.1,0.0
ENSG00000206709.1,0.0
ENSG00000206710.1,0.0
ENSG00000206711.1,0.0
ENSG00000206712.1,0.0
ENSG00000206713.1,0.0
ENSG00000206714.1,0.0
ENSG00000206715.1,0.0
ENSG00000206716.1,0.0
ENSG00000206717.1,0.0
ENSG00000206718.1,0.0
ENSG00000206719.1,0.0
ENSG00000206721.1,0.0
ENSG00000206722.1,0.0
ENSG00000206723.1,0.0
ENSG00000206724.1,0.0
ENSG00000206725.1,0.0
ENSG00000206726.1,0.0
ENSG00000206728.1,0.0
ENSG00000206729.1,0.0
ENSG00000206730.1,0.0
ENSG00000206731.1,0.0
ENSG00000206732.1,0.0
ENSG00000206733.1,0.0
ENSG00000206734.1,0.0
ENSG00000206738.1,0.0
ENSG00000206739.1,0.0
ENSG00000206741.1,0.0
ENSG00000206743.1,0.0
ENSG00000206744.1,0.0
ENSG00000206745.1,0.0
ENSG00000206746.1,0.0
ENSG00000206747.1,0.0
ENSG00000206749.1,0.0
ENSG00000206751.1,0.0
ENSG00000206752.1,0.0
ENSG00000206754.1,0.0
ENSG00000206755.1,0.0
ENSG00000206756.1,0.0
ENSG00000206758.1,0.0
ENSG00000206759.1,0.0
ENSG00000206760.1,0.0
ENSG00000206762.1,0.0
ENSG00000206763.1,0.0
ENSG00000206764.1,0.0
ENSG00000206765.1,0.0
ENSG00000206766.1,0.0
ENSG00000206767.1,0.0
ENSG00000206768.1,0.0
ENSG00000206769.1,0.0
ENSG00000206770.1,0.0
ENSG00000206772.1,0.0
ENSG00000206774.1,0.0
ENSG00000206775.1,0.0
ENSG00000206776.1,0.0
ENSG00000206777.1,0.0
ENSG00000206778.1,0.0
ENSG00000206779.1,0.0
ENSG00000206780.1,0.0
ENSG00000206781.1,0.0
ENSG00000206782.1,0.0
ENSG00000206784.1,0.0
ENSG00000206786.1,0.0
ENSG00000206787.1,0.0
ENSG00000206788.1,0.0
ENSG00000206790.1,0.0
ENSG00000206791.1,0.0
ENSG00000206792.1,0.0
ENSG00000206795.1,0.0
ENSG00000206796.1,0.0
ENSG00000206797.1,0.0
ENSG00000206799.1,0.0
ENSG00000206800.1,0.0
ENSG00000206801.1,0.0
ENSG00000206802.1,0.0
ENSG00000206803.1,0.0
ENSG00000206805.1,0.0
ENSG00000206806.1,0.0
ENSG00000206807.1,0.0
ENSG00000206808.1,0.0
ENSG00000206811.1,0.0
ENSG00000206812.1,0.0
ENSG00000206813.1,0.0
ENSG00000206814.1,0.0
ENSG00000206815.1,0.0
ENSG00000206816.1,0.0
ENSG00000206817.1,0.0
ENSG00000206818.1,0.0
ENSG00000206819.1,0.0
ENSG00000206820.1,0.0
ENSG00000206822.1,0.0
ENSG00000206824.1,0.0
ENSG00000206826.1,0.0
ENSG00000206827.1,0.0
ENSG00000206828.1,0.0
ENSG00000206832.1,0.0
ENSG00000206833.1,0.0
ENSG00000206834.1,0.0
ENSG00000206835.1,0.0
ENSG00000206836.1,0.0
ENSG00000206838.1,0.0
ENSG00000206839.1,0.0
ENSG00000206840.1,0.0
ENSG00000206841.1,0.0
ENSG00000206842.1,0.0
ENSG00000206843.1,0.0
ENSG00000206844.1,0.0
ENSG00000206845.1,0.0
ENSG00000206846.1,0.0
ENSG00000206847.1,0.0
ENSG00000206848.1,0.0
ENSG00000206849.1,0.0
ENSG00000206850.1,0.0
ENSG00000206852.1,0.0
ENSG00000206853.1,0.0
ENSG00000206854.1,0.0
ENSG00000206855.1,0.0
ENSG00000206857.1,0.0
ENSG00000206858.1,0.0
ENSG00000206859.1,0.0
ENSG00000206862.1,0.0
ENSG00000206863.1,0.0
ENSG00000206864.1,0.0
ENSG00000206865.1,0.0
ENSG00000206866.1,0.0
ENSG00000206867.1,0.0
ENSG00000206869.1,0.0
ENSG00000206870.1,0.0
ENSG00000206871.1,0.0
ENSG00000206875.1,0.0
ENSG00000206877.1,0.0
ENSG00000206878.1,0.0
ENSG00000206880.1,0.0
ENSG00000206881.1,0.0
ENSG00000206882.1,0.0
ENSG00000206885.1,0.0
ENSG00000206886.1,0.0
ENSG00000206887.1,0.0
ENSG00000206888.1,0.0
ENSG00000206889.1,0.0
ENSG00000206891.1,0.0
ENSG00000206892.1,0.0
ENSG00000206895.1,0.0
ENSG00000206896.1,0.0
ENSG00000206897.1,0.0
ENSG00000206898.1,0.0
ENSG00000206899.1,0.0
ENSG00000206900.1,0.0
ENSG00000206901.1,0.0
ENSG00000206903.1,0.0
ENSG00000206905.1,0.0
ENSG00000206906.1,0.0
ENSG00000206907.1,0.0
ENSG00000206908.1,0.0
ENSG00000206909.1,0.0
ENSG00000206910.1,0.0
ENSG00000206911.1,0.0
ENSG00000206912.1,0.0
ENSG00000206913.1,0.0
ENSG00000206914.1,0.0
ENSG00000206915.1,0.0
ENSG00000206917.1,0.0
ENSG00000206918.1,0.0
ENSG00000206920.1,0.0
ENSG00000206921.1,0.0
ENSG00000206922.1,0.0
ENSG00000206923.1,0.0
ENSG00000206924.1,0.0
ENSG00000206925.1,0.0
ENSG00000206926.1,0.0
ENSG00000206929.1,0.0
ENSG00000206931.1,0.0
ENSG00000206935.1,0.0
ENSG00000206936.1,0.0
ENSG00000206937.1,0.0
ENSG00000206938.1,0.0
ENSG00000206939.1,0.0
ENSG00000206941.1,0.0
ENSG00000206944.1,0.0
ENSG00000206947.1,0.0
ENSG00000206948.1,0.0
ENSG00000206949.1,0.0
ENSG00000206950.1,0.0
ENSG00000206951.1,0.0
ENSG00000206952.3,0.0
ENSG00000206954.1,0.0
ENSG00000206957.2,0.0
ENSG00000206958.1,0.0
ENSG00000206959.1,0.0
ENSG00000206960.1,0.0
ENSG00000206961.1,0.0
ENSG00000206962.1,0.0
ENSG00000206963.1,0.0
ENSG00000206964.1,0.0
ENSG00000206965.1,0.0
ENSG00000206967.1,0.0
ENSG00000206969.1,0.0
ENSG00000206970.1,0.0
ENSG00000206972.1,0.0
ENSG00000206973.1,0.0
ENSG00000206974.1,0.0
ENSG00000206976.1,0.0
ENSG00000206977.1,0.0
ENSG00000206978.1,0.0
ENSG00000206979.1,0.0
ENSG00000206980.1,0.0
ENSG00000206981.1,0.0
ENSG00000206982.1,0.0
ENSG00000206983.1,0.0
ENSG00000206985.1,0.0
ENSG00000206987.1,0.0
ENSG00000206989.1,0.0
ENSG00000206990.1,0.0
ENSG00000206991.1,0.0
ENSG00000206992.1,0.0
ENSG00000206995.1,0.0
ENSG00000206996.1,0.0
ENSG00000206997.1,0.0
ENSG00000206998.1,0.0
ENSG00000206999.1,0.0
ENSG00000207000.1,0.0
ENSG00000207001.1,0.0
ENSG00000207002.1,0.0
ENSG00000207003.1,0.0
ENSG00000207004.1,0.0
ENSG00000207007.1,0.0
ENSG00000207008.1,0.0
ENSG00000207009.1,0.0
ENSG00000207010.1,0.0
ENSG00000207011.1,0.0
ENSG00000207012.2,0.0
ENSG00000207013.1,0.0
ENSG00000207014.1,0.0
ENSG00000207016.1,0.0
ENSG00000207019.1,0.0
ENSG00000207020.1,0.0
ENSG00000207021.1,0.0
ENSG00000207022.1,0.0
ENSG00000207023.1,0.0
ENSG00000207024.1,0.0
ENSG00000207025.1,0.0
ENSG00000207026.1,0.0
ENSG00000207027.1,0.0
ENSG00000207029.1,0.0
ENSG00000207031.1,0.0
ENSG00000207032.1,0.0
ENSG00000207033.1,0.0
ENSG00000207034.1,0.0
ENSG00000207036.1,0.0
ENSG00000207037.1,0.0
ENSG00000207039.1,0.0
ENSG00000207042.1,0.0
ENSG00000207044.1,0.0
ENSG00000207045.1,0.0
ENSG00000207046.1,0.0
ENSG00000207047.2,0.0
ENSG00000207049.1,0.0
ENSG00000207051.1,0.0
ENSG00000207052.1,0.0
ENSG00000207053.1,0.0
ENSG00000207056.1,0.0
ENSG00000207058.1,0.0
ENSG00000207060.1,0.0
ENSG00000207061.1,0.0
ENSG00000207062.1,0.0
ENSG00000207063.1,0.0
ENSG00000207065.1,0.0
ENSG00000207067.1,0.0
ENSG00000207068.1,0.0
ENSG00000207069.1,0.0
ENSG00000207071.1,0.0
ENSG00000207072.1,0.0
ENSG00000207073.1,0.0
ENSG00000207075.1,0.0
ENSG00000207076.1,0.0
ENSG00000207077.1,0.0
ENSG00000207080.2,0.0
ENSG00000207081.1,0.0
ENSG00000207082.1,0.0
ENSG00000207083.1,0.0
ENSG00000207084.1,0.0
ENSG00000207086.1,0.0
ENSG00000207087.1,0.0
ENSG00000207088.1,0.0
ENSG00000207089.1,0.0
ENSG00000207090.1,0.0
ENSG00000207091.1,0.0
ENSG00000207092.1,0.0
ENSG00000207093.1,0.0
ENSG00000207094.1,0.0
ENSG00000207095.1,0.0
ENSG00000207097.1,0.0
ENSG00000207098.1,0.0
ENSG00000207099.1,0.0
ENSG00000207100.1,0.0
ENSG00000207101.1,0.0
ENSG00000207104.1,0.0
ENSG00000207105.1,0.0
ENSG00000207108.1,0.0
ENSG00000207109.1,0.0
ENSG00000207110.1,7.617378
ENSG00000207112.1,0.0
ENSG00000207113.1,0.0
ENSG00000207114.1,0.0
ENSG00000207115.1,0.0
ENSG00000207116.1,0.0
ENSG00000207117.1,0.0
ENSG00000207118.1,0.0
ENSG00000207119.2,0.0
ENSG00000207121.1,0.0
ENSG00000207122.1,0.0
ENSG00000207123.1,0.0
ENSG00000207124.1,0.0
ENSG00000207127.1,0.0
ENSG00000207128.1,0.0
ENSG00000207129.1,0.0
ENSG00000207130.1,0.0
ENSG00000207131.1,0.0
ENSG00000207132.1,0.0
ENSG00000207134.1,0.0
ENSG00000207135.1,0.0
ENSG00000207136.1,0.0
ENSG00000207137.1,0.0
ENSG00000207138.1,0.0
ENSG00000207139.1,0.0
ENSG00000207142.1,0.0
ENSG00000207144.1,0.0
ENSG00000207145.1,0.0
ENSG00000207146.1,0.0
ENSG00000207147.1,0.0
ENSG00000207148.1,0.0
ENSG00000207149.1,0.0
ENSG00000207150.1,0.0
ENSG00000207151.1,0.0
ENSG00000207153.1,0.0
ENSG00000207154.1,0.0
ENSG00000207155.1,0.0
ENSG00000207156.1,0.0
ENSG00000207157.1,0.0
ENSG00000207158.1,0.0
ENSG00000207160.1,0.0
ENSG00000207161.1,0.0
ENSG00000207162.1,0.0
ENSG00000207163.1,0.0
ENSG00000207164.1,0.0
ENSG00000207165.1,0.0
ENSG00000207166.1,0.0
ENSG00000207167.1,0.0
ENSG00000207168.1,0.0
ENSG00000207169.1,0.0
ENSG00000207170.1,0.0
ENSG00000207171.1,0.0
ENSG00000207172.1,0.0
ENSG00000207173.1,0.0
ENSG00000207174.1,0.0
ENSG00000207175.1,0.0
ENSG00000207176.1,0.0
ENSG00000207177.1,0.0
ENSG00000207178.1,0.0
ENSG00000207180.1,0.0
ENSG00000207181.1,0.0
ENSG00000207182.1,0.0
ENSG00000207183.1,0.0
ENSG00000207185.1,0.0
ENSG00000207186.1,0.0
ENSG00000207187.1,0.0
ENSG00000207189.1,0.0
ENSG00000207190.1,0.0
ENSG00000207191.1,0.0
ENSG00000207192.1,0.0
ENSG00000207193.1,0.0
ENSG00000207194.1,0.0
ENSG00000207195.1,0.0
ENSG00000207196.1,0.0
ENSG00000207197.1,0.0
ENSG00000207198.1,0.0
ENSG00000207199.1,0.0
ENSG00000207200.1,0.0
ENSG00000207201.1,0.0
ENSG00000207202.1,0.0
ENSG00000207203.1,0.0
ENSG00000207204.1,0.0
ENSG00000207205.1,0.0
ENSG00000207206.1,0.0
ENSG00000207207.1,0.0
ENSG00000207208.1,0.0
ENSG00000207209.1,0.0
ENSG00000207210.1,0.0
ENSG00000207214.1,0.0
ENSG00000207215.2,0.0
ENSG00000207217.1,0.0
ENSG00000207218.1,0.0
ENSG00000207220.1,0.0
ENSG00000207221.1,0.0
ENSG00000207222.1,0.0
ENSG00000207223.1,0.0
ENSG00000207225.1,0.0
ENSG00000207227.1,0.0
ENSG00000207229.1,0.0
ENSG00000207231.1,0.0
ENSG00000207233.1,0.0
ENSG00000207234.1,0.0
ENSG00000207235.1,0.0
ENSG00000207237.1,0.0
ENSG00000207240.1,0.0
ENSG00000207241.1,0.0
ENSG00000207242.1,0.0
ENSG00000207243.1,0.0
ENSG00000207244.1,0.0
ENSG00000207245.1,0.0
ENSG00000207247.1,0.0
ENSG00000207248.1,0.0
ENSG00000207249.1,0.0
ENSG00000207251.1,0.0
ENSG00000207252.1,0.0
ENSG00000207255.1,0.0
ENSG00000207256.1,0.0
ENSG00000207258.1,0.0
ENSG00000207260.1,0.0
ENSG00000207261.1,0.0
ENSG00000207263.1,0.0
ENSG00000207264.1,0.0
ENSG00000207265.1,0.0
ENSG00000207266.1,0.0
ENSG00000207267.1,0.0
ENSG00000207268.1,0.0
ENSG00000207269.1,0.0
ENSG00000207270.1,0.0
ENSG00000207271.1,0.0
ENSG00000207274.1,0.0
ENSG00000207275.1,0.0
ENSG00000207276.1,0.0
ENSG00000207277.1,0.0
ENSG00000207278.1,0.0
ENSG00000207279.1,0.0
ENSG00000207280.1,0.0
ENSG00000207281.1,0.0
ENSG00000207282.1,0.0
ENSG00000207283.1,0.0
ENSG00000207286.1,0.0
ENSG00000207287.1,0.0
ENSG00000207290.1,0.0
ENSG00000207291.1,0.0
ENSG00000207292.1,0.0
ENSG00000207293.1,0.0
ENSG00000207295.1,0.0
ENSG00000207296.1,0.0
ENSG00000207297.1,0.0
ENSG00000207298.1,0.0
ENSG00000207299.1,0.0
ENSG00000207300.1,0.0
ENSG00000207302.1,0.0
ENSG00000207303.1,0.0
ENSG00000207304.1,0.0
ENSG00000207305.1,0.0
ENSG00000207306.1,0.0
ENSG00000207307.1,0.0
ENSG00000207308.1,0.0
ENSG00000207309.1,0.0
ENSG00000207310.1,0.0
ENSG00000207312.1,0.0
ENSG00000207313.1,0.0
ENSG00000207316.1,0.0
ENSG00000207317.1,0.0
ENSG00000207318.1,0.0
ENSG00000207319.1,0.0
ENSG00000207320.1,0.0
ENSG00000207321.1,0.0
ENSG00000207322.1,0.0
ENSG00000207323.1,0.0
ENSG00000207325.1,0.0
ENSG00000207326.1,0.0
ENSG00000207327.1,0.0
ENSG00000207328.1,0.0
ENSG00000207329.1,0.0
ENSG00000207330.1,0.0
ENSG00000207331.1,0.0
ENSG00000207332.1,0.0
ENSG00000207333.1,0.0
ENSG00000207336.1,0.0
ENSG00000207338.1,0.0
ENSG00000207340.1,0.0
ENSG00000207341.1,0.0
ENSG00000207342.1,0.0
ENSG00000207343.1,0.0
ENSG00000207344.1,0.0
ENSG00000207345.1,0.0
ENSG00000207347.1,0.0
ENSG00000207349.1,0.0
ENSG00000207351.1,0.0
ENSG00000207352.1,0.0
ENSG00000207355.1,0.0
ENSG00000207356.1,0.0
ENSG00000207359.1,0.0
ENSG00000207360.1,0.0
ENSG00000207361.1,0.0
ENSG00000207362.1,0.0
ENSG00000207363.1,0.0
ENSG00000207364.1,0.0
ENSG00000207365.1,0.0
ENSG00000207366.1,0.0
ENSG00000207367.1,0.0
ENSG00000207368.1,0.0
ENSG00000207369.1,0.0
ENSG00000207370.1,0.0
ENSG00000207371.1,0.0
ENSG00000207375.1,0.0
ENSG00000207378.1,0.0
ENSG00000207379.1,0.0
ENSG00000207380.1,0.0
ENSG00000207381.1,0.0
ENSG00000207382.1,0.0
ENSG00000207383.1,0.0
ENSG00000207384.1,0.0
ENSG00000207385.1,0.0
ENSG00000207386.1,0.0
ENSG00000207387.1,0.0
ENSG00000207391.1,0.0
ENSG00000207392.1,0.0
ENSG00000207393.1,0.0
ENSG00000207394.1,0.0
ENSG00000207395.1,0.0
ENSG00000207397.1,0.0
ENSG00000207399.1,0.0
ENSG00000207401.1,0.0
ENSG00000207402.1,0.0
ENSG00000207403.1,0.0
ENSG00000207404.1,0.0
ENSG00000207405.1,0.0
ENSG00000207406.1,0.0
ENSG00000207407.1,0.0
ENSG00000207408.1,0.0
ENSG00000207410.1,0.0
ENSG00000207411.1,0.0
ENSG00000207412.1,0.0
ENSG00000207414.1,0.0
ENSG00000207415.1,0.0
ENSG00000207416.1,0.0
ENSG00000207417.1,0.0
ENSG00000207419.1,0.0
ENSG00000207420.1,0.0
ENSG00000207421.1,0.0
ENSG00000207422.1,0.0
ENSG00000207425.1,0.0
ENSG00000207426.1,0.0
ENSG00000207428.1,0.0
ENSG00000207431.2,0.0
ENSG00000207432.1,0.0
ENSG00000207433.1,0.0
ENSG00000207434.1,0.0
ENSG00000207435.1,0.0
ENSG00000207438.1,0.0
ENSG00000207439.1,0.0
ENSG00000207440.1,0.0
ENSG00000207441.1,0.0
ENSG00000207442.1,0.0
ENSG00000207443.1,0.0
ENSG00000207444.1,0.0
ENSG00000207445.1,0.0
ENSG00000207448.1,0.0
ENSG00000207449.1,0.0
ENSG00000207450.1,0.0
ENSG00000207451.1,0.0
ENSG00000207452.1,0.0
ENSG00000207453.1,0.0
ENSG00000207454.1,0.0
ENSG00000207455.1,0.0
ENSG00000207456.1,0.0
ENSG00000207457.1,0.0
ENSG00000207458.1,0.0
ENSG00000207459.1,0.0
ENSG00000207461.1,0.0
ENSG00000207462.1,0.0
ENSG00000207466.1,0.0
ENSG00000207467.1,0.0
ENSG00000207468.1,0.0
ENSG00000207472.1,0.0
ENSG00000207473.1,0.0
ENSG00000207474.1,0.0
ENSG00000207475.1,0.0
ENSG00000207476.1,0.0
ENSG00000207480.1,0.0
ENSG00000207481.1,0.0
ENSG00000207483.1,0.0
ENSG00000207484.1,0.0
ENSG00000207486.1,0.0
ENSG00000207488.1,0.0
ENSG00000207490.1,0.0
ENSG00000207492.1,0.0
ENSG00000207493.1,0.0
ENSG00000207494.1,0.0
ENSG00000207495.1,0.0
ENSG00000207496.1,0.0
ENSG00000207497.1,0.0
ENSG00000207499.1,0.0
ENSG00000207500.1,0.0
ENSG00000207501.1,0.0
ENSG00000207502.1,0.0
ENSG00000207503.1,0.0
ENSG00000207504.1,0.0
ENSG00000207505.1,0.0
ENSG00000207508.1,0.0
ENSG00000207512.1,0.0
ENSG00000207515.1,0.0
ENSG00000207516.1,0.0
ENSG00000207518.1,0.0
ENSG00000207523.1,0.0
ENSG00000207524.1,0.0
ENSG00000207525.1,0.0
ENSG00000207546.1,0.0
ENSG00000207547.1,0.0
ENSG00000207548.3,0.0
ENSG00000207549.1,0.0
ENSG00000207550.1,0.0
ENSG00000207551.1,0.0
ENSG00000207552.1,0.0
ENSG00000207554.1,0.0
ENSG00000207559.1,0.0
ENSG00000207561.1,0.0
ENSG00000207562.3,0.0
ENSG00000207563.1,0.0
ENSG00000207568.1,0.0
ENSG00000207569.2,0.0
ENSG00000207571.1,0.0
ENSG00000207573.1,0.0
ENSG00000207574.1,0.0
ENSG00000207575.1,0.0
ENSG00000207577.1,0.0
ENSG00000207578.1,0.0
ENSG00000207579.1,0.0
ENSG00000207580.1,0.0
ENSG00000207581.1,0.0
ENSG00000207582.1,0.0
ENSG00000207583.1,0.0
ENSG00000207585.1,0.0
ENSG00000207586.1,0.0
ENSG00000207587.1,0.0
ENSG00000207588.1,0.0
ENSG00000207589.1,0.0
ENSG00000207590.1,0.0
ENSG00000207594.1,0.0
ENSG00000207595.1,0.0
ENSG00000207597.1,0.0
ENSG00000207598.1,0.0
ENSG00000207599.1,0.0
ENSG00000207600.3,0.0
ENSG00000207604.3,0.0
ENSG00000207605.3,0.0
ENSG00000207606.1,0.0
ENSG00000207607.3,0.0
ENSG00000207608.3,0.0
ENSG00000207609.3,0.0
ENSG00000207611.1,0.0
ENSG00000207612.1,0.0
ENSG00000207613.1,0.0
ENSG00000207614.1,0.0
ENSG00000207616.1,0.0
ENSG00000207617.4,0.0
ENSG00000207619.1,0.0
ENSG00000207620.1,0.0
ENSG00000207622.1,0.0
ENSG00000207624.1,0.0
ENSG00000207625.1,0.0
ENSG00000207626.1,0.0
ENSG00000207627.1,0.0
ENSG00000207628.3,0.0
ENSG00000207629.1,0.0
ENSG00000207630.1,0.0
ENSG00000207631.1,0.0
ENSG00000207632.1,0.0
ENSG00000207633.3,0.0
ENSG00000207634.1,0.0
ENSG00000207635.1,0.0
ENSG00000207637.1,0.0
ENSG00000207638.1,0.0
ENSG00000207639.1,0.0
ENSG00000207641.1,0.0
ENSG00000207642.1,0.0
ENSG00000207644.1,0.0
ENSG00000207645.2,0.0
ENSG00000207646.1,0.0
ENSG00000207647.1,0.0
ENSG00000207649.3,0.0
ENSG00000207650.1,0.0
ENSG00000207651.1,0.0
ENSG00000207652.1,0.0
ENSG00000207653.1,0.0
ENSG00000207654.4,0.0
ENSG00000207656.1,0.0
ENSG00000207688.2,0.0
ENSG00000207689.1,0.0
ENSG00000207691.1,0.0
ENSG00000207692.3,0.0
ENSG00000207693.1,0.0
ENSG00000207695.1,0.0
ENSG00000207696.1,0.0
ENSG00000207697.1,0.0
ENSG00000207698.1,0.0
ENSG00000207699.1,0.0
ENSG00000207701.1,0.0
ENSG00000207702.1,0.0
ENSG00000207703.1,0.0
ENSG00000207704.2,0.0
ENSG00000207705.2,0.0
ENSG00000207706.1,0.0
ENSG00000207708.1,0.0
ENSG00000207711.1,0.0
ENSG00000207712.1,0.0
ENSG00000207713.3,0.0
ENSG00000207714.3,0.0
ENSG00000207716.1,0.0
ENSG00000207717.1,0.0
ENSG00000207719.1,0.0
ENSG00000207721.1,0.0
ENSG00000207722.1,0.0
ENSG00000207725.3,0.0
ENSG00000207726.3,0.0
ENSG00000207728.1,0.0
ENSG00000207729.3,0.0
ENSG00000207730.3,0.0
ENSG00000207731.1,0.0
ENSG00000207732.1,0.0
ENSG00000207734.1,0.0
ENSG00000207735.1,0.0
ENSG00000207736.1,0.0
ENSG00000207737.1,0.0
ENSG00000207738.1,0.0
ENSG00000207739.1,0.0
ENSG00000207741.1,0.0
ENSG00000207742.3,0.0
ENSG00000207743.3,0.0
ENSG00000207744.1,0.0
ENSG00000207746.1,0.0
ENSG00000207749.4,0.0
ENSG00000207750.1,0.0
ENSG00000207751.5,0.6368130000000001
ENSG00000207752.1,0.0
ENSG00000207754.3,0.0
ENSG00000207755.3,0.0
ENSG00000207756.1,0.0
ENSG00000207757.1,0.0
ENSG00000207758.1,0.0
ENSG00000207759.1,0.0
ENSG00000207761.3,0.0
ENSG00000207762.1,0.0
ENSG00000207763.1,0.0
ENSG00000207766.1,0.0
ENSG00000207767.3,0.0
ENSG00000207768.3,0.0
ENSG00000207769.1,0.0
ENSG00000207771.1,0.0
ENSG00000207773.1,0.0
ENSG00000207775.1,0.0
ENSG00000207776.1,0.0
ENSG00000207778.3,0.0
ENSG00000207779.1,0.0
ENSG00000207780.1,0.0
ENSG00000207781.1,0.0
ENSG00000207782.3,0.0
ENSG00000207784.3,0.0
ENSG00000207785.1,0.0
ENSG00000207788.1,0.0
ENSG00000207789.1,0.0
ENSG00000207797.1,0.0
ENSG00000207798.1,0.0
ENSG00000207799.1,0.0
ENSG00000207800.3,0.0
ENSG00000207802.1,0.0
ENSG00000207803.1,0.0
ENSG00000207804.1,0.0
ENSG00000207805.3,0.0
ENSG00000207807.1,0.0
ENSG00000207808.1,0.0
ENSG00000207810.1,0.0
ENSG00000207811.3,0.0
ENSG00000207813.1,0.0
ENSG00000207814.1,0.0
ENSG00000207815.1,0.0
ENSG00000207816.1,0.0
ENSG00000207818.1,0.0
ENSG00000207820.1,0.0
ENSG00000207821.1,0.0
ENSG00000207825.1,0.0
ENSG00000207826.1,0.0
ENSG00000207827.1,0.0
ENSG00000207837.1,0.0
ENSG00000207838.1,0.0
ENSG00000207839.1,0.0
ENSG00000207861.1,0.0
ENSG00000207862.1,0.0
ENSG00000207863.1,0.0
ENSG00000207864.3,0.0
ENSG00000207866.1,0.0
ENSG00000207868.1,0.0
ENSG00000207869.1,0.0
ENSG00000207870.1,0.0
ENSG00000207871.2,0.0
ENSG00000207873.1,0.0
ENSG00000207874.1,0.0
ENSG00000207922.1,0.0
ENSG00000207923.1,0.0
ENSG00000207924.3,0.0
ENSG00000207925.1,0.0
ENSG00000207926.1,0.0
ENSG00000207927.1,0.0
ENSG00000207930.1,0.0
ENSG00000207931.1,0.0
ENSG00000207932.1,0.0
ENSG00000207933.3,0.0
ENSG00000207934.1,0.0
ENSG00000207935.3,0.0
ENSG00000207938.1,0.0
ENSG00000207940.1,0.0
ENSG00000207941.1,0.0
ENSG00000207942.2,0.0
ENSG00000207943.1,0.0
ENSG00000207944.1,0.0
ENSG00000207946.3,0.0
ENSG00000207947.3,0.0
ENSG00000207948.3,0.0
ENSG00000207951.1,0.0
ENSG00000207952.1,0.0
ENSG00000207954.1,0.0
ENSG00000207955.5,0.0
ENSG00000207956.1,0.0
ENSG00000207957.1,0.0
ENSG00000207959.1,0.0
ENSG00000207960.1,0.0
ENSG00000207961.3,0.0
ENSG00000207962.1,0.0
ENSG00000207963.1,0.0
ENSG00000207965.1,0.0
ENSG00000207967.1,0.0
ENSG00000207969.1,0.0
ENSG00000207970.3,0.0
ENSG00000207971.1,0.0
ENSG00000207972.1,0.0
ENSG00000207973.1,0.0
ENSG00000207974.1,0.0
ENSG00000207975.1,0.0
ENSG00000207976.1,0.0
ENSG00000207978.1,0.0
ENSG00000207979.1,0.0
ENSG00000207980.1,0.0
ENSG00000207981.1,0.0
ENSG00000207982.1,0.0
ENSG00000207983.1,0.0
ENSG00000207984.1,0.0
ENSG00000207987.1,0.0
ENSG00000207988.1,0.0
ENSG00000207989.3,0.0
ENSG00000207990.3,0.0
ENSG00000207991.1,0.0
ENSG00000207992.1,0.0
ENSG00000207993.3,0.0
ENSG00000207994.1,0.0
ENSG00000207995.1,0.0
ENSG00000207996.1,0.0
ENSG00000207997.1,0.0
ENSG00000208000.1,0.0
ENSG00000208001.1,0.0
ENSG00000208002.1,0.0
ENSG00000208003.1,0.0
ENSG00000208004.2,0.0
ENSG00000208005.1,0.0
ENSG00000208006.1,0.0
ENSG00000208008.1,0.0
ENSG00000208009.1,0.0
ENSG00000208012.1,0.0
ENSG00000208013.3,0.0
ENSG00000208014.1,0.0
ENSG00000208015.1,0.0
ENSG00000208017.3,0.0
ENSG00000208018.1,0.0
ENSG00000208022.1,0.0
ENSG00000208023.3,0.0
ENSG00000208024.1,0.0
ENSG00000208025.1,0.0
ENSG00000208027.4,0.0
ENSG00000208028.1,0.0
ENSG00000208032.1,0.0
ENSG00000208033.1,0.0
ENSG00000208036.1,0.0
ENSG00000208037.1,0.0
ENSG00000208308.1,0.0
ENSG00000208772.1,12.566745
ENSG00000208797.1,0.0
ENSG00000208839.1,0.0
ENSG00000208883.1,0.0
ENSG00000208892.1,0.0
ENSG00000209042.1,0.0
ENSG00000209082.1,0.0
ENSG00000209480.1,0.0
ENSG00000209482.1,0.0
ENSG00000209582.1,12.469467
ENSG00000209645.1,0.0
ENSG00000209702.1,0.0
ENSG00000210049.1,0.0
ENSG00000210077.1,0.0
ENSG00000210082.2,2564.190807
ENSG00000210100.1,0.0
ENSG00000210107.1,0.0
ENSG00000210112.1,0.0
ENSG00000210117.1,0.0
ENSG00000210127.1,0.0
ENSG00000210135.1,0.0
ENSG00000210140.1,0.0
ENSG00000210144.1,0.0
ENSG00000210151.2,0.0
ENSG00000210154.1,0.0
ENSG00000210156.1,0.0
ENSG00000210164.1,0.0
ENSG00000210174.1,0.0
ENSG00000210176.1,0.0
ENSG00000210181.1,0.0
ENSG00000210184.1,0.0
ENSG00000210191.1,0.0
ENSG00000210194.1,0.0
ENSG00000210195.2,0.0
ENSG00000210196.2,0.0
ENSG00000210678.1,0.0
ENSG00000210709.1,0.0
ENSG00000210741.1,0.0
ENSG00000210825.1,0.0
ENSG00000210839.1,0.0
ENSG00000210841.1,0.0
ENSG00000211137.1,0.0
ENSG00000211445.13,8.349102
ENSG00000211448.14,0.0
ENSG00000211450.11,49.674488
ENSG00000211451.14,0.0
ENSG00000211452.12,0.0
ENSG00000211454.16,0.124037
ENSG00000211455.8,10.435841
ENSG00000211456.14,14.751192
ENSG00000211459.2,1683.707585
ENSG00000211460.12,8.776544
ENSG00000211491.2,0.0
ENSG00000211513.5,0.0
ENSG00000211514.1,0.0
ENSG00000211520.2,0.0
ENSG00000211532.1,0.0
ENSG00000211538.1,0.0
ENSG00000211543.2,0.0
ENSG00000211563.4,0.0
ENSG00000211568.1,0.0
ENSG00000211574.1,0.0
ENSG00000211575.3,0.0
ENSG00000211578.3,0.0
ENSG00000211579.2,0.0
ENSG00000211580.1,0.0
ENSG00000211581.1,0.0
ENSG00000211582.1,0.0
ENSG00000211583.3,0.0
ENSG00000211584.14,10.352396
ENSG00000211590.1,0.0
ENSG00000211591.1,0.0
ENSG00000211592.8,763.62965
ENSG00000211593.2,0.0
ENSG00000211594.2,0.0
ENSG00000211595.2,0.0
ENSG00000211596.3,0.0
ENSG00000211597.2,0.0
ENSG00000211598.2,28.885362
ENSG00000211599.2,2.035206
ENSG00000211611.2,0.0
ENSG00000211623.2,0.0
ENSG00000211625.2,23.642749
ENSG00000211626.2,0.0
ENSG00000211632.4,1.805422
ENSG00000211633.3,0.0
ENSG00000211637.2,4.852609
ENSG00000211638.2,17.845218
ENSG00000211639.2,2.538274
ENSG00000211640.4,3.994856
ENSG00000211641.3,0.0
ENSG00000211642.4,6.247009
ENSG00000211643.2,0.0
ENSG00000211644.3,19.176265
ENSG00000211645.2,0.0
ENSG00000211647.1,0.0
ENSG00000211648.2,60.584745
ENSG00000211649.3,4.523557
ENSG00000211650.2,0.0
ENSG00000211651.3,33.56747
ENSG00000211652.2,7.934022
ENSG00000211653.2,48.038918
ENSG00000211654.2,0.0
ENSG00000211655.3,1.154855
ENSG00000211656.3,0.0
ENSG00000211657.3,0.0
ENSG00000211658.2,2.35165
ENSG00000211659.2,8.110132
ENSG00000211660.3,20.234512
ENSG00000211661.2,1.013142
ENSG00000211662.2,22.76367
ENSG00000211663.2,11.758248
ENSG00000211664.3,9.820806
ENSG00000211665.3,1.130889
ENSG00000211666.2,111.475055
ENSG00000211667.3,0.0
ENSG00000211668.2,35.102824
ENSG00000211669.3,0.0
ENSG00000211670.2,0.823281
ENSG00000211672.2,1.040435
ENSG00000211673.2,32.989394
ENSG00000211674.2,0.0
ENSG00000211675.2,99.911686
ENSG00000211676.2,0.0
ENSG00000211677.2,368.705256
ENSG00000211678.2,0.0
ENSG00000211679.2,125.001
ENSG00000211680.2,0.0
ENSG00000211681.3,0.0
ENSG00000211682.2,0.0
ENSG00000211684.2,0.0
ENSG00000211685.3,4.438579
ENSG00000211687.1,0.0
ENSG00000211688.1,0.0
ENSG00000211689.7,0.108684
ENSG00000211691.2,0.0
ENSG00000211692.1,0.0
ENSG00000211693.2,0.0
ENSG00000211694.3,3.847802
ENSG00000211695.2,0.432162
ENSG00000211696.2,1.605574
ENSG00000211697.4,1.679106
ENSG00000211698.2,0.896184
ENSG00000211699.2,0.823252
ENSG00000211701.2,0.0
ENSG00000211706.2,16.797163
ENSG00000211707.3,0.0
ENSG00000211710.3,8.396143
ENSG00000211713.3,0.0
ENSG00000211714.3,0.0
ENSG00000211715.1,0.0
ENSG00000211716.2,0.0
ENSG00000211717.3,0.0
ENSG00000211720.3,3.76775
ENSG00000211721.2,26.226846
ENSG00000211724.3,4.658725
ENSG00000211725.3,4.060796
ENSG00000211727.3,5.466635
ENSG00000211728.2,7.25821
ENSG00000211731.1,0.0
ENSG00000211734.3,19.80859
ENSG00000211739.4,0.0
ENSG00000211745.3,9.963925
ENSG00000211746.3,0.0
ENSG00000211747.3,0.0
ENSG00000211749.1,1.376225
ENSG00000211750.2,0.0
ENSG00000211751.9,254.574093
ENSG00000211752.3,26.884232
ENSG00000211753.4,32.051459
ENSG00000211764.1,0.0
ENSG00000211765.1,0.0
ENSG00000211766.1,0.0
ENSG00000211767.1,0.0
ENSG00000211768.1,0.0
ENSG00000211769.1,0.0
ENSG00000211770.1,0.0
ENSG00000211771.1,0.0
ENSG00000211772.11,6.816557
ENSG00000211776.2,4.105868
ENSG00000211777.2,13.579122
ENSG00000211778.2,4.315625
ENSG00000211779.3,2.677706
ENSG00000211780.3,5.178999
ENSG00000211781.3,0.0
ENSG00000211782.2,3.155025
ENSG00000211783.3,0.0
ENSG00000211784.2,5.821423
ENSG00000211785.1,12.886034
ENSG00000211786.3,3.564253
ENSG00000211787.1,5.694431
ENSG00000211788.2,30.782412
ENSG00000211789.2,17.481256
ENSG00000211790.2,6.539787
ENSG00000211791.2,6.052349
ENSG00000211792.2,13.251835
ENSG00000211793.2,48.776568
ENSG00000211794.3,20.127837
ENSG00000211795.3,5.437114
ENSG00000211796.1,4.581724
ENSG00000211797.2,9.114072
ENSG00000211798.3,0.0
ENSG00000211799.3,8.166115
ENSG00000211800.3,8.213099
ENSG00000211801.3,15.482654
ENSG00000211802.3,4.0719
ENSG00000211803.2,14.183982
ENSG00000211804.4,0.0
ENSG00000211805.1,5.630056
ENSG00000211806.2,9.363912
ENSG00000211807.3,14.162423
ENSG00000211808.3,0.0
ENSG00000211809.2,5.679358
ENSG00000211810.3,10.399231
ENSG00000211812.1,9.274401
ENSG00000211813.2,2.722167
ENSG00000211814.1,7.59089
ENSG00000211815.3,6.551449
ENSG00000211816.2,5.326475
ENSG00000211817.2,15.104687
ENSG00000211818.1,6.036851
ENSG00000211819.3,3.288566
ENSG00000211820.1,8.792396
ENSG00000211821.2,2.030695
ENSG00000211825.1,0.0
ENSG00000211826.1,0.0
ENSG00000211827.1,0.0
ENSG00000211828.1,0.0
ENSG00000211829.9,34.538644
ENSG00000211831.2,0.0
ENSG00000211832.2,0.0
ENSG00000211833.1,0.0
ENSG00000211834.1,0.0
ENSG00000211835.1,0.0
ENSG00000211836.1,0.0
ENSG00000211837.1,0.0
ENSG00000211838.1,0.0
ENSG00000211839.1,0.0
ENSG00000211840.1,0.0
ENSG00000211841.1,0.0
ENSG00000211842.1,0.0
ENSG00000211843.1,0.0
ENSG00000211844.1,0.0
ENSG00000211845.1,0.0
ENSG00000211846.1,0.0
ENSG00000211847.1,0.0
ENSG00000211848.1,0.0
ENSG00000211849.1,0.0
ENSG00000211850.1,0.0
ENSG00000211851.1,0.0
ENSG00000211854.1,0.0
ENSG00000211855.1,0.0
ENSG00000211856.1,0.0
ENSG00000211857.1,0.0
ENSG00000211858.1,0.0
ENSG00000211859.1,0.0
ENSG00000211860.1,0.0
ENSG00000211861.1,0.0
ENSG00000211862.1,0.0
ENSG00000211863.1,0.0
ENSG00000211864.2,0.0
ENSG00000211865.1,0.0
ENSG00000211866.1,0.0
ENSG00000211867.1,0.0
ENSG00000211868.1,0.0
ENSG00000211869.1,0.0
ENSG00000211870.1,0.0
ENSG00000211871.1,0.0
ENSG00000211872.1,0.0
ENSG00000211873.1,0.0
ENSG00000211875.1,0.0
ENSG00000211876.1,0.0
ENSG00000211877.1,0.0
ENSG00000211878.1,0.0
ENSG00000211879.1,0.0
ENSG00000211880.1,0.0
ENSG00000211881.1,0.0
ENSG00000211882.1,0.0
ENSG00000211883.1,0.0
ENSG00000211884.1,0.0
ENSG00000211885.1,0.0
ENSG00000211886.1,0.0
ENSG00000211887.2,0.0
ENSG00000211888.2,0.0
ENSG00000211890.4,21.599066999999998
ENSG00000211891.6,0.364386
ENSG00000211892.4,5.956672
ENSG00000211893.4,2.694178
ENSG00000211895.5,141.04880599999998
ENSG00000211896.7,44.167871000000005
ENSG00000211897.9,0.640216
ENSG00000211898.8,30.333423
ENSG00000211899.10,253.312089
ENSG00000211900.2,0.0
ENSG00000211904.2,0.0
ENSG00000211905.1,0.0
ENSG00000211907.1,0.0
ENSG00000211909.1,0.0
ENSG00000211911.1,0.0
ENSG00000211912.1,0.0
ENSG00000211914.1,0.0
ENSG00000211915.1,0.0
ENSG00000211917.1,0.0
ENSG00000211918.1,0.0
ENSG00000211920.1,0.0
ENSG00000211921.1,0.0
ENSG00000211923.1,0.0
ENSG00000211924.1,0.0
ENSG00000211925.1,0.0
ENSG00000211930.1,0.0
ENSG00000211931.1,0.0
ENSG00000211933.2,4.93574
ENSG00000211934.3,9.78754
ENSG00000211935.3,6.473437
ENSG00000211937.3,12.870303
ENSG00000211938.2,7.419256
ENSG00000211941.3,4.73334
ENSG00000211942.3,4.637035
ENSG00000211943.2,0.0
ENSG00000211944.2,0.0
ENSG00000211945.2,0.0
ENSG00000211946.3,2.961444
ENSG00000211947.2,5.564442
ENSG00000211949.3,21.158781
ENSG00000211950.2,2.008693
ENSG00000211951.2,8.07055
ENSG00000211952.3,0.0
ENSG00000211955.2,18.963095
ENSG00000211956.2,0.0
ENSG00000211957.2,0.0
ENSG00000211958.2,0.0
ENSG00000211959.2,0.0
ENSG00000211961.3,0.0
ENSG00000211962.2,6.720109
ENSG00000211964.3,11.038253
ENSG00000211965.4,3.578765
ENSG00000211966.2,25.218121
ENSG00000211967.3,1.758675
ENSG00000211968.3,0.0
ENSG00000211970.3,5.323535
ENSG00000211972.2,0.0
ENSG00000211973.2,25.524449
ENSG00000211974.3,0.913081
ENSG00000211976.2,0.901769
ENSG00000211978.2,1.902996
ENSG00000211979.2,0.0
ENSG00000211991.4,0.0
ENSG00000211997.1,0.0
ENSG00000212013.1,0.0
ENSG00000212014.1,0.0
ENSG00000212017.2,0.0
ENSG00000212024.2,0.0
ENSG00000212027.3,0.0
ENSG00000212036.3,0.0
ENSG00000212040.3,0.0
ENSG00000212051.1,0.0
ENSG00000212100.2,0.0
ENSG00000212102.1,0.0
ENSG00000212122.4,0.0
ENSG00000212123.4,1.653525
ENSG00000212124.2,0.0
ENSG00000212125.2,0.302
ENSG00000212126.3,0.0
ENSG00000212127.6,0.0
ENSG00000212128.2,0.0
ENSG00000212133.1,0.0
ENSG00000212134.1,0.0
ENSG00000212135.1,0.0
ENSG00000212136.1,0.0
ENSG00000212138.1,0.0
ENSG00000212140.1,0.0
ENSG00000212144.1,0.0
ENSG00000212145.2,0.0
ENSG00000212146.1,0.0
ENSG00000212147.1,0.0
ENSG00000212149.1,0.0
ENSG00000212153.1,0.0
ENSG00000212156.1,0.0
ENSG00000212157.1,0.0
ENSG00000212158.1,0.0
ENSG00000212160.1,0.0
ENSG00000212161.1,0.0
ENSG00000212163.6,0.0
ENSG00000212165.2,0.0
ENSG00000212167.1,0.0
ENSG00000212168.1,0.0
ENSG00000212170.1,0.0
ENSG00000212171.1,0.0
ENSG00000212172.1,0.0
ENSG00000212175.1,0.0
ENSG00000212176.1,0.0
ENSG00000212181.1,0.0
ENSG00000212182.2,0.0
ENSG00000212184.1,0.0
ENSG00000212186.1,0.0
ENSG00000212187.1,0.0
ENSG00000212189.1,0.0
ENSG00000212190.1,0.0
ENSG00000212191.1,0.0
ENSG00000212195.2,0.0
ENSG00000212199.1,0.0
ENSG00000212204.1,0.0
ENSG00000212205.1,0.0
ENSG00000212206.1,0.0
ENSG00000212207.1,0.0
ENSG00000212211.2,0.0
ENSG00000212214.1,0.0
ENSG00000212215.1,0.0
ENSG00000212219.1,0.0
ENSG00000212221.1,0.0
ENSG00000212224.1,0.0
ENSG00000212226.1,0.0
ENSG00000212228.1,0.0
ENSG00000212229.1,0.0
ENSG00000212232.1,9.152347
ENSG00000212237.1,0.0
ENSG00000212238.1,0.0
ENSG00000212240.1,0.0
ENSG00000212241.1,0.0
ENSG00000212242.1,0.0
ENSG00000212246.1,0.0
ENSG00000212247.1,0.0
ENSG00000212248.1,0.0
ENSG00000212249.2,0.0
ENSG00000212251.1,0.0
ENSG00000212257.1,0.0
ENSG00000212258.1,0.0
ENSG00000212259.1,0.0
ENSG00000212260.1,0.0
ENSG00000212264.1,0.0
ENSG00000212265.1,0.0
ENSG00000212266.1,0.0
ENSG00000212269.1,0.0
ENSG00000212270.1,0.0
ENSG00000212273.1,0.0
ENSG00000212276.1,0.0
ENSG00000212278.1,0.0
ENSG00000212279.2,0.0
ENSG00000212280.1,0.0
ENSG00000212282.1,0.0
ENSG00000212283.1,0.0
ENSG00000212289.1,0.0
ENSG00000212292.1,0.0
ENSG00000212293.1,0.0
ENSG00000212295.1,0.0
ENSG00000212296.1,0.0
ENSG00000212297.1,0.0
ENSG00000212298.1,0.0
ENSG00000212302.1,0.0
ENSG00000212303.1,0.0
ENSG00000212304.1,0.0
ENSG00000212305.1,0.0
ENSG00000212306.1,0.0
ENSG00000212308.1,0.0
ENSG00000212309.1,0.0
ENSG00000212312.1,0.0
ENSG00000212314.2,0.0
ENSG00000212316.1,0.0
ENSG00000212319.1,0.0
ENSG00000212321.2,0.0
ENSG00000212324.1,0.0
ENSG00000212325.1,0.0
ENSG00000212327.1,0.0
ENSG00000212329.1,0.0
ENSG00000212330.1,0.0
ENSG00000212331.1,0.0
ENSG00000212332.1,0.0
ENSG00000212333.1,0.0
ENSG00000212335.1,0.0
ENSG00000212336.1,0.0
ENSG00000212338.1,0.0
ENSG00000212340.1,0.0
ENSG00000212342.1,0.0
ENSG00000212344.1,0.0
ENSG00000212345.1,0.0
ENSG00000212347.2,0.0
ENSG00000212348.1,0.0
ENSG00000212354.1,0.0
ENSG00000212358.1,0.0
ENSG00000212359.1,0.0
ENSG00000212360.1,0.0
ENSG00000212363.1,0.0
ENSG00000212365.1,0.0
ENSG00000212366.1,0.0
ENSG00000212368.1,0.0
ENSG00000212370.1,0.0
ENSG00000212371.1,9.221008
ENSG00000212373.1,0.0
ENSG00000212374.1,0.0
ENSG00000212377.1,0.0
ENSG00000212378.1,0.0
ENSG00000212379.1,0.0
ENSG00000212380.1,0.0
ENSG00000212382.1,0.0
ENSG00000212383.1,0.0
ENSG00000212384.1,0.0
ENSG00000212385.1,0.0
ENSG00000212387.1,0.0
ENSG00000212388.1,0.0
ENSG00000212389.1,0.0
ENSG00000212391.1,0.0
ENSG00000212392.1,0.0
ENSG00000212395.1,0.0
ENSG00000212396.1,0.0
ENSG00000212397.1,0.0
ENSG00000212398.1,0.0
ENSG00000212402.1,0.0
ENSG00000212404.1,0.0
ENSG00000212407.1,0.0
ENSG00000212409.1,0.0
ENSG00000212410.1,0.0
ENSG00000212411.1,0.0
ENSG00000212413.1,0.0
ENSG00000212414.1,0.0
ENSG00000212415.1,0.0
ENSG00000212418.1,0.0
ENSG00000212420.1,0.0
ENSG00000212421.1,0.0
ENSG00000212422.2,0.0
ENSG00000212424.1,0.0
ENSG00000212425.1,0.0
ENSG00000212428.1,0.0
ENSG00000212429.1,0.0
ENSG00000212432.1,0.0
ENSG00000212433.1,0.0
ENSG00000212434.2,0.0
ENSG00000212440.1,0.0
ENSG00000212441.1,0.0
ENSG00000212442.1,0.0
ENSG00000212443.1,0.0
ENSG00000212445.1,0.0
ENSG00000212446.1,0.0
ENSG00000212447.1,0.0
ENSG00000212448.1,0.0
ENSG00000212451.1,0.0
ENSG00000212452.1,0.0
ENSG00000212454.1,0.0
ENSG00000212455.1,0.0
ENSG00000212457.1,0.0
ENSG00000212458.1,0.0
ENSG00000212459.1,0.0
ENSG00000212460.1,0.0
ENSG00000212461.1,0.0
ENSG00000212464.1,0.0
ENSG00000212466.1,0.0
ENSG00000212468.1,0.0
ENSG00000212469.1,0.0
ENSG00000212473.1,0.0
ENSG00000212475.1,0.0
ENSG00000212479.2,0.0
ENSG00000212482.1,0.0
ENSG00000212485.1,0.0
ENSG00000212489.1,0.0
ENSG00000212490.1,0.0
ENSG00000212493.1,0.0
ENSG00000212495.1,0.0
ENSG00000212496.1,0.0
ENSG00000212497.1,0.0
ENSG00000212498.1,0.0
ENSG00000212499.1,0.0
ENSG00000212505.1,0.0
ENSG00000212510.1,0.0
ENSG00000212511.2,0.0
ENSG00000212512.2,0.0
ENSG00000212517.1,0.0
ENSG00000212518.1,0.0
ENSG00000212520.1,0.0
ENSG00000212521.1,0.0
ENSG00000212525.1,0.0
ENSG00000212526.1,0.0
ENSG00000212527.1,0.0
ENSG00000212528.1,0.0
ENSG00000212529.1,0.0
ENSG00000212532.1,0.0
ENSG00000212533.1,0.0
ENSG00000212534.1,0.0
ENSG00000212535.1,0.0
ENSG00000212536.1,0.0
ENSG00000212538.2,0.0
ENSG00000212539.2,0.0
ENSG00000212541.1,0.0
ENSG00000212542.1,0.0
ENSG00000212545.1,0.0
ENSG00000212546.1,0.0
ENSG00000212549.1,0.0
ENSG00000212550.1,0.0
ENSG00000212551.2,0.0
ENSG00000212553.1,0.0
ENSG00000212555.1,0.0
ENSG00000212556.1,0.0
ENSG00000212558.1,0.0
ENSG00000212559.1,0.0
ENSG00000212560.1,0.0
ENSG00000212561.1,0.0
ENSG00000212564.1,0.0
ENSG00000212565.1,0.0
ENSG00000212567.1,0.0
ENSG00000212568.1,0.0
ENSG00000212569.1,0.0
ENSG00000212571.1,0.0
ENSG00000212572.1,0.0
ENSG00000212576.1,0.0
ENSG00000212579.1,0.0
ENSG00000212580.1,0.0
ENSG00000212581.1,0.0
ENSG00000212584.1,0.0
ENSG00000212586.1,0.0
ENSG00000212587.1,0.0
ENSG00000212588.1,0.0
ENSG00000212589.1,0.0
ENSG00000212590.1,0.0
ENSG00000212593.1,0.0
ENSG00000212594.1,0.0
ENSG00000212595.1,0.0
ENSG00000212597.1,0.0
ENSG00000212598.2,0.0
ENSG00000212599.1,0.0
ENSG00000212601.1,0.0
ENSG00000212604.1,0.0
ENSG00000212605.1,0.0
ENSG00000212607.1,0.0
ENSG00000212608.1,0.0
ENSG00000212609.1,0.0
ENSG00000212610.2,0.0
ENSG00000212611.1,0.0
ENSG00000212612.1,0.0
ENSG00000212615.1,0.0
ENSG00000212618.1,0.0
ENSG00000212620.1,0.0
ENSG00000212623.1,0.0
ENSG00000212624.1,0.0
ENSG00000212625.1,0.0
ENSG00000212626.1,0.0
ENSG00000212628.1,0.0
ENSG00000212643.3,0.0
ENSG00000212657.2,0.0
ENSG00000212658.1,0.266517
ENSG00000212659.2,0.0
ENSG00000212663.2,1.205717
ENSG00000212664.5,0.0
ENSG00000212694.8,37.723617000000004
ENSG00000212695.5,0.0
ENSG00000212710.5,0.0
ENSG00000212712.2,0.0
ENSG00000212717.3,0.0
ENSG00000212719.16,1.245238
ENSG00000212721.4,0.0
ENSG00000212722.9,0.0
ENSG00000212724.3,0.0
ENSG00000212725.4,0.0
ENSG00000212743.2,1.084268
ENSG00000212747.5,0.362799
ENSG00000212766.10,0.0
ENSG00000212769.5,0.0
ENSG00000212789.4,0.0
ENSG00000212802.4,0.0
ENSG00000212807.3,0.0
ENSG00000212829.8,0.0
ENSG00000212855.6,0.0
ENSG00000212856.7,0.0
ENSG00000212864.4,2.174039
ENSG00000212866.6,0.0
ENSG00000212899.3,0.0
ENSG00000212900.3,0.0
ENSG00000212901.4,0.0
ENSG00000212907.2,2518.513063
ENSG00000212916.6,0.462858
ENSG00000212930.3,0.0
ENSG00000212932.3,0.0
ENSG00000212933.1,0.0
ENSG00000212935.2,0.0
ENSG00000212938.4,0.0
ENSG00000212939.2,0.0
ENSG00000212952.6,0.0
ENSG00000212961.4,0.816101
ENSG00000212989.3,0.0
ENSG00000212993.6,0.145818
ENSG00000212994.5,0.0
ENSG00000213003.3,0.0
ENSG00000213005.3,0.0
ENSG00000213013.4,0.0
ENSG00000213014.3,0.0
ENSG00000213015.9,23.748313
ENSG00000213016.3,0.0
ENSG00000213018.2,0.0
ENSG00000213020.10,4.339754
ENSG00000213022.6,0.0
ENSG00000213023.11,0.0
ENSG00000213024.13,35.748758
ENSG00000213025.2,0.0
ENSG00000213026.4,0.0
ENSG00000213028.3,0.0
ENSG00000213030.6,0.0
ENSG00000213032.3,0.0
ENSG00000213033.4,0.217917
ENSG00000213035.4,0.0
ENSG00000213036.3,0.0
ENSG00000213041.4,0.0
ENSG00000213045.3,0.0
ENSG00000213046.4,0.0
ENSG00000213047.13,0.857821
ENSG00000213048.3,0.0
ENSG00000213049.3,0.0
ENSG00000213050.5,0.0
ENSG00000213051.3,0.0
ENSG00000213055.3,0.0
ENSG00000213057.5,0.0
ENSG00000213058.3,0.0
ENSG00000213060.4,1.908843
ENSG00000213061.2,0.0
ENSG00000213062.6,0.130986
ENSG00000213063.3,0.0
ENSG00000213064.10,5.741756
ENSG00000213065.2,0.0
ENSG00000213066.14,1.957533
ENSG00000213067.2,0.0
ENSG00000213068.3,0.0
ENSG00000213069.3,0.0
ENSG00000213070.3,0.0
ENSG00000213071.12,0.477327
ENSG00000213073.5,0.0
ENSG00000213075.8,0.0
ENSG00000213076.3,0.0
ENSG00000213078.3,0.0
ENSG00000213079.10,8.431026
ENSG00000213080.3,0.0
ENSG00000213081.3,0.0
ENSG00000213082.3,0.0
ENSG00000213083.3,0.0
ENSG00000213085.10,2.287335
ENSG00000213087.3,0.0
ENSG00000213088.14,5.981317
ENSG00000213089.4,0.0
ENSG00000213090.2,0.172775
ENSG00000213091.2,0.0
ENSG00000213096.11,0.481375
ENSG00000213100.2,0.0
ENSG00000213104.3,0.0
ENSG00000213107.2,0.0
ENSG00000213108.3,0.0
ENSG00000213109.5,0.0
ENSG00000213110.2,0.0
ENSG00000213111.5,0.0
ENSG00000213113.3,0.0
ENSG00000213115.2,0.0
ENSG00000213117.4,0.0
ENSG00000213118.4,0.0
ENSG00000213120.3,0.0
ENSG00000213121.3,0.0
ENSG00000213122.4,0.0
ENSG00000213123.11,0.540675
ENSG00000213126.2,0.0
ENSG00000213128.3,0.0
ENSG00000213130.3,0.0
ENSG00000213131.3,0.0
ENSG00000213133.4,0.0
ENSG00000213137.3,0.0
ENSG00000213139.8,4.057201
ENSG00000213140.3,0.0
ENSG00000213144.2,0.0
ENSG00000213145.10,376.38456199999996
ENSG00000213147.3,0.0
ENSG00000213148.3,0.0
ENSG00000213149.3,0.943651
ENSG00000213150.2,0.0
ENSG00000213152.5,0.0
ENSG00000213153.3,0.0
ENSG00000213155.4,0.0
ENSG00000213157.3,0.0
ENSG00000213158.6,0.0
ENSG00000213159.4,0.0
ENSG00000213160.10,0.0
ENSG00000213167.3,0.0
ENSG00000213169.3,0.0
ENSG00000213170.3,0.0
ENSG00000213171.3,0.0
ENSG00000213172.3,0.0
ENSG00000213174.3,0.0
ENSG00000213176.4,0.0
ENSG00000213177.3,0.0
ENSG00000213178.3,0.0
ENSG00000213179.4,0.0
ENSG00000213180.4,0.0
ENSG00000213181.4,0.0
ENSG00000213182.4,0.0
ENSG00000213183.3,0.0
ENSG00000213184.3,0.0
ENSG00000213185.7,1.658664
ENSG00000213186.8,1.145976
ENSG00000213187.3,0.0
ENSG00000213188.3,0.0
ENSG00000213189.5,16.058585
ENSG00000213190.4,0.679147
ENSG00000213194.3,0.0
ENSG00000213197.3,0.0
ENSG00000213199.8,1.912652
ENSG00000213201.3,0.0
ENSG00000213203.3,30.710525
ENSG00000213204.8,0.187215
ENSG00000213205.3,0.0
ENSG00000213209.2,0.0
ENSG00000213210.4,0.0
ENSG00000213211.2,0.0
ENSG00000213212.3,0.0
ENSG00000213213.14,0.214365
ENSG00000213214.6,0.091963
ENSG00000213215.5,0.0
ENSG00000213216.2,0.0
ENSG00000213218.11,0.0
ENSG00000213221.5,0.728758
ENSG00000213222.3,0.0
ENSG00000213225.8,0.0
ENSG00000213226.4,0.0
ENSG00000213228.6,0.0
ENSG00000213231.13,0.0
ENSG00000213232.2,0.0
ENSG00000213233.5,0.0
ENSG00000213234.4,0.0
ENSG00000213235.3,0.0
ENSG00000213236.3,0.0
ENSG00000213237.4,0.0
ENSG00000213238.6,0.0
ENSG00000213239.3,0.0
ENSG00000213244.3,0.0
ENSG00000213246.7,117.52519
ENSG00000213247.3,0.0
ENSG00000213250.5,0.0
ENSG00000213252.3,0.0
ENSG00000213253.5,0.0
ENSG00000213260.3,0.0
ENSG00000213261.3,0.0
ENSG00000213262.3,0.0
ENSG00000213264.3,0.0
ENSG00000213265.9,0.239791
ENSG00000213269.2,0.0
ENSG00000213270.5,0.0
ENSG00000213272.5,0.0
ENSG00000213275.2,0.0
ENSG00000213277.3,0.0
ENSG00000213279.3,0.508386
ENSG00000213280.2,0.0
ENSG00000213281.5,3.505717
ENSG00000213285.4,0.0
ENSG00000213287.3,0.0
ENSG00000213290.4,0.0
ENSG00000213291.3,0.0
ENSG00000213293.4,0.0
ENSG00000213295.3,0.0
ENSG00000213296.4,0.0
ENSG00000213297.8,1.935625
ENSG00000213300.5,0.0
ENSG00000213301.2,0.0
ENSG00000213302.3,0.0
ENSG00000213303.3,0.0
ENSG00000213304.3,0.0
ENSG00000213305.3,0.0
ENSG00000213307.4,0.0
ENSG00000213309.3,0.0
ENSG00000213310.3,0.0
ENSG00000213312.3,0.0
ENSG00000213315.5,0.0
ENSG00000213316.10,4.075945
ENSG00000213318.4,0.0
ENSG00000213326.4,0.0
ENSG00000213328.3,0.0
ENSG00000213331.4,0.0
ENSG00000213332.4,0.0
ENSG00000213333.3,0.0
ENSG00000213335.4,0.0
ENSG00000213337.9,6.0662400000000005
ENSG00000213339.9,16.10781
ENSG00000213341.11,4.870972
ENSG00000213343.5,0.0
ENSG00000213344.2,0.0
ENSG00000213347.11,107.276668
ENSG00000213352.3,0.0
ENSG00000213355.3,0.0
ENSG00000213358.3,0.293926
ENSG00000213361.2,0.0
ENSG00000213362.3,0.0
ENSG00000213363.4,1.614182
ENSG00000213365.3,0.0
ENSG00000213366.13,29.521248
ENSG00000213368.3,0.0
ENSG00000213370.3,0.0
ENSG00000213371.4,0.0
ENSG00000213373.8,3.3001329999999998
ENSG00000213376.4,0.0
ENSG00000213380.16,16.363454
ENSG00000213383.2,0.0
ENSG00000213384.2,0.0
ENSG00000213385.3,0.638212
ENSG00000213386.3,0.407072
ENSG00000213390.11,7.193735
ENSG00000213393.5,0.0
ENSG00000213394.3,0.0
ENSG00000213397.12,25.945000999999998
ENSG00000213398.8,18.457067
ENSG00000213399.3,0.0
ENSG00000213400.3,0.0
ENSG00000213401.10,0.0
ENSG00000213402.3,298.090018
ENSG00000213403.2,0.0
ENSG00000213406.3,0.0
ENSG00000213409.4,0.0
ENSG00000213411.2,0.143224
ENSG00000213412.3,0.0
ENSG00000213413.3,40.343807
ENSG00000213414.3,0.0
ENSG00000213416.4,0.0
ENSG00000213417.3,0.0
ENSG00000213420.8,3.216786
ENSG00000213421.4,0.0
ENSG00000213423.4,0.0
ENSG00000213424.9,0.0
ENSG00000213430.6,0.0
ENSG00000213431.4,0.0
ENSG00000213432.2,0.0
ENSG00000213433.6,0.0
ENSG00000213434.2,0.0
ENSG00000213435.3,0.0
ENSG00000213438.2,0.0
ENSG00000213439.3,0.0
ENSG00000213440.2,0.0
ENSG00000213442.5,0.0
ENSG00000213443.2,14.933074
ENSG00000213445.11,273.07459600000004
ENSG00000213448.3,0.0
ENSG00000213449.2,0.0
ENSG00000213450.4,0.0
ENSG00000213451.2,0.0
ENSG00000213452.4,0.0
ENSG00000213453.3,0.567242
ENSG00000213455.3,0.0
ENSG00000213461.3,0.0
ENSG00000213462.5,15.089415
ENSG00000213463.5,1.253173
ENSG00000213465.8,48.310575
ENSG00000213467.4,0.0
ENSG00000213468.8,1.2622369999999998
ENSG00000213470.4,0.0
ENSG00000213471.10,1.267432
ENSG00000213478.2,0.0
ENSG00000213480.3,0.0
ENSG00000213483.4,0.0
ENSG00000213484.2,0.0
ENSG00000213486.3,0.0
ENSG00000213487.3,0.0
ENSG00000213488.4,0.0
ENSG00000213489.3,0.0
ENSG00000213492.3,0.0
ENSG00000213493.3,0.0
ENSG00000213495.3,0.0
ENSG00000213498.3,0.0
ENSG00000213500.3,0.0
ENSG00000213509.4,0.0
ENSG00000213512.3,0.198993
ENSG00000213513.3,0.0
ENSG00000213514.2,0.0
ENSG00000213516.10,2.370072
ENSG00000213519.2,0.0
ENSG00000213522.4,0.0
ENSG00000213523.12,81.47138700000001
ENSG00000213525.3,0.0
ENSG00000213526.3,0.0
ENSG00000213527.5,0.0
ENSG00000213529.3,0.0
ENSG00000213530.3,0.0
ENSG00000213533.13,16.082493
ENSG00000213536.2,0.0
ENSG00000213538.5,0.0
ENSG00000213539.4,0.0
ENSG00000213540.3,0.0
ENSG00000213542.3,1.960974
ENSG00000213543.2,0.0
ENSG00000213547.3,0.0
ENSG00000213548.3,0.0
ENSG00000213549.3,0.0
ENSG00000213551.7,4.410264000000001
ENSG00000213553.4,0.334337
ENSG00000213556.3,0.0
ENSG00000213557.4,0.0
ENSG00000213558.3,0.0
ENSG00000213559.4,0.0
ENSG00000213560.4,0.0
ENSG00000213561.4,0.0
ENSG00000213563.7,4.949321
ENSG00000213568.4,0.0
ENSG00000213569.4,0.0
ENSG00000213574.2,0.0
ENSG00000213578.6,0.0
ENSG00000213579.3,0.0
ENSG00000213585.11,38.719803
ENSG00000213587.3,0.0
ENSG00000213588.6,0.0
ENSG00000213590.2,0.231789
ENSG00000213592.4,0.0
ENSG00000213593.11,33.913723
ENSG00000213594.4,0.0
ENSG00000213598.4,0.0
ENSG00000213599.10,3.1968389999999998
ENSG00000213600.3,1.23655
ENSG00000213601.3,0.0
ENSG00000213604.4,0.0
ENSG00000213605.2,0.0
ENSG00000213606.3,0.0
ENSG00000213607.4,0.0
ENSG00000213608.5,0.0
ENSG00000213609.3,0.0
ENSG00000213612.3,0.0
ENSG00000213613.2,1.341597
ENSG00000213614.11,66.540877
ENSG00000213619.11,46.416201
ENSG00000213620.3,0.0
ENSG00000213621.3,0.0
ENSG00000213625.9,15.200401
ENSG00000213626.13,46.213328
ENSG00000213630.3,0.0
ENSG00000213638.6,2.621527
ENSG00000213639.11,11.869447000000001
ENSG00000213640.3,0.323066
ENSG00000213641.4,0.0
ENSG00000213642.3,0.0
ENSG00000213643.3,0.0
ENSG00000213644.2,0.0
ENSG00000213645.2,0.0
ENSG00000213648.11,3.02106
ENSG00000213650.3,0.0
ENSG00000213652.3,0.0
ENSG00000213653.4,0.0
ENSG00000213654.10,1116.065701
ENSG00000213655.4,0.0
ENSG00000213657.3,0.0
ENSG00000213658.13,101.102303
ENSG00000213659.4,0.0
ENSG00000213661.3,0.0
ENSG00000213663.4,0.0
ENSG00000213664.4,0.0
ENSG00000213667.3,0.0
ENSG00000213669.2,0.0
ENSG00000213671.3,0.0
ENSG00000213672.8,6.429043
ENSG00000213673.3,0.0
ENSG00000213676.13,15.592495
ENSG00000213683.4,0.0
ENSG00000213684.4,0.0
ENSG00000213689.14,138.735342
ENSG00000213690.3,0.0
ENSG00000213693.4,0.111752
ENSG00000213694.7,4.454034999999999
ENSG00000213695.3,0.0
ENSG00000213697.3,0.0
ENSG00000213698.2,0.0
ENSG00000213699.9,14.08019
ENSG00000213700.3,0.0
ENSG00000213701.4,0.0
ENSG00000213703.2,0.0
ENSG00000213704.3,0.0
ENSG00000213706.2,0.0
ENSG00000213707.2,0.0
ENSG00000213708.6,0.0
ENSG00000213711.3,0.0
ENSG00000213713.3,0.0
ENSG00000213714.1,2.21369
ENSG00000213716.3,0.0
ENSG00000213717.3,0.0
ENSG00000213719.8,812.017619
ENSG00000213721.3,0.0
ENSG00000213722.10,40.112541
ENSG00000213724.4,0.0
ENSG00000213726.5,0.0
ENSG00000213727.3,0.0
ENSG00000213729.3,0.0
ENSG00000213730.3,0.0
ENSG00000213731.2,0.0
ENSG00000213735.2,0.0
ENSG00000213736.2,0.0
ENSG00000213739.3,0.0
ENSG00000213740.2,0.0
ENSG00000213741.11,706.7977060000001
ENSG00000213742.9,0.198564
ENSG00000213744.3,0.0
ENSG00000213747.2,0.0
ENSG00000213750.4,0.0
ENSG00000213752.3,0.0
ENSG00000213753.12,10.428597
ENSG00000213754.2,0.0
ENSG00000213755.3,0.0
ENSG00000213757.3,0.0
ENSG00000213759.10,0.0
ENSG00000213760.11,3.744294
ENSG00000213761.4,0.0
ENSG00000213762.12,3.429009
ENSG00000213763.4,0.0
ENSG00000213770.3,0.0
ENSG00000213771.3,0.0
ENSG00000213772.3,0.0
ENSG00000213774.3,0.0
ENSG00000213777.6,0.0
ENSG00000213778.2,0.0
ENSG00000213779.4,0.0
ENSG00000213780.11,8.978622000000001
ENSG00000213781.3,0.0
ENSG00000213782.7,17.264714
ENSG00000213783.4,0.0
ENSG00000213785.3,0.0
ENSG00000213786.3,0.0
ENSG00000213787.3,0.0
ENSG00000213790.2,0.0
ENSG00000213791.4,0.0
ENSG00000213793.6,1.237384
ENSG00000213798.3,0.0
ENSG00000213799.13,0.838902
ENSG00000213801.5,0.0
ENSG00000213809.9,21.977397
ENSG00000213816.3,0.0
ENSG00000213820.3,0.0
ENSG00000213822.7,0.0
ENSG00000213830.3,1.431758
ENSG00000213839.4,0.0
ENSG00000213842.2,0.0
ENSG00000213849.3,0.0
ENSG00000213851.3,0.0
ENSG00000213853.10,0.186905
ENSG00000213854.3,0.0
ENSG00000213856.3,0.0
ENSG00000213857.3,0.0
ENSG00000213859.8,4.321582
ENSG00000213860.4,2.338468
ENSG00000213862.4,0.0
ENSG00000213864.3,0.0
ENSG00000213866.3,0.0
ENSG00000213867.4,0.0
ENSG00000213871.3,0.0
ENSG00000213872.3,0.0
ENSG00000213873.4,0.0
ENSG00000213875.3,0.0
ENSG00000213876.4,6.187379
ENSG00000213877.3,0.0
ENSG00000213880.3,0.0
ENSG00000213881.3,0.0
ENSG00000213882.2,0.0
ENSG00000213885.5,0.0
ENSG00000213886.4,0.0
ENSG00000213888.4,0.249327
ENSG00000213889.12,2.690161
ENSG00000213891.3,0.0
ENSG00000213892.12,0.0
ENSG00000213896.4,0.0
ENSG00000213900.2,0.0
ENSG00000213901.11,1.6013030000000001
ENSG00000213903.9,78.512557
ENSG00000213904.12,1.721902
ENSG00000213906.10,1.6066589999999998
ENSG00000213908.4,0.0
ENSG00000213911.2,0.0
ENSG00000213916.2,0.0
ENSG00000213917.2,0.0
ENSG00000213918.11,8.024211
ENSG00000213920.9,11.650096999999999
ENSG00000213921.8,0.0
ENSG00000213923.13,12.769626
ENSG00000213924.3,0.0
ENSG00000213925.3,0.0
ENSG00000213926.3,0.0
ENSG00000213927.4,0.0
ENSG00000213928.10,382.700338
ENSG00000213930.12,32.372016
ENSG00000213931.7,0.0
ENSG00000213934.9,1023.574156
ENSG00000213935.3,0.0
ENSG00000213937.4,21.090586
ENSG00000213938.3,0.0
ENSG00000213939.4,0.0
ENSG00000213940.4,0.0
ENSG00000213942.3,0.0
ENSG00000213943.3,0.0
ENSG00000213946.3,0.0
ENSG00000213949.10,0.6889639999999999
ENSG00000213950.2,0.0
ENSG00000213954.3,0.0
ENSG00000213956.4,0.0
ENSG00000213958.2,0.0
ENSG00000213959.2,0.0
ENSG00000213962.2,0.0
ENSG00000213963.7,1.090464
ENSG00000213964.3,0.0
ENSG00000213965.4,1.756209
ENSG00000213967.12,0.0
ENSG00000213970.5,0.0
ENSG00000213972.3,0.0
ENSG00000213973.10,0.0
ENSG00000213976.4,0.0
ENSG00000213977.8,52.780862
ENSG00000213979.3,0.0
ENSG00000213981.9,0.0
ENSG00000213983.12,162.839099
ENSG00000213985.4,0.0
ENSG00000213987.4,0.0
ENSG00000213988.11,1.754534
ENSG00000213994.4,0.0
ENSG00000213995.12,11.842347
ENSG00000213996.13,0.0
ENSG00000213997.3,0.407819
ENSG00000213999.17,5.915424
ENSG00000214003.2,0.0
ENSG00000214009.2,0.0
ENSG00000214012.4,0.0
ENSG00000214013.10,7.014711999999999
ENSG00000214015.3,0.0
ENSG00000214016.3,0.0
ENSG00000214018.3,0.0
ENSG00000214019.2,0.0
ENSG00000214020.3,0.0
ENSG00000214021.19,48.167956
ENSG00000214022.12,44.653589
ENSG00000214024.2,0.0
ENSG00000214025.2,0.0
ENSG00000214026.11,61.710053
ENSG00000214027.3,0.0
ENSG00000214029.6,0.168961
ENSG00000214031.2,0.0
ENSG00000214035.3,0.0
ENSG00000214039.11,0.0
ENSG00000214041.4,0.0
ENSG00000214042.1,0.0
ENSG00000214043.8,0.0
ENSG00000214045.3,0.0
ENSG00000214046.9,46.799917
ENSG00000214047.4,0.0
ENSG00000214049.9,0.029251
ENSG00000214050.8,0.0
ENSG00000214051.3,0.0
ENSG00000214062.5,0.0
ENSG00000214063.12,21.929201
ENSG00000214064.3,0.0
ENSG00000214067.2,0.0
ENSG00000214070.3,0.0
ENSG00000214071.4,0.0
ENSG00000214073.2,0.0
ENSG00000214074.3,0.0
ENSG00000214076.3,0.12565
ENSG00000214077.4,0.0
ENSG00000214078.13,258.223835
ENSG00000214081.9,0.0
ENSG00000214087.10,9.172282
ENSG00000214089.3,0.0
ENSG00000214093.3,0.835442
ENSG00000214097.5,0.0
ENSG00000214100.11,0.0
ENSG00000214102.7,0.0
ENSG00000214106.10,1.1766169999999998
ENSG00000214107.9,0.0
ENSG00000214108.4,0.0
ENSG00000214110.3,1.402973
ENSG00000214111.3,0.0
ENSG00000214113.11,7.975593
ENSG00000214114.9,16.132448
ENSG00000214121.4,0.0
ENSG00000214124.3,0.0
ENSG00000214125.2,0.0
ENSG00000214128.11,0.231296
ENSG00000214132.4,0.0
ENSG00000214135.11,0.0
ENSG00000214140.11,1.422671
ENSG00000214141.4,0.0
ENSG00000214142.2,0.0
ENSG00000214144.3,0.0
ENSG00000214145.9,0.919221
ENSG00000214146.4,1.532645
ENSG00000214147.2,0.0
ENSG00000214160.10,34.481195
ENSG00000214161.3,0.0
ENSG00000214174.11,0.0
ENSG00000214176.12,0.0
ENSG00000214178.3,0.0
ENSG00000214182.6,0.0
ENSG00000214184.4,0.404838
ENSG00000214185.3,0.0
ENSG00000214188.9,0.556905
ENSG00000214189.10,0.0
ENSG00000214190.2,0.0
ENSG00000214192.3,0.0
ENSG00000214193.12,3.795176
ENSG00000214194.9,4.041321
ENSG00000214195.4,0.0
ENSG00000214198.9,0.0
ENSG00000214199.3,0.0
ENSG00000214200.2,0.0
ENSG00000214203.4,0.0
ENSG00000214204.4,0.0
ENSG00000214207.2,0.0
ENSG00000214210.4,0.0
ENSG00000214211.2,0.0
ENSG00000214212.9,244.410961
ENSG00000214216.11,0.0
ENSG00000214222.2,0.0
ENSG00000214223.4,0.0
ENSG00000214226.9,2.232065
ENSG00000214237.11,0.0
ENSG00000214243.3,0.0
ENSG00000214244.4,0.0
ENSG00000214245.3,0.0
ENSG00000214248.3,0.86533
ENSG00000214249.3,0.0
ENSG00000214252.4,0.0
ENSG00000214253.9,166.813389
ENSG00000214254.3,0.0
ENSG00000214255.5,0.0
ENSG00000214259.3,0.0
ENSG00000214262.5,0.0
ENSG00000214263.2,0.0
ENSG00000214264.4,0.0
ENSG00000214265.11,0.0
ENSG00000214266.2,0.0
ENSG00000214268.2,0.0
ENSG00000214269.3,0.0
ENSG00000214273.4,0.0
ENSG00000214274.10,4.48145
ENSG00000214278.4,0.0
ENSG00000214279.13,1.133989
ENSG00000214280.3,0.0
ENSG00000214281.3,0.0
ENSG00000214282.3,0.0
ENSG00000214283.4,0.0
ENSG00000214285.3,0.0
ENSG00000214286.2,0.0
ENSG00000214288.4,0.0
ENSG00000214289.3,0.0
ENSG00000214290.9,0.0
ENSG00000214293.12,3.905853
ENSG00000214295.4,0.0
ENSG00000214297.3,0.0
ENSG00000214298.3,0.0
ENSG00000214300.8,0.0
ENSG00000214301.4,0.0
ENSG00000214305.4,0.0
ENSG00000214309.5,1.074832
ENSG00000214313.11,0.0
ENSG00000214318.3,0.0
ENSG00000214319.2,0.0
ENSG00000214321.3,0.0
ENSG00000214322.3,0.0
ENSG00000214324.5,0.0
ENSG00000214326.2,0.0
ENSG00000214329.8,0.0
ENSG00000214330.4,0.0
ENSG00000214331.9,0.0
ENSG00000214335.3,0.0
ENSG00000214336.5,0.0
ENSG00000214338.11,0.0
ENSG00000214342.2,0.0
ENSG00000214344.5,0.0
ENSG00000214347.9,0.0
ENSG00000214351.5,0.0
ENSG00000214353.8,0.0
ENSG00000214354.3,0.0
ENSG00000214357.9,0.035718
ENSG00000214359.3,0.0
ENSG00000214360.5,0.0
ENSG00000214362.2,0.0
ENSG00000214366.4,0.0
ENSG00000214367.10,0.9590399999999999
ENSG00000214369.2,0.0
ENSG00000214374.2,0.0
ENSG00000214376.6,0.0
ENSG00000214380.4,0.0
ENSG00000214381.7,0.0
ENSG00000214389.2,0.0
ENSG00000214391.3,0.0
ENSG00000214401.7,0.0
ENSG00000214402.7,0.0
ENSG00000214405.3,0.0
ENSG00000214407.4,2.2371090000000002
ENSG00000214413.9,6.948136
ENSG00000214414.9,0.0
ENSG00000214415.4,0.0
ENSG00000214417.4,0.0
ENSG00000214424.5,0.0
ENSG00000214425.11,0.0
ENSG00000214428.3,0.0
ENSG00000214429.3,0.0
ENSG00000214432.10,0.113002
ENSG00000214433.4,0.0
ENSG00000214434.2,0.0
ENSG00000214435.9,0.0
ENSG00000214439.7,0.0
ENSG00000214447.6,0.0
ENSG00000214455.4,0.0
ENSG00000214456.8,23.09583
ENSG00000214457.3,0.0
ENSG00000214460.3,0.0
ENSG00000214465.3,0.217066
ENSG00000214484.3,0.0
ENSG00000214485.6,0.0
ENSG00000214487.3,0.0
ENSG00000214491.9,0.071632
ENSG00000214510.10,0.0
ENSG00000214511.4,0.0
ENSG00000214513.4,0.0
ENSG00000214514.9,0.0
ENSG00000214517.10,10.66237
ENSG00000214518.4,0.0
ENSG00000214525.4,0.0
ENSG00000214526.3,0.0
ENSG00000214530.10,59.34831
ENSG00000214533.3,0.0
ENSG00000214534.6,0.0
ENSG00000214535.3,0.0
ENSG00000214541.3,0.0
ENSG00000214544.8,0.0
ENSG00000214546.5,0.0
ENSG00000214548.20,3.009992
ENSG00000214549.2,0.0
ENSG00000214552.4,0.0
ENSG00000214553.12,0.0
ENSG00000214558.5,0.050546
ENSG00000214559.3,0.0
ENSG00000214560.4,0.0
ENSG00000214561.3,0.0
ENSG00000214562.15,3.725511
ENSG00000214563.2,0.0
ENSG00000214575.10,0.0
ENSG00000214578.5,0.0
ENSG00000214581.7,0.0
ENSG00000214584.3,0.0
ENSG00000214593.3,0.0
ENSG00000214595.13,0.080886
ENSG00000214602.3,0.0
ENSG00000214604.3,0.0
ENSG00000214607.2,0.0
ENSG00000214612.3,0.0
ENSG00000214614.3,0.0
ENSG00000214617.10,0.0
ENSG00000214626.2,0.0
ENSG00000214628.3,0.0
ENSG00000214629.3,0.0
ENSG00000214641.3,0.0
ENSG00000214642.1,0.0
ENSG00000214643.8,0.0
ENSG00000214646.9,0.0
ENSG00000214650.4,0.0
ENSG00000214651.4,0.0
ENSG00000214652.7,0.053651
ENSG00000214653.4,0.0
ENSG00000214654.9,0.985844
ENSG00000214655.11,96.008242
ENSG00000214657.4,0.0
ENSG00000214659.4,0.0
ENSG00000214660.6,0.0
ENSG00000214668.4,0.0
ENSG00000214669.3,0.0
ENSG00000214671.4,0.0
ENSG00000214676.4,0.0
ENSG00000214681.4,0.0
ENSG00000214684.2,0.0
ENSG00000214686.7,0.0
ENSG00000214688.6,7.847154999999999
ENSG00000214691.10,0.0
ENSG00000214694.14,0.0
ENSG00000214695.3,0.0
ENSG00000214700.6,0.0
ENSG00000214702.6,0.0
ENSG00000214706.12,13.660328
ENSG00000214708.4,0.631912
ENSG00000214711.10,0.185487
ENSG00000214717.12,19.448817
ENSG00000214719.14,3.678486
ENSG00000214720.4,0.0
ENSG00000214725.11,0.0
ENSG00000214727.2,0.0
ENSG00000214736.8,119.311939
ENSG00000214743.4,0.0
ENSG00000214745.2,0.0
ENSG00000214748.2,0.0
ENSG00000214753.4,23.998182
ENSG00000214754.3,0.0
ENSG00000214756.8,1.99298
ENSG00000214759.3,0.0
ENSG00000214760.3,0.0
ENSG00000214761.3,0.0
ENSG00000214765.11,0.0
ENSG00000214770.3,0.437388
ENSG00000214772.3,1.116341
ENSG00000214773.1,0.179834
ENSG00000214776.13,0.0
ENSG00000214782.8,0.0
ENSG00000214784.4,0.0
ENSG00000214787.11,9.889596
ENSG00000214788.3,0.0
ENSG00000214794.4,0.0
ENSG00000214796.10,0.0
ENSG00000214797.3,0.17013
ENSG00000214803.3,0.0
ENSG00000214807.2,0.0
ENSG00000214810.4,0.0
ENSG00000214812.3,0.0
ENSG00000214814.7,0.0
ENSG00000214815.2,0.0
ENSG00000214819.2,0.0
ENSG00000214820.3,0.0
ENSG00000214821.4,0.0
ENSG00000214822.9,0.0
ENSG00000214823.3,0.0
ENSG00000214825.2,0.0
ENSG00000214826.5,0.0
ENSG00000214827.11,2.831887
ENSG00000214832.6,0.0
ENSG00000214835.3,0.0
ENSG00000214837.9,0.0
ENSG00000214842.6,0.0
ENSG00000214843.3,0.0
ENSG00000214846.4,0.0
ENSG00000214851.6,0.0
ENSG00000214853.5,1.422671
ENSG00000214855.12,0.0
ENSG00000214856.12,0.0
ENSG00000214857.4,0.0
ENSG00000214860.5,0.0
ENSG00000214866.9,0.0
ENSG00000214867.3,0.0
ENSG00000214869.5,0.0
ENSG00000214870.12,0.343535
ENSG00000214872.9,0.0
ENSG00000214875.2,0.0
ENSG00000214878.2,0.0
ENSG00000214880.3,0.0
ENSG00000214881.4,0.0
ENSG00000214883.4,0.0
ENSG00000214886.4,0.0
ENSG00000214888.4,0.0
ENSG00000214889.3,0.0
ENSG00000214890.3,0.0
ENSG00000214891.9,0.0
ENSG00000214892.4,0.0
ENSG00000214894.8,7.301794000000001
ENSG00000214896.4,0.0
ENSG00000214897.5,0.0
ENSG00000214900.14,10.166968
ENSG00000214903.4,0.0
ENSG00000214904.5,0.0
ENSG00000214908.3,0.0
ENSG00000214914.3,0.0
ENSG00000214915.4,0.0
ENSG00000214917.3,0.0
ENSG00000214919.3,0.319132
ENSG00000214922.10,3.3959900000000003
ENSG00000214925.3,0.0
ENSG00000214929.4,0.0
ENSG00000214930.2,0.0
ENSG00000214940.9,0.0
ENSG00000214941.8,8.792759
ENSG00000214942.7,0.0
ENSG00000214943.5,0.0
ENSG00000214944.10,0.128186
ENSG00000214946.15,0.0
ENSG00000214954.9,0.0
ENSG00000214960.11,0.224748
ENSG00000214961.2,0.0
ENSG00000214967.6,11.942427
ENSG00000214973.3,0.0
ENSG00000214975.4,0.0
ENSG00000214976.2,0.0
ENSG00000214978.8,0.0
ENSG00000214980.4,0.0
ENSG00000214988.4,0.0
ENSG00000214992.6,0.0
ENSG00000214998.2,0.0
ENSG00000214999.4,0.551551
ENSG00000215000.4,0.0
ENSG00000215002.2,0.0
ENSG00000215003.4,0.0
ENSG00000215004.3,0.0
ENSG00000215005.2,0.0
ENSG00000215006.4,0.0
ENSG00000215007.3,0.0
ENSG00000215009.6,0.0
ENSG00000215012.9,3.3430020000000003
ENSG00000215014.5,0.230394
ENSG00000215016.2,0.0
ENSG00000215018.10,0.43751
ENSG00000215021.10,130.238983
ENSG00000215022.8,1.9272280000000002
ENSG00000215023.2,0.0
ENSG00000215029.12,0.0
ENSG00000215030.5,18.644361
ENSG00000215032.2,0.0
ENSG00000215034.4,0.0
ENSG00000215035.2,0.0
ENSG00000215037.2,0.0
ENSG00000215039.10,15.309422
ENSG00000215041.10,18.802545
ENSG00000215043.2,0.0
ENSG00000215045.9,0.073528
ENSG00000215048.13,0.0
ENSG00000215049.3,0.0
ENSG00000215054.3,0.0
ENSG00000215057.4,0.0
ENSG00000215063.3,0.0
ENSG00000215065.3,0.0
ENSG00000215068.11,8.442407
ENSG00000215070.4,0.0
ENSG00000215077.10,11.100521
ENSG00000215085.4,0.0
ENSG00000215086.2,0.0
ENSG00000215088.3,0.0
ENSG00000215089.3,0.0
ENSG00000215093.3,0.0
ENSG00000215094.3,0.0
ENSG00000215096.3,0.0
ENSG00000215097.3,0.0
ENSG00000215102.2,0.0
ENSG00000215105.4,0.0
ENSG00000215110.7,0.0
ENSG00000215112.7,0.0
ENSG00000215113.7,0.0
ENSG00000215114.10,20.252958
ENSG00000215115.7,0.0
ENSG00000215117.7,0.0
ENSG00000215120.2,0.0
ENSG00000215124.2,0.0
ENSG00000215126.12,9.424304
ENSG00000215127.7,0.0
ENSG00000215131.11,0.0
ENSG00000215146.7,0.0
ENSG00000215148.11,0.486912
ENSG00000215149.3,0.0
ENSG00000215151.4,0.0
ENSG00000215154.8,0.0
ENSG00000215156.6,0.0
ENSG00000215158.10,0.0
ENSG00000215160.4,0.0
ENSG00000215162.3,0.0
ENSG00000215165.3,0.0
ENSG00000215168.2,0.0
ENSG00000215174.2,0.0
ENSG00000215177.3,0.0
ENSG00000215179.5,0.0
ENSG00000215182.8,0.0
ENSG00000215183.5,0.0
ENSG00000215184.2,0.0
ENSG00000215186.7,0.0
ENSG00000215187.13,0.0
ENSG00000215190.10,0.0
ENSG00000215193.14,6.001325
ENSG00000215196.6,2.563443
ENSG00000215197.4,0.0
ENSG00000215198.3,0.0
ENSG00000215199.3,0.0
ENSG00000215203.3,0.0
ENSG00000215206.5,0.0
ENSG00000215208.3,0.0
ENSG00000215210.3,0.0
ENSG00000215217.7,0.0
ENSG00000215218.4,0.0
ENSG00000215221.2,0.0
ENSG00000215223.3,0.0
ENSG00000215227.4,0.0
ENSG00000215231.9,0.0
ENSG00000215236.3,0.0
ENSG00000215237.6,0.0
ENSG00000215241.5,2.7440659999999997
ENSG00000215244.5,4.202899
ENSG00000215246.7,0.0
ENSG00000215251.5,6.626376
ENSG00000215252.12,11.277940000000001
ENSG00000215256.7,1.5778029999999998
ENSG00000215262.8,0.0
ENSG00000215263.2,0.0
ENSG00000215264.4,0.0
ENSG00000215267.10,0.0
ENSG00000215268.3,0.0
ENSG00000215270.3,0.0
ENSG00000215274.6,0.0
ENSG00000215277.9,0.0
ENSG00000215278.4,0.0
ENSG00000215283.3,0.0
ENSG00000215284.2,0.0
ENSG00000215286.3,0.0
ENSG00000215288.5,0.0
ENSG00000215296.12,0.0
ENSG00000215297.3,0.0
ENSG00000215301.11,58.583150999999994
ENSG00000215302.9,0.0
ENSG00000215304.3,0.0
ENSG00000215305.10,51.212816
ENSG00000215310.2,0.0
ENSG00000215311.3,0.0
ENSG00000215313.3,0.0
ENSG00000215317.2,0.0
ENSG00000215319.2,0.0
ENSG00000215325.4,0.0
ENSG00000215326.3,0.0
ENSG00000215328.6,0.0
ENSG00000215333.3,0.0
ENSG00000215339.3,0.0
ENSG00000215343.8,0.0
ENSG00000215347.5,0.0
ENSG00000215349.2,0.0
ENSG00000215351.3,0.0
ENSG00000215353.2,0.0
ENSG00000215354.10,0.0
ENSG00000215356.4,0.0
ENSG00000215357.2,0.0
ENSG00000215367.12,0.0
ENSG00000215368.5,0.0
ENSG00000215369.3,0.0
ENSG00000215371.3,0.0
ENSG00000215372.6,0.0
ENSG00000215373.4,0.0
ENSG00000215374.7,0.310267
ENSG00000215375.7,13.561969
ENSG00000215378.4,0.0
ENSG00000215380.2,0.0
ENSG00000215381.3,0.0
ENSG00000215386.16,0.7732140000000001
ENSG00000215388.3,0.0
ENSG00000215397.4,0.0
ENSG00000215398.12,0.0
ENSG00000215399.2,0.0
ENSG00000215403.1,0.0
ENSG00000215409.4,0.0
ENSG00000215414.4,0.0
ENSG00000215417.15,0.223168
ENSG00000215418.2,0.0
ENSG00000215421.10,1.838501
ENSG00000215424.11,0.618442
ENSG00000215425.11,0.0
ENSG00000215440.12,78.328799
ENSG00000215441.3,0.0
ENSG00000215444.2,0.0
ENSG00000215448.3,0.0
ENSG00000215450.2,0.0
ENSG00000215452.6,0.0
ENSG00000215454.7,0.0
ENSG00000215455.4,0.0
ENSG00000215456.6,0.0
ENSG00000215457.5,0.0
ENSG00000215458.9,22.404915
ENSG00000215464.4,0.0
ENSG00000215467.2,0.0
ENSG00000215472.10,7.807411
ENSG00000215474.8,0.0
ENSG00000215475.5,0.064587
ENSG00000215477.2,0.0
ENSG00000215478.9,0.0
ENSG00000215480.4,0.0
ENSG00000215481.10,2.71645
ENSG00000215482.3,0.0
ENSG00000215483.13,0.315284
ENSG00000215486.6,0.0
ENSG00000215492.6,0.0
ENSG00000215493.3,0.0
ENSG00000215498.10,0.0
ENSG00000215506.5,0.0
ENSG00000215512.10,0.0
ENSG00000215515.2,0.0
ENSG00000215520.3,0.0
ENSG00000215523.7,0.0
ENSG00000215529.13,2.170378
ENSG00000215533.9,1.115558
ENSG00000215537.3,0.0
ENSG00000215544.6,0.0
ENSG00000215545.1,0.0
ENSG00000215546.2,0.0
ENSG00000215547.1,0.0
ENSG00000215548.2,0.0
ENSG00000215553.3,0.0
ENSG00000215559.9,0.0
ENSG00000215560.2,0.0
ENSG00000215562.2,0.0
ENSG00000215567.5,0.0
ENSG00000215568.9,0.088697
ENSG00000215571.5,0.0
ENSG00000215572.2,0.0
ENSG00000215580.13,0.0
ENSG00000215583.3,0.0
ENSG00000215586.2,0.0
ENSG00000215589.3,0.0
ENSG00000215595.3,0.0
ENSG00000215601.3,0.0
ENSG00000215603.4,0.0
ENSG00000215604.3,0.0
ENSG00000215606.4,0.0
ENSG00000215612.8,0.0
ENSG00000215630.6,0.0
ENSG00000215641.8,2.144514
ENSG00000215644.10,0.0
ENSG00000215692.2,0.0
ENSG00000215695.2,0.0
ENSG00000215704.10,0.0
ENSG00000215712.11,1.896193
ENSG00000215717.7,22.878382000000002
ENSG00000215720.4,0.0
ENSG00000215734.3,0.0
ENSG00000215760.2,0.0
ENSG00000215765.3,0.0
ENSG00000215769.9,29.907412
ENSG00000215771.2,0.0
ENSG00000215784.6,0.0
ENSG00000215785.2,0.0
ENSG00000215788.11,45.711472
ENSG00000215790.9,2.172512
ENSG00000215795.2,0.0
ENSG00000215796.3,0.0
ENSG00000215800.2,0.0
ENSG00000215802.3,0.0
ENSG00000215805.3,0.0
ENSG00000215807.4,0.0
ENSG00000215808.4,0.041231
ENSG00000215811.7,0.0
ENSG00000215812.5,0.0
ENSG00000215817.9,0.050841
ENSG00000215819.3,0.0
ENSG00000215833.3,0.0
ENSG00000215834.11,0.0
ENSG00000215835.2,0.0
ENSG00000215837.7,0.0
ENSG00000215838.5,0.0
ENSG00000215840.3,0.0
ENSG00000215841.5,0.936537
ENSG00000215845.11,57.83431
ENSG00000215846.7,0.0
ENSG00000215853.3,0.0
ENSG00000215859.10,0.0
ENSG00000215861.9,0.0
ENSG00000215864.6,0.0
ENSG00000215866.10,0.0
ENSG00000215867.4,0.0
ENSG00000215869.5,0.0
ENSG00000215871.2,0.0
ENSG00000215873.2,0.0
ENSG00000215874.3,0.0
ENSG00000215875.4,0.0
ENSG00000215878.3,0.0
ENSG00000215881.4,0.0
ENSG00000215883.11,0.7211839999999999
ENSG00000215887.5,0.0
ENSG00000215893.3,0.0
ENSG00000215895.4,0.0
ENSG00000215899.3,0.0
ENSG00000215900.4,0.0
ENSG00000215905.4,0.0
ENSG00000215906.9,0.0
ENSG00000215908.12,0.0
ENSG00000215909.3,0.0
ENSG00000215910.8,0.0
ENSG00000215912.13,0.087879
ENSG00000215914.4,0.0
ENSG00000215915.10,1.134058
ENSG00000215930.1,0.0
ENSG00000215938.3,0.0
ENSG00000215939.3,0.0
ENSG00000215943.1,0.0
ENSG00000215952.1,0.0
ENSG00000215957.1,0.0
ENSG00000215961.1,0.0
ENSG00000215966.1,0.0
ENSG00000215973.1,0.0
ENSG00000215991.1,0.0
ENSG00000216001.3,0.0
ENSG00000216005.1,0.0
ENSG00000216009.3,0.0
ENSG00000216031.1,0.0
ENSG00000216035.1,0.0
ENSG00000216056.1,0.0
ENSG00000216058.1,0.0
ENSG00000216060.1,0.0
ENSG00000216064.1,0.0
ENSG00000216069.1,0.0
ENSG00000216075.1,0.0
ENSG00000216077.3,0.0
ENSG00000216098.1,0.0
ENSG00000216099.3,0.0
ENSG00000216101.3,0.0
ENSG00000216135.3,0.0
ENSG00000216141.3,0.0
ENSG00000216171.1,0.0
ENSG00000216179.1,0.0
ENSG00000216191.1,0.0
ENSG00000216192.1,0.0
ENSG00000216265.1,0.0
ENSG00000216285.5,0.0
ENSG00000216306.4,0.0
ENSG00000216307.2,0.0
ENSG00000216316.1,0.0
ENSG00000216324.1,0.0
ENSG00000216331.2,0.581632
ENSG00000216347.1,0.0
ENSG00000216352.1,0.0
ENSG00000216359.1,0.0
ENSG00000216360.1,0.0
ENSG00000216364.1,0.0
ENSG00000216365.2,0.0
ENSG00000216368.2,0.0
ENSG00000216378.1,0.0
ENSG00000216412.4,0.0
ENSG00000216425.4,0.0
ENSG00000216436.2,0.0
ENSG00000216439.1,0.0
ENSG00000216444.1,0.0
ENSG00000216471.3,0.0
ENSG00000216475.1,0.0
ENSG00000216480.2,0.0
ENSG00000216490.4,2825.3888629999997
ENSG00000216516.1,0.0
ENSG00000216518.1,0.0
ENSG00000216519.2,0.0
ENSG00000216523.1,0.0
ENSG00000216548.2,0.0
ENSG00000216560.5,0.0
ENSG00000216588.9,1.0754329999999999
ENSG00000216613.2,0.0
ENSG00000216616.1,0.0
ENSG00000216621.9,0.0
ENSG00000216624.4,0.0
ENSG00000216629.1,0.0
ENSG00000216636.1,0.0
ENSG00000216639.1,0.0
ENSG00000216642.1,0.0
ENSG00000216649.5,0.0
ENSG00000216657.1,0.0
ENSG00000216663.3,0.0
ENSG00000216671.6,0.0
ENSG00000216676.2,0.0
ENSG00000216687.2,0.0
ENSG00000216708.1,0.0
ENSG00000216710.1,0.0
ENSG00000216713.1,0.0
ENSG00000216718.7,0.0
ENSG00000216721.3,0.0
ENSG00000216723.1,0.0
ENSG00000216740.2,0.0
ENSG00000216753.3,0.0
ENSG00000216754.2,0.0
ENSG00000216762.1,0.0
ENSG00000216775.5,0.0
ENSG00000216777.1,0.0
ENSG00000216781.2,0.0
ENSG00000216802.1,0.0
ENSG00000216809.1,0.0
ENSG00000216811.2,0.0
ENSG00000216813.1,0.0
ENSG00000216817.1,0.0
ENSG00000216819.1,0.0
ENSG00000216824.2,0.0
ENSG00000216829.6,0.0
ENSG00000216835.3,0.0
ENSG00000216844.1,0.0
ENSG00000216853.1,0.0
ENSG00000216854.2,0.0
ENSG00000216859.1,0.0
ENSG00000216863.12,0.757817
ENSG00000216866.5,0.0
ENSG00000216867.2,0.0
ENSG00000216895.9,6.741187
ENSG00000216901.1,0.0
ENSG00000216902.3,0.0
ENSG00000216904.2,0.0
ENSG00000216906.2,0.0
ENSG00000216913.2,0.0
ENSG00000216915.2,0.0
ENSG00000216917.2,0.0
ENSG00000216921.9,0.0
ENSG00000216937.14,0.231226
ENSG00000216938.3,0.0
ENSG00000216966.1,0.0
ENSG00000216977.1,0.0
ENSG00000216990.2,0.0
ENSG00000216998.1,0.0
ENSG00000217004.1,0.0
ENSG00000217026.3,0.0
ENSG00000217027.1,0.0
ENSG00000217030.1,0.0
ENSG00000217041.1,0.0
ENSG00000217044.1,0.0
ENSG00000217060.1,0.0
ENSG00000217067.2,0.0
ENSG00000217078.1,0.0
ENSG00000217083.1,0.811446
ENSG00000217085.2,0.0
ENSG00000217089.1,0.0
ENSG00000217094.2,0.0
ENSG00000217120.1,0.0
ENSG00000217128.13,4.184481
ENSG00000217130.1,0.0
ENSG00000217135.2,0.0
ENSG00000217139.2,0.0
ENSG00000217159.2,1.943577
ENSG00000217160.2,0.0
ENSG00000217165.1,0.0
ENSG00000217169.2,0.0
ENSG00000217178.1,0.0
ENSG00000217179.1,0.0
ENSG00000217181.1,0.0
ENSG00000217195.1,0.0
ENSG00000217227.1,0.0
ENSG00000217228.1,0.0
ENSG00000217231.2,0.0
ENSG00000217236.2,0.0
ENSG00000217239.3,0.0
ENSG00000217241.1,0.0
ENSG00000217261.5,0.0
ENSG00000217268.1,0.0
ENSG00000217272.1,0.0
ENSG00000217275.2,2.168435
ENSG00000217281.4,0.0
ENSG00000217289.3,0.0
ENSG00000217314.2,0.0
ENSG00000217315.1,0.0
ENSG00000217325.3,0.0
ENSG00000217327.3,0.0
ENSG00000217330.1,0.0
ENSG00000217331.1,0.0
ENSG00000217334.1,0.0
ENSG00000217372.2,0.0
ENSG00000217377.1,0.0
ENSG00000217379.2,0.0
ENSG00000217385.1,0.0
ENSG00000217404.2,0.0
ENSG00000217408.2,0.0
ENSG00000217414.2,0.0
ENSG00000217416.4,0.0
ENSG00000217442.4,0.0
ENSG00000217447.1,0.0
ENSG00000217455.9,3.373794
ENSG00000217477.2,0.0
ENSG00000217482.2,0.0
ENSG00000217483.1,0.0
ENSG00000217488.3,0.0
ENSG00000217495.2,0.0
ENSG00000217512.1,0.0
ENSG00000217514.1,0.0
ENSG00000217527.1,0.0
ENSG00000217539.2,0.0
ENSG00000217555.13,112.72377
ENSG00000217557.1,0.0
ENSG00000217566.2,0.0
ENSG00000217576.8,0.0
ENSG00000217585.1,0.0
ENSG00000217612.2,0.0
ENSG00000217624.2,0.0
ENSG00000217631.1,0.0
ENSG00000217643.1,0.0
ENSG00000217644.5,0.0
ENSG00000217646.1,0.0
ENSG00000217648.1,0.0
ENSG00000217653.1,0.0
ENSG00000217680.1,0.0
ENSG00000217684.2,0.0
ENSG00000217686.2,0.0
ENSG00000217702.4,0.30365
ENSG00000217707.2,0.0
ENSG00000217716.3,0.0
ENSG00000217718.1,0.0
ENSG00000217733.2,0.0
ENSG00000217746.1,0.0
ENSG00000217767.2,0.0
ENSG00000217769.4,0.0
ENSG00000217770.1,0.0
ENSG00000217776.1,0.0
ENSG00000217783.2,0.0
ENSG00000217786.1,0.0
ENSG00000217791.4,0.0
ENSG00000217801.13,0.0
ENSG00000217805.2,0.0
ENSG00000217809.1,0.0
ENSG00000217811.1,0.0
ENSG00000217824.1,0.0
ENSG00000217825.3,0.0
ENSG00000217835.3,0.0
ENSG00000217862.2,0.0
ENSG00000217874.2,0.0
ENSG00000217878.2,0.0
ENSG00000217889.3,0.0
ENSG00000217896.2,0.0
ENSG00000217897.2,0.0
ENSG00000217929.5,0.214572
ENSG00000217930.8,30.595538
ENSG00000217950.4,0.0
ENSG00000218014.1,0.0
ENSG00000218016.2,0.0
ENSG00000218018.5,0.74727
ENSG00000218020.3,0.0
ENSG00000218027.2,0.158768
ENSG00000218029.3,0.0
ENSG00000218048.2,0.0
ENSG00000218049.1,0.0
ENSG00000218052.8,0.0
ENSG00000218069.2,0.0
ENSG00000218073.1,0.0
ENSG00000218089.1,0.0
ENSG00000218107.1,0.0
ENSG00000218109.6,0.0
ENSG00000218125.1,0.0
ENSG00000218143.2,0.0
ENSG00000218153.2,0.0
ENSG00000218173.1,0.0
ENSG00000218175.2,0.0
ENSG00000218180.2,0.0
ENSG00000218186.2,0.0
ENSG00000218187.2,0.0
ENSG00000218189.4,0.0
ENSG00000218194.1,0.0
ENSG00000218198.3,0.0
ENSG00000218208.1,0.0
ENSG00000218213.1,0.0
ENSG00000218226.1,0.10928
ENSG00000218227.3,0.0
ENSG00000218233.1,0.0
ENSG00000218261.1,0.0
ENSG00000218265.1,0.0
ENSG00000218274.2,0.0
ENSG00000218281.1,0.0
ENSG00000218283.2,0.0
ENSG00000218300.1,0.0
ENSG00000218305.5,0.0
ENSG00000218313.1,0.0
ENSG00000218336.9,0.0
ENSG00000218337.1,0.0
ENSG00000218347.2,0.0
ENSG00000218350.1,0.0
ENSG00000218351.3,0.0
ENSG00000218357.5,0.0
ENSG00000218358.4,0.0
ENSG00000218359.1,0.0
ENSG00000218363.1,0.0
ENSG00000218410.1,0.0
ENSG00000218416.5,0.0
ENSG00000218418.2,0.0
ENSG00000218424.2,0.0
ENSG00000218426.5,0.0
ENSG00000218428.1,0.0
ENSG00000218454.2,0.0
ENSG00000218459.1,0.0
ENSG00000218472.2,0.0
ENSG00000218475.2,0.0
ENSG00000218476.2,0.0
ENSG00000218483.1,0.0
ENSG00000218490.1,0.0
ENSG00000218499.1,0.0
ENSG00000218502.3,0.0
ENSG00000218510.9,16.862318000000002
ENSG00000218512.2,0.0
ENSG00000218520.5,0.0
ENSG00000218521.1,0.0
ENSG00000218536.1,0.0
ENSG00000218537.1,0.191784
ENSG00000218549.2,0.0
ENSG00000218561.1,0.0
ENSG00000218565.2,0.0
ENSG00000218574.1,0.0
ENSG00000218577.1,0.0
ENSG00000218582.2,0.0
ENSG00000218586.3,0.0
ENSG00000218596.2,0.0
ENSG00000218617.1,0.0
ENSG00000218631.1,0.0
ENSG00000218632.3,0.0
ENSG00000218643.2,0.0
ENSG00000218672.2,0.0
ENSG00000218676.1,0.0
ENSG00000218682.1,0.0
ENSG00000218689.2,0.0
ENSG00000218690.3,0.0
ENSG00000218698.1,0.0
ENSG00000218713.1,0.465985
ENSG00000218716.1,0.0
ENSG00000218725.2,0.0
ENSG00000218728.3,0.0
ENSG00000218730.1,0.0
ENSG00000218732.1,0.0
ENSG00000218739.10,9.597838999999999
ENSG00000218748.1,0.0
ENSG00000218749.1,0.0
ENSG00000218754.4,0.0
ENSG00000218757.1,0.0
ENSG00000218766.1,0.0
ENSG00000218772.2,0.0
ENSG00000218776.4,0.0
ENSG00000218792.2,0.0
ENSG00000218793.1,0.0
ENSG00000218803.1,0.0
ENSG00000218806.2,0.0
ENSG00000218809.1,2.498803
ENSG00000218813.1,0.0
ENSG00000218819.6,0.0
ENSG00000218823.2,0.0
ENSG00000218834.1,0.0
ENSG00000218839.6,0.0
ENSG00000218857.1,0.0
ENSG00000218868.1,0.0
ENSG00000218870.1,0.0
ENSG00000218872.1,0.0
ENSG00000218890.1,0.0
ENSG00000218891.5,4.456991
ENSG00000218893.1,0.0
ENSG00000218896.1,0.0
ENSG00000218902.3,0.0
ENSG00000218965.1,0.0
ENSG00000218976.2,0.0
ENSG00000218980.2,0.0
ENSG00000218986.1,0.0
ENSG00000218991.1,0.0
ENSG00000218996.1,0.0
ENSG00000219023.1,0.0
ENSG00000219027.2,0.0
ENSG00000219039.2,0.0
ENSG00000219061.4,0.0
ENSG00000219073.8,0.0
ENSG00000219074.1,2.67357
ENSG00000219085.1,0.0
ENSG00000219087.2,0.0
ENSG00000219088.1,0.0
ENSG00000219095.1,0.0
ENSG00000219102.3,0.0
ENSG00000219133.2,0.0
ENSG00000219135.1,0.0
ENSG00000219139.1,0.0
ENSG00000219146.1,0.0
ENSG00000219149.4,0.0
ENSG00000219150.2,0.0
ENSG00000219159.5,0.0
ENSG00000219163.2,0.0
ENSG00000219186.2,0.0
ENSG00000219188.1,0.0
ENSG00000219190.1,0.0
ENSG00000219200.12,1204.5932129999999
ENSG00000219201.4,0.0
ENSG00000219222.1,0.0
ENSG00000219240.2,0.0
ENSG00000219249.2,0.0
ENSG00000219253.1,0.0
ENSG00000219257.2,0.0
ENSG00000219262.1,0.0
ENSG00000219273.1,0.0
ENSG00000219274.1,0.0
ENSG00000219280.1,0.0
ENSG00000219284.2,0.0
ENSG00000219294.6,0.0
ENSG00000219297.1,0.0
ENSG00000219298.1,0.0
ENSG00000219302.2,0.0
ENSG00000219314.1,0.0
ENSG00000219329.1,0.0
ENSG00000219355.2,0.0
ENSG00000219361.1,0.0
ENSG00000219368.3,0.0
ENSG00000219375.1,0.0
ENSG00000219384.1,0.0
ENSG00000219387.2,0.0
ENSG00000219391.1,0.0
ENSG00000219392.3,0.0
ENSG00000219395.2,0.374182
ENSG00000219404.2,0.0
ENSG00000219409.2,0.0
ENSG00000219410.7,0.0
ENSG00000219430.2,0.0
ENSG00000219433.2,0.0
ENSG00000219435.6,0.0
ENSG00000219438.9,0.0
ENSG00000219445.3,0.0
ENSG00000219451.3,0.0
ENSG00000219453.1,0.0
ENSG00000219463.1,0.0
ENSG00000219470.1,0.0
ENSG00000219481.11,2.1953370000000003
ENSG00000219487.2,0.0
ENSG00000219491.8,0.0
ENSG00000219492.4,0.0
ENSG00000219500.1,0.0
ENSG00000219507.4,1.38473
ENSG00000219529.2,3.807621
ENSG00000219532.2,0.0
ENSG00000219545.12,5.50792
ENSG00000219547.1,0.0
ENSG00000219549.1,0.0
ENSG00000219553.2,0.0
ENSG00000219559.1,0.0
ENSG00000219565.3,0.0
ENSG00000219575.1,0.0
ENSG00000219582.3,0.0
ENSG00000219592.2,0.0
ENSG00000219604.1,0.0
ENSG00000219607.4,0.0
ENSG00000219608.3,0.0
ENSG00000219619.2,0.0
ENSG00000219622.1,0.0
ENSG00000219626.9,3.7170389999999998
ENSG00000219627.1,0.0
ENSG00000219642.2,0.0
ENSG00000219653.1,0.0
ENSG00000219665.8,4.901834
ENSG00000219666.2,0.0
ENSG00000219669.1,0.0
ENSG00000219681.2,0.0
ENSG00000219682.4,0.0
ENSG00000219693.3,0.0
ENSG00000219699.2,0.0
ENSG00000219700.1,0.0
ENSG00000219702.1,0.0
ENSG00000219703.1,0.0
ENSG00000219712.1,0.0
ENSG00000219722.1,0.0
ENSG00000219736.1,0.0
ENSG00000219738.2,0.0
ENSG00000219747.1,0.0
ENSG00000219755.1,0.0
ENSG00000219757.1,0.0
ENSG00000219758.6,0.0
ENSG00000219770.1,0.0
ENSG00000219773.1,0.0
ENSG00000219776.2,0.0
ENSG00000219784.2,0.0
ENSG00000219790.3,0.0
ENSG00000219797.2,0.0
ENSG00000219806.1,0.0
ENSG00000219807.2,0.0
ENSG00000219814.2,0.0
ENSG00000219863.5,0.0
ENSG00000219867.1,0.0
ENSG00000219870.2,0.0
ENSG00000219881.1,0.0
ENSG00000219891.4,0.0
ENSG00000219902.1,0.0
ENSG00000219926.12,0.0
ENSG00000219928.2,0.0
ENSG00000219930.4,0.0
ENSG00000219932.6,0.0
ENSG00000219940.2,0.0
ENSG00000219941.1,0.0
ENSG00000219951.4,0.0
ENSG00000219986.2,0.0
ENSG00000219992.2,0.0
ENSG00000219993.1,0.0
ENSG00000220008.4,0.831208
ENSG00000220030.1,0.0
ENSG00000220069.1,0.0
ENSG00000220076.1,0.0
ENSG00000220091.2,0.0
ENSG00000220105.2,0.0
ENSG00000220110.1,0.0
ENSG00000220113.2,0.0
ENSG00000220125.1,0.0
ENSG00000220130.1,0.0
ENSG00000220131.1,0.0
ENSG00000220132.1,0.0
ENSG00000220139.1,0.0
ENSG00000220154.2,0.0
ENSG00000220157.4,0.0
ENSG00000220161.5,0.0
ENSG00000220181.1,0.0
ENSG00000220184.2,0.0
ENSG00000220201.8,8.987456
ENSG00000220204.1,0.0
ENSG00000220205.10,105.176201
ENSG00000220212.1,0.0
ENSG00000220237.1,0.0
ENSG00000220240.1,0.0
ENSG00000220248.1,0.0
ENSG00000220256.5,0.0
ENSG00000220267.1,18.927375
ENSG00000220291.1,0.0
ENSG00000220305.1,0.895369
ENSG00000220311.1,0.0
ENSG00000220323.5,0.0
ENSG00000220326.2,0.0
ENSG00000220340.1,0.0
ENSG00000220343.5,3.108301
ENSG00000220347.1,0.0
ENSG00000220349.4,1.193405
ENSG00000220370.1,0.0
ENSG00000220377.1,0.0
ENSG00000220378.3,0.0
ENSG00000220391.4,0.0
ENSG00000220392.1,0.764661
ENSG00000220412.1,0.0
ENSG00000220418.1,0.0
ENSG00000220446.2,0.0
ENSG00000220447.1,0.0
ENSG00000220472.1,0.0
ENSG00000220483.4,0.0
ENSG00000220494.4,0.0
ENSG00000220505.2,0.0
ENSG00000220506.2,0.0
ENSG00000220514.1,0.0
ENSG00000220515.2,0.0
ENSG00000220517.2,0.212704
ENSG00000220522.2,0.0
ENSG00000220537.1,0.0
ENSG00000220540.1,0.0
ENSG00000220541.4,0.0
ENSG00000220553.1,0.0
ENSG00000220556.4,0.0
ENSG00000220557.1,0.0
ENSG00000220563.1,0.0
ENSG00000220575.8,0.0
ENSG00000220581.1,0.0
ENSG00000220583.1,0.0
ENSG00000220585.4,0.0
ENSG00000220586.3,0.0
ENSG00000220598.1,0.0
ENSG00000220600.3,0.0
ENSG00000220614.1,0.0
ENSG00000220635.2,0.0
ENSG00000220643.1,0.0
ENSG00000220660.3,0.0
ENSG00000220666.2,0.0
ENSG00000220685.3,0.0
ENSG00000220694.2,0.0
ENSG00000220695.1,0.0
ENSG00000220702.1,0.0
ENSG00000220721.3,0.0
ENSG00000220725.1,0.0
ENSG00000220730.2,0.0
ENSG00000220733.1,0.0
ENSG00000220734.1,0.0
ENSG00000220739.2,0.0
ENSG00000220744.1,0.0
ENSG00000220745.2,0.0
ENSG00000220748.2,0.0
ENSG00000220749.4,0.0
ENSG00000220758.4,0.0
ENSG00000220771.2,0.0
ENSG00000220773.1,0.0
ENSG00000220785.10,0.0
ENSG00000220793.5,0.0
ENSG00000220804.11,0.0
ENSG00000220831.4,0.0
ENSG00000220842.6,0.0
ENSG00000220848.6,6.686392
ENSG00000220867.1,0.0
ENSG00000220868.2,0.0
ENSG00000220871.1,0.0
ENSG00000220875.1,0.0
ENSG00000220884.2,0.0
ENSG00000220890.3,0.0
ENSG00000220891.1,0.0
ENSG00000220908.3,0.0
ENSG00000220913.2,0.0
ENSG00000220918.1,0.0
ENSG00000220920.1,0.0
ENSG00000220924.4,0.0
ENSG00000220925.2,0.0
ENSG00000220937.3,0.0
ENSG00000220948.6,0.0
ENSG00000220949.2,0.0
ENSG00000220960.1,0.0
ENSG00000220986.1,0.0
ENSG00000220988.1,0.0
ENSG00000221015.1,0.0
ENSG00000221017.1,0.0
ENSG00000221023.1,0.0
ENSG00000221025.1,0.0
ENSG00000221028.1,0.0
ENSG00000221031.1,0.0
ENSG00000221033.1,0.0
ENSG00000221036.5,0.0
ENSG00000221038.1,0.0
ENSG00000221039.3,0.0
ENSG00000221040.2,0.0
ENSG00000221042.1,0.0
ENSG00000221043.2,0.0
ENSG00000221044.2,0.0
ENSG00000221046.1,0.0
ENSG00000221052.3,0.0
ENSG00000221055.1,0.0
ENSG00000221059.1,0.0
ENSG00000221060.1,0.0
ENSG00000221063.3,0.0
ENSG00000221066.1,0.0
ENSG00000221081.1,0.0
ENSG00000221083.1,0.0
ENSG00000221091.1,0.0
ENSG00000221093.1,0.0
ENSG00000221102.1,0.0
ENSG00000221114.1,0.0
ENSG00000221116.1,0.0
ENSG00000221120.1,0.0
ENSG00000221125.2,0.0
ENSG00000221139.1,0.0
ENSG00000221148.1,0.0
ENSG00000221164.1,0.0
ENSG00000221176.1,0.0
ENSG00000221184.1,0.0
ENSG00000221187.1,0.0
ENSG00000221200.1,0.0
ENSG00000221203.1,0.0
ENSG00000221206.1,0.0
ENSG00000221214.1,0.0
ENSG00000221216.1,0.0
ENSG00000221227.1,0.0
ENSG00000221230.1,0.0
ENSG00000221238.1,0.0
ENSG00000221240.1,0.0
ENSG00000221241.1,0.0
ENSG00000221245.1,0.0
ENSG00000221251.1,0.0
ENSG00000221255.1,0.0
ENSG00000221261.1,0.0
ENSG00000221263.1,0.0
ENSG00000221264.1,0.0
ENSG00000221265.1,0.0
ENSG00000221269.1,0.0
ENSG00000221273.1,0.0
ENSG00000221275.1,0.0
ENSG00000221287.1,0.0
ENSG00000221288.1,0.0
ENSG00000221296.2,0.0
ENSG00000221300.1,0.0
ENSG00000221303.1,0.0
ENSG00000221305.1,0.0
ENSG00000221325.1,0.0
ENSG00000221331.1,0.0
ENSG00000221332.2,0.0
ENSG00000221333.1,0.0
ENSG00000221340.1,0.0
ENSG00000221345.2,0.0
ENSG00000221348.1,0.0
ENSG00000221355.1,0.0
ENSG00000221363.1,0.0
ENSG00000221365.1,0.0
ENSG00000221369.1,0.0
ENSG00000221371.1,0.0
ENSG00000221375.1,0.0
ENSG00000221381.1,0.0
ENSG00000221387.1,0.0
ENSG00000221390.1,0.0
ENSG00000221393.1,0.0
ENSG00000221394.1,0.0
ENSG00000221398.1,0.0
ENSG00000221400.2,0.0
ENSG00000221406.1,0.0
ENSG00000221410.1,0.0
ENSG00000221411.1,0.0
ENSG00000221420.2,0.0
ENSG00000221421.1,0.0
ENSG00000221430.1,0.0
ENSG00000221436.1,0.0
ENSG00000221439.1,0.0
ENSG00000221440.1,0.0
ENSG00000221442.1,0.0
ENSG00000221445.3,0.0
ENSG00000221455.2,0.0
ENSG00000221456.1,0.0
ENSG00000221459.1,0.0
ENSG00000221461.2,0.0
ENSG00000221463.3,0.0
ENSG00000221464.1,0.0
ENSG00000221466.2,0.0
ENSG00000221468.1,0.0
ENSG00000221476.2,0.0
ENSG00000221479.3,0.0
ENSG00000221491.2,0.0
ENSG00000221493.1,0.0
ENSG00000221494.1,0.0
ENSG00000221496.2,0.0
ENSG00000221498.1,0.0
ENSG00000221500.1,0.0
ENSG00000221502.1,0.0
ENSG00000221507.1,0.0
ENSG00000221510.1,0.0
ENSG00000221514.1,0.0
ENSG00000221518.1,0.0
ENSG00000221520.1,0.0
ENSG00000221525.1,0.0
ENSG00000221527.1,0.0
ENSG00000221533.1,0.0
ENSG00000221537.1,0.0
ENSG00000221539.1,0.0
ENSG00000221540.1,0.0
ENSG00000221545.1,0.0
ENSG00000221548.1,0.0
ENSG00000221552.1,0.0
ENSG00000221562.1,0.0
ENSG00000221563.1,0.0
ENSG00000221564.1,0.0
ENSG00000221571.3,0.0
ENSG00000221574.1,0.0
ENSG00000221583.1,0.0
ENSG00000221585.1,0.0
ENSG00000221586.1,0.0
ENSG00000221594.1,0.0
ENSG00000221598.3,0.0
ENSG00000221601.1,0.0
ENSG00000221604.1,0.0
ENSG00000221611.1,0.0
ENSG00000221614.1,0.0
ENSG00000221616.1,0.0
ENSG00000221628.1,0.0
ENSG00000221630.3,0.0
ENSG00000221633.2,0.0
ENSG00000221634.1,0.0
ENSG00000221638.2,0.0
ENSG00000221639.1,0.0
ENSG00000221641.1,0.0
ENSG00000221643.1,0.0
ENSG00000221649.1,0.0
ENSG00000221650.1,0.0
ENSG00000221656.1,0.0
ENSG00000221662.1,0.0
ENSG00000221669.1,0.0
ENSG00000221673.2,0.0
ENSG00000221676.1,0.0
ENSG00000221680.1,0.0
ENSG00000221697.1,0.0
ENSG00000221698.1,0.0
ENSG00000221703.1,0.0
ENSG00000221705.1,0.0
ENSG00000221710.1,0.0
ENSG00000221711.1,0.0
ENSG00000221716.1,0.0
ENSG00000221719.1,0.0
ENSG00000221725.1,0.0
ENSG00000221737.1,0.0
ENSG00000221739.1,0.0
ENSG00000221740.1,0.0
ENSG00000221745.3,0.0
ENSG00000221750.1,0.0
ENSG00000221753.1,0.0
ENSG00000221754.1,0.0
ENSG00000221760.1,0.0
ENSG00000221763.1,0.0
ENSG00000221768.2,0.0
ENSG00000221771.1,0.0
ENSG00000221782.1,0.0
ENSG00000221783.1,0.0
ENSG00000221788.1,0.0
ENSG00000221792.1,0.0
ENSG00000221801.1,0.0
ENSG00000221803.1,0.0
ENSG00000221806.1,0.0
ENSG00000221808.1,0.0
ENSG00000221813.4,0.0
ENSG00000221817.13,3.9220990000000002
ENSG00000221818.9,0.0
ENSG00000221819.6,0.0
ENSG00000221821.4,13.389998
ENSG00000221823.11,21.965198
ENSG00000221826.10,0.0
ENSG00000221829.11,3.9123520000000003
ENSG00000221836.4,0.026184
ENSG00000221837.7,0.0
ENSG00000221838.12,7.541421999999999
ENSG00000221840.4,0.0
ENSG00000221843.6,0.0
ENSG00000221844.2,0.0
ENSG00000221845.5,0.0
ENSG00000221849.2,0.0
ENSG00000221852.5,0.0
ENSG00000221855.1,0.0
ENSG00000221857.7,0.0
ENSG00000221858.3,0.0
ENSG00000221859.2,0.0
ENSG00000221864.4,0.0
ENSG00000221866.10,0.121871
ENSG00000221867.9,0.0
ENSG00000221869.5,144.93883
ENSG00000221874.4,0.0
ENSG00000221878.13,0.0
ENSG00000221879.3,0.0
ENSG00000221880.4,0.0
ENSG00000221882.5,0.071494
ENSG00000221883.5,3.309942
ENSG00000221886.4,0.096979
ENSG00000221887.6,0.0
ENSG00000221888.4,0.0
ENSG00000221890.7,0.788488
ENSG00000221891.2,0.0
ENSG00000221900.6,0.0
ENSG00000221909.3,1.367245
ENSG00000221910.3,0.0
ENSG00000221914.11,30.139180000000003
ENSG00000221916.4,1.616449
ENSG00000221923.9,5.251588
ENSG00000221926.13,5.896069
ENSG00000221930.7,0.0
ENSG00000221931.3,0.0
ENSG00000221932.7,0.0
ENSG00000221933.3,0.0
ENSG00000221937.4,0.0
ENSG00000221938.5,0.0
ENSG00000221944.9,0.41143
ENSG00000221946.8,8.35234
ENSG00000221947.8,0.387218
ENSG00000221949.6,0.12716
ENSG00000221953.6,0.207867
ENSG00000221954.2,0.0
ENSG00000221955.11,0.379525
ENSG00000221957.8,0.0
ENSG00000221962.6,0.0
ENSG00000221963.6,19.776448
ENSG00000221968.9,5.2560459999999996
ENSG00000221970.4,0.0
ENSG00000221971.3,0.0
ENSG00000221977.3,0.0
ENSG00000221978.13,58.248275
ENSG00000221983.8,5349.633895
ENSG00000221986.7,0.0
ENSG00000221988.13,1.3245369999999999
ENSG00000221989.3,0.0
ENSG00000221990.5,0.61786
ENSG00000221994.12,0.270819
ENSG00000221996.6,0.0
ENSG00000222000.8,0.0
ENSG00000222001.3,0.0
ENSG00000222004.8,0.0
ENSG00000222005.10,0.40377
ENSG00000222007.6,0.0
ENSG00000222009.10,0.991092
ENSG00000222011.9,0.616399
ENSG00000222012.2,0.0
ENSG00000222014.6,0.0
ENSG00000222017.2,0.706791
ENSG00000222019.8,0.0
ENSG00000222020.6,1.428489
ENSG00000222024.2,0.0
ENSG00000222028.5,0.134143
ENSG00000222031.2,0.0
ENSG00000222032.3,0.0
ENSG00000222033.1,0.0
ENSG00000222035.5,0.0
ENSG00000222036.8,0.034333
ENSG00000222037.5,3.288566
ENSG00000222038.4,0.0
ENSG00000222041.13,41.994809000000004
ENSG00000222042.3,0.0
ENSG00000222043.2,0.0
ENSG00000222044.1,0.0
ENSG00000222046.3,0.0
ENSG00000222047.10,0.0
ENSG00000222051.1,0.0
ENSG00000222054.1,0.0
ENSG00000222057.1,0.0
ENSG00000222067.1,0.0
ENSG00000222068.1,0.0
ENSG00000222069.1,0.0
ENSG00000222071.1,0.0
ENSG00000222072.1,0.0
ENSG00000222076.1,0.0
ENSG00000222078.1,0.0
ENSG00000222087.1,0.0
ENSG00000222092.1,0.0
ENSG00000222094.1,0.0
ENSG00000222095.1,0.0
ENSG00000222099.1,0.0
ENSG00000222102.1,0.0
ENSG00000222107.1,0.0
ENSG00000222111.1,0.0
ENSG00000222112.1,1.851197
ENSG00000222114.1,0.0
ENSG00000222118.1,0.0
ENSG00000222122.1,0.0
ENSG00000222123.1,0.0
ENSG00000222126.1,0.0
ENSG00000222129.1,0.0
ENSG00000222139.1,0.0
ENSG00000222145.1,0.0
ENSG00000222146.1,0.0
ENSG00000222148.1,0.0
ENSG00000222150.1,0.0
ENSG00000222154.1,0.0
ENSG00000222160.1,0.0
ENSG00000222162.1,1.654735
ENSG00000222164.1,0.0
ENSG00000222170.1,0.0
ENSG00000222174.1,0.0
ENSG00000222177.1,0.0
ENSG00000222178.1,0.0
ENSG00000222179.1,1.929902
ENSG00000222182.1,0.0
ENSG00000222185.1,0.0
ENSG00000222202.1,0.0
ENSG00000222205.1,0.0
ENSG00000222206.1,0.0
ENSG00000222207.1,0.0
ENSG00000222208.1,0.0
ENSG00000222209.1,0.0
ENSG00000222210.1,0.0
ENSG00000222213.1,0.0
ENSG00000222220.1,0.0
ENSG00000222222.1,0.0
ENSG00000222224.1,0.0
ENSG00000222230.1,0.0
ENSG00000222231.1,0.0
ENSG00000222232.1,0.0
ENSG00000222236.1,0.0
ENSG00000222238.1,0.0
ENSG00000222240.1,0.0
ENSG00000222244.1,0.0
ENSG00000222246.1,0.0
ENSG00000222248.1,0.0
ENSG00000222249.1,0.0
ENSG00000222251.1,0.0
ENSG00000222255.1,0.0
ENSG00000222257.1,0.0
ENSG00000222259.1,0.0
ENSG00000222266.1,0.0
ENSG00000222267.1,0.0
ENSG00000222268.1,0.0
ENSG00000222276.1,0.0
ENSG00000222281.1,0.0
ENSG00000222282.1,0.0
ENSG00000222285.1,0.0
ENSG00000222287.1,0.0
ENSG00000222293.1,0.0
ENSG00000222297.1,0.0
ENSG00000222300.1,0.0
ENSG00000222302.1,0.0
ENSG00000222303.1,0.0
ENSG00000222305.1,0.0
ENSG00000222308.1,0.0
ENSG00000222312.1,0.0
ENSG00000222313.1,0.0
ENSG00000222317.1,0.0
ENSG00000222320.1,0.0
ENSG00000222321.1,0.0
ENSG00000222327.1,0.0
ENSG00000222328.1,0.0
ENSG00000222335.1,0.0
ENSG00000222337.1,0.0
ENSG00000222338.1,0.0
ENSG00000222343.1,0.0
ENSG00000222344.1,0.0
ENSG00000222345.1,0.0
ENSG00000222346.1,0.0
ENSG00000222351.1,0.0
ENSG00000222352.1,0.0
ENSG00000222355.1,0.0
ENSG00000222356.1,0.0
ENSG00000222357.1,0.0
ENSG00000222361.1,0.0
ENSG00000222363.1,0.0
ENSG00000222365.1,0.0
ENSG00000222370.1,0.0
ENSG00000222371.1,0.0
ENSG00000222375.1,2.648925
ENSG00000222376.1,0.0
ENSG00000222378.1,0.0
ENSG00000222383.1,0.0
ENSG00000222385.1,0.0
ENSG00000222386.1,0.0
ENSG00000222389.1,0.0
ENSG00000222394.2,0.0
ENSG00000222395.2,0.0
ENSG00000222397.1,0.0
ENSG00000222398.1,0.0
ENSG00000222404.1,0.0
ENSG00000222405.1,0.0
ENSG00000222407.1,0.0
ENSG00000222412.1,0.0
ENSG00000222413.1,0.0
ENSG00000222414.1,0.0
ENSG00000222416.1,0.0
ENSG00000222418.1,0.0
ENSG00000222419.1,0.0
ENSG00000222421.1,0.0
ENSG00000222426.1,0.0
ENSG00000222427.1,0.0
ENSG00000222428.1,0.0
ENSG00000222429.1,0.0
ENSG00000222430.1,0.0
ENSG00000222431.1,0.0
ENSG00000222432.1,0.0
ENSG00000222436.1,0.0
ENSG00000222438.1,0.0
ENSG00000222439.1,0.0
ENSG00000222440.1,0.0
ENSG00000222445.1,0.0
ENSG00000222448.1,0.0
ENSG00000222449.1,0.0
ENSG00000222451.1,0.0
ENSG00000222452.1,0.0
ENSG00000222455.1,0.0
ENSG00000222457.1,0.0
ENSG00000222459.1,0.0
ENSG00000222460.1,0.0
ENSG00000222465.1,0.0
ENSG00000222467.1,0.0
ENSG00000222468.1,0.0
ENSG00000222472.1,0.0
ENSG00000222477.1,0.0
ENSG00000222486.1,0.0
ENSG00000222488.1,0.0
ENSG00000222489.1,0.0
ENSG00000222490.1,0.0
ENSG00000222496.1,0.0
ENSG00000222499.1,0.0
ENSG00000222500.1,0.0
ENSG00000222501.1,0.0
ENSG00000222503.1,0.0
ENSG00000222506.1,0.0
ENSG00000222509.1,0.0
ENSG00000222511.2,0.0
ENSG00000222514.1,0.0
ENSG00000222515.1,0.0
ENSG00000222520.1,0.0
ENSG00000222522.1,0.0
ENSG00000222524.1,0.0
ENSG00000222529.1,0.0
ENSG00000222532.1,0.0
ENSG00000222533.1,0.0
ENSG00000222536.1,0.0
ENSG00000222543.1,0.0
ENSG00000222544.1,0.0
ENSG00000222546.1,0.0
ENSG00000222552.1,0.0
ENSG00000222558.1,0.0
ENSG00000222560.1,0.0
ENSG00000222561.1,0.0
ENSG00000222574.1,0.0
ENSG00000222578.1,0.0
ENSG00000222579.1,0.0
ENSG00000222581.1,0.0
ENSG00000222582.1,0.0
ENSG00000222583.1,0.0
ENSG00000222585.1,0.0
ENSG00000222588.1,0.0
ENSG00000222589.1,0.0
ENSG00000222592.1,0.0
ENSG00000222594.1,0.0
ENSG00000222598.1,0.0
ENSG00000222601.1,0.0
ENSG00000222604.2,0.0
ENSG00000222607.1,0.0
ENSG00000222608.1,0.0
ENSG00000222609.1,0.0
ENSG00000222610.1,0.0
ENSG00000222612.1,0.0
ENSG00000222613.1,0.0
ENSG00000222614.1,0.0
ENSG00000222616.1,0.0
ENSG00000222617.1,0.0
ENSG00000222623.1,0.0
ENSG00000222624.1,0.0
ENSG00000222626.1,0.0
ENSG00000222627.1,0.0
ENSG00000222629.1,0.0
ENSG00000222630.2,0.0
ENSG00000222635.1,0.0
ENSG00000222636.1,0.0
ENSG00000222640.1,0.0
ENSG00000222644.1,0.0
ENSG00000222649.1,0.0
ENSG00000222650.1,0.0
ENSG00000222652.1,0.0
ENSG00000222658.1,0.0
ENSG00000222659.1,0.0
ENSG00000222663.1,0.0
ENSG00000222664.1,0.0
ENSG00000222666.2,0.0
ENSG00000222667.1,0.0
ENSG00000222675.1,0.0
ENSG00000222678.1,0.0
ENSG00000222679.1,0.0
ENSG00000222682.1,0.0
ENSG00000222685.1,0.0
ENSG00000222686.1,0.0
ENSG00000222691.1,0.0
ENSG00000222693.1,0.0
ENSG00000222698.1,0.0
ENSG00000222701.1,0.0
ENSG00000222704.1,0.0
ENSG00000222705.1,0.0
ENSG00000222706.1,0.0
ENSG00000222713.1,0.0
ENSG00000222714.1,0.0
ENSG00000222715.1,0.0
ENSG00000222721.1,0.0
ENSG00000222724.1,0.0
ENSG00000222726.1,0.0
ENSG00000222727.1,0.0
ENSG00000222733.1,0.0
ENSG00000222736.1,0.0
ENSG00000222740.1,0.0
ENSG00000222741.1,0.0
ENSG00000222743.1,0.0
ENSG00000222744.1,0.0
ENSG00000222747.1,0.0
ENSG00000222750.1,0.0
ENSG00000222755.1,0.0
ENSG00000222760.1,0.0
ENSG00000222761.1,0.0
ENSG00000222764.1,0.0
ENSG00000222765.1,0.0
ENSG00000222767.1,0.0
ENSG00000222774.1,0.0
ENSG00000222777.1,0.0
ENSG00000222778.1,0.0
ENSG00000222783.1,0.0
ENSG00000222784.1,0.0
ENSG00000222788.1,0.0
ENSG00000222790.1,0.0
ENSG00000222791.1,0.0
ENSG00000222795.1,0.0
ENSG00000222796.1,0.0
ENSG00000222800.1,0.0
ENSG00000222806.1,0.0
ENSG00000222808.1,0.0
ENSG00000222810.1,0.0
ENSG00000222821.1,0.0
ENSG00000222826.1,0.0
ENSG00000222831.1,0.0
ENSG00000222832.1,0.0
ENSG00000222838.1,0.0
ENSG00000222842.1,0.0
ENSG00000222844.1,0.0
ENSG00000222845.1,0.0
ENSG00000222849.1,0.0
ENSG00000222852.1,0.0
ENSG00000222858.1,0.0
ENSG00000222859.1,0.0
ENSG00000222862.2,0.0
ENSG00000222869.1,0.0
ENSG00000222870.1,0.0
ENSG00000222872.1,0.0
ENSG00000222874.1,0.0
ENSG00000222880.1,0.0
ENSG00000222881.1,0.0
ENSG00000222883.1,0.0
ENSG00000222889.1,0.0
ENSG00000222890.1,0.0
ENSG00000222895.1,0.0
ENSG00000222898.1,0.0
ENSG00000222909.1,0.0
ENSG00000222915.1,0.0
ENSG00000222920.1,0.0
ENSG00000222921.1,0.0
ENSG00000222922.1,0.0
ENSG00000222923.1,0.0
ENSG00000222924.1,0.0
ENSG00000222931.1,0.0
ENSG00000222932.1,0.0
ENSG00000222934.1,0.0
ENSG00000222937.1,0.0
ENSG00000222940.1,0.0
ENSG00000222941.2,0.0
ENSG00000222942.1,0.0
ENSG00000222950.1,0.0
ENSG00000222952.1,0.0
ENSG00000222955.1,0.0
ENSG00000222958.1,0.0
ENSG00000222960.1,0.0
ENSG00000222966.1,0.0
ENSG00000222969.1,0.0
ENSG00000222971.1,0.0
ENSG00000222972.1,0.0
ENSG00000222973.1,0.0
ENSG00000222974.1,0.0
ENSG00000222976.1,0.0
ENSG00000222979.1,0.0
ENSG00000222982.1,0.0
ENSG00000222983.1,0.0
ENSG00000222985.1,0.0
ENSG00000222986.1,0.0
ENSG00000222987.1,0.0
ENSG00000222990.1,0.0
ENSG00000222997.1,0.0
ENSG00000222998.1,0.0
ENSG00000223001.1,0.0
ENSG00000223003.1,0.0
ENSG00000223004.1,0.0
ENSG00000223006.1,0.0
ENSG00000223007.1,0.0
ENSG00000223012.1,0.0
ENSG00000223013.1,0.0
ENSG00000223015.1,0.0
ENSG00000223019.1,0.0
ENSG00000223023.1,0.0
ENSG00000223024.1,0.0
ENSG00000223026.1,0.0
ENSG00000223027.1,0.0
ENSG00000223037.1,0.0
ENSG00000223039.1,0.0
ENSG00000223040.1,0.0
ENSG00000223042.1,0.0
ENSG00000223044.1,0.0
ENSG00000223046.1,0.0
ENSG00000223047.1,0.0
ENSG00000223056.1,0.0
ENSG00000223060.1,0.0
ENSG00000223062.1,0.0
ENSG00000223064.1,0.0
ENSG00000223075.1,0.0
ENSG00000223076.1,0.0
ENSG00000223078.1,0.0
ENSG00000223080.1,0.0
ENSG00000223086.1,0.0
ENSG00000223087.2,0.0
ENSG00000223088.1,0.0
ENSG00000223092.1,0.0
ENSG00000223096.1,0.0
ENSG00000223107.1,0.0
ENSG00000223109.1,0.0
ENSG00000223113.1,0.0
ENSG00000223117.1,0.0
ENSG00000223118.1,0.0
ENSG00000223120.1,0.0
ENSG00000223125.1,0.0
ENSG00000223126.1,0.0
ENSG00000223128.1,0.0
ENSG00000223131.1,0.0
ENSG00000223136.1,0.0
ENSG00000223138.1,0.0
ENSG00000223142.1,0.0
ENSG00000223145.1,0.0
ENSG00000223152.1,0.0
ENSG00000223156.1,0.0
ENSG00000223158.1,0.0
ENSG00000223162.1,0.0
ENSG00000223168.1,0.0
ENSG00000223169.1,0.0
ENSG00000223174.1,0.0
ENSG00000223175.1,0.0
ENSG00000223177.1,0.0
ENSG00000223179.3,0.0
ENSG00000223181.1,0.0
ENSG00000223188.1,0.0
ENSG00000223189.1,0.0
ENSG00000223190.1,0.0
ENSG00000223191.1,0.0
ENSG00000223197.1,0.0
ENSG00000223198.1,0.0
ENSG00000223202.1,0.0
ENSG00000223203.1,0.0
ENSG00000223212.1,0.0
ENSG00000223215.1,0.0
ENSG00000223217.1,0.0
ENSG00000223220.1,0.0
ENSG00000223223.1,0.0
ENSG00000223224.1,0.0
ENSG00000223225.1,0.0
ENSG00000223229.1,0.0
ENSG00000223238.1,0.0
ENSG00000223245.1,0.0
ENSG00000223247.1,0.0
ENSG00000223254.1,0.0
ENSG00000223258.1,0.0
ENSG00000223259.1,0.0
ENSG00000223260.1,0.0
ENSG00000223262.1,0.0
ENSG00000223263.1,0.0
ENSG00000223265.1,0.0
ENSG00000223269.1,0.0
ENSG00000223271.1,0.0
ENSG00000223273.1,0.0
ENSG00000223274.6,0.0
ENSG00000223280.1,0.0
ENSG00000223281.1,0.0
ENSG00000223282.1,0.0
ENSG00000223284.1,0.0
ENSG00000223287.1,0.0
ENSG00000223290.1,0.0
ENSG00000223293.1,0.0
ENSG00000223294.1,0.0
ENSG00000223298.1,0.0
ENSG00000223299.1,0.0
ENSG00000223300.1,0.0
ENSG00000223302.1,0.0
ENSG00000223305.1,0.0
ENSG00000223306.2,0.0
ENSG00000223308.1,0.0
ENSG00000223309.1,0.0
ENSG00000223313.1,0.0
ENSG00000223315.1,0.0
ENSG00000223318.1,0.0
ENSG00000223321.1,0.0
ENSG00000223324.1,0.0
ENSG00000223327.1,0.0
ENSG00000223330.1,0.0
ENSG00000223335.1,0.0
ENSG00000223336.1,0.0
ENSG00000223341.1,0.0
ENSG00000223342.2,0.0
ENSG00000223343.2,1.986108
ENSG00000223344.2,0.0
ENSG00000223345.6,0.0
ENSG00000223349.1,0.0
ENSG00000223350.2,4.052566
ENSG00000223351.5,0.0
ENSG00000223353.2,0.0
ENSG00000223355.5,0.0
ENSG00000223356.1,0.0
ENSG00000223358.5,0.0
ENSG00000223360.1,0.0
ENSG00000223361.6,0.0
ENSG00000223362.1,0.0
ENSG00000223364.1,0.0
ENSG00000223368.2,0.0
ENSG00000223372.8,0.0
ENSG00000223373.1,0.0
ENSG00000223374.1,0.0
ENSG00000223375.1,0.0
ENSG00000223377.1,0.0
ENSG00000223381.2,0.0
ENSG00000223382.7,0.0
ENSG00000223383.1,0.0
ENSG00000223387.7,0.0
ENSG00000223389.1,0.0
ENSG00000223390.1,0.0
ENSG00000223391.2,0.0
ENSG00000223392.1,0.0
ENSG00000223393.3,0.186786
ENSG00000223394.2,0.0
ENSG00000223395.2,0.0
ENSG00000223396.5,0.0
ENSG00000223398.1,0.0
ENSG00000223400.2,0.0
ENSG00000223402.1,0.0
ENSG00000223403.8,0.0
ENSG00000223404.4,0.47274
ENSG00000223405.1,0.0
ENSG00000223407.1,0.0
ENSG00000223409.1,0.0
ENSG00000223410.2,0.0
ENSG00000223416.3,0.0
ENSG00000223417.9,0.0
ENSG00000223418.1,0.0
ENSG00000223419.1,0.0
ENSG00000223421.1,0.0
ENSG00000223422.1,0.0
ENSG00000223427.1,0.0
ENSG00000223428.1,0.0
ENSG00000223429.1,0.0
ENSG00000223430.1,0.0
ENSG00000223431.1,0.0
ENSG00000223432.1,0.0
ENSG00000223433.1,0.0
ENSG00000223436.1,0.0
ENSG00000223437.1,0.0
ENSG00000223438.2,0.0
ENSG00000223440.1,0.0
ENSG00000223441.2,0.0
ENSG00000223442.2,0.350316
ENSG00000223443.3,0.0
ENSG00000223445.1,0.0
ENSG00000223446.3,10.211541
ENSG00000223450.1,0.0
ENSG00000223452.3,0.0
ENSG00000223455.1,0.0
ENSG00000223457.1,0.0
ENSG00000223459.6,0.0
ENSG00000223460.1,0.0
ENSG00000223461.2,0.721347
ENSG00000223462.3,0.0
ENSG00000223463.3,0.0
ENSG00000223465.8,0.348246
ENSG00000223466.3,0.0
ENSG00000223467.2,0.0
ENSG00000223470.3,0.0
ENSG00000223475.1,0.0
ENSG00000223476.1,0.0
ENSG00000223478.3,0.0
ENSG00000223479.4,0.0
ENSG00000223482.11,17.409181
ENSG00000223484.7,0.0
ENSG00000223485.6,2.072498
ENSG00000223486.2,0.093275
ENSG00000223487.1,0.0
ENSG00000223488.2,0.0
ENSG00000223489.1,0.0
ENSG00000223490.2,0.0
ENSG00000223492.1,0.0
ENSG00000223493.9,9.650226
ENSG00000223494.11,0.0
ENSG00000223495.2,0.0
ENSG00000223496.3,2.548813
ENSG00000223497.1,0.0
ENSG00000223498.1,0.0
ENSG00000223500.1,0.0
ENSG00000223501.9,21.604923
ENSG00000223502.2,0.0
ENSG00000223503.1,0.0
ENSG00000223505.2,0.0
ENSG00000223506.2,0.0
ENSG00000223508.6,0.0
ENSG00000223509.9,0.0
ENSG00000223510.7,0.0
ENSG00000223511.8,10.629443
ENSG00000223513.1,0.0
ENSG00000223514.1,0.0
ENSG00000223516.1,0.0
ENSG00000223517.1,0.0
ENSG00000223518.6,0.0
ENSG00000223519.9,0.773938
ENSG00000223522.2,0.0
ENSG00000223523.2,0.0
ENSG00000223525.1,0.0
ENSG00000223528.7,0.0
ENSG00000223529.1,0.0
ENSG00000223530.1,0.0
ENSG00000223531.9,0.0
ENSG00000223532.10,21.059471000000002
ENSG00000223533.8,5.750363999999999
ENSG00000223534.1,0.0
ENSG00000223536.8,0.0
ENSG00000223537.4,0.0
ENSG00000223538.2,0.0
ENSG00000223539.4,0.0
ENSG00000223540.1,0.0
ENSG00000223542.1,0.0
ENSG00000223543.1,0.0
ENSG00000223544.1,0.0
ENSG00000223546.10,0.660288
ENSG00000223547.10,0.976523
ENSG00000223548.2,0.0
ENSG00000223549.1,0.0
ENSG00000223550.1,0.0
ENSG00000223551.1,41.226555
ENSG00000223552.4,4.8681280000000005
ENSG00000223553.7,0.0
ENSG00000223554.1,0.0
ENSG00000223555.1,0.0
ENSG00000223558.1,0.0
ENSG00000223559.1,0.0
ENSG00000223561.9,0.0
ENSG00000223563.1,0.0
ENSG00000223564.1,0.0
ENSG00000223565.1,0.0
ENSG00000223566.1,0.0
ENSG00000223568.1,0.0
ENSG00000223569.8,0.0
ENSG00000223570.2,0.0
ENSG00000223571.6,0.0
ENSG00000223572.10,0.0
ENSG00000223573.7,0.192746
ENSG00000223574.1,0.0
ENSG00000223575.2,0.0
ENSG00000223576.2,0.0
ENSG00000223577.2,13.388847
ENSG00000223581.3,0.0
ENSG00000223583.1,0.0
ENSG00000223584.1,0.0
ENSG00000223586.7,0.0
ENSG00000223587.3,0.0
ENSG00000223589.2,0.0
ENSG00000223590.5,0.0
ENSG00000223592.2,0.0
ENSG00000223593.1,0.0
ENSG00000223595.1,0.0
ENSG00000223597.4,0.0
ENSG00000223598.2,0.0
ENSG00000223599.1,0.198993
ENSG00000223600.1,0.0
ENSG00000223601.3,0.0
ENSG00000223602.2,0.0
ENSG00000223603.1,0.0
ENSG00000223604.1,0.0
ENSG00000223605.1,0.0
ENSG00000223608.1,0.0
ENSG00000223609.11,6.230709
ENSG00000223611.7,0.0
ENSG00000223612.3,0.0
ENSG00000223614.6,0.0
ENSG00000223615.2,0.0
ENSG00000223617.4,1.532568
ENSG00000223618.7,19.169406
ENSG00000223619.1,0.0
ENSG00000223620.3,0.0
ENSG00000223621.1,0.0
ENSG00000223622.2,0.0
ENSG00000223623.1,0.0
ENSG00000223624.1,0.0
ENSG00000223625.1,0.0
ENSG00000223626.1,0.0
ENSG00000223628.2,0.0
ENSG00000223629.1,0.0
ENSG00000223631.3,0.0
ENSG00000223634.2,0.0
ENSG00000223635.3,0.0
ENSG00000223637.9,0.0
ENSG00000223638.4,0.0
ENSG00000223640.1,0.0
ENSG00000223641.3,0.0
ENSG00000223642.7,0.0
ENSG00000223643.6,0.0
ENSG00000223646.3,0.0
ENSG00000223647.1,0.0
ENSG00000223648.4,0.0
ENSG00000223649.1,0.0
ENSG00000223650.1,0.0
ENSG00000223651.1,0.0
ENSG00000223652.3,0.0
ENSG00000223653.7,1.989662
ENSG00000223654.3,13.913868
ENSG00000223656.1,0.0
ENSG00000223657.2,0.0
ENSG00000223658.8,0.0
ENSG00000223660.1,0.0
ENSG00000223662.2,0.0
ENSG00000223663.2,0.0
ENSG00000223665.2,0.0
ENSG00000223666.2,1.875764
ENSG00000223668.1,0.0
ENSG00000223669.1,0.0
ENSG00000223671.2,0.0
ENSG00000223672.2,0.0
ENSG00000223676.1,0.0
ENSG00000223677.1,0.0
ENSG00000223679.1,0.0
ENSG00000223680.10,0.0
ENSG00000223683.1,0.0
ENSG00000223684.1,0.0
ENSG00000223685.9,0.0
ENSG00000223687.4,0.090687
ENSG00000223688.2,0.0
ENSG00000223691.1,0.0
ENSG00000223692.1,0.0
ENSG00000223694.1,0.0
ENSG00000223695.2,0.407662
ENSG00000223697.3,0.0
ENSG00000223698.3,0.0
ENSG00000223699.8,0.0
ENSG00000223701.3,0.0
ENSG00000223702.1,0.0
ENSG00000223703.1,0.0
ENSG00000223705.12,0.0
ENSG00000223707.2,0.0
ENSG00000223709.6,0.0
ENSG00000223710.1,0.0
ENSG00000223711.3,0.581103
ENSG00000223714.2,0.0
ENSG00000223715.4,0.0
ENSG00000223716.2,0.0
ENSG00000223717.1,0.0
ENSG00000223718.3,0.0
ENSG00000223719.1,0.0
ENSG00000223720.2,0.484188
ENSG00000223721.3,0.0
ENSG00000223723.1,0.0
ENSG00000223724.1,0.0
ENSG00000223725.7,2.529807
ENSG00000223726.2,0.0
ENSG00000223727.6,0.0
ENSG00000223728.3,0.0
ENSG00000223729.2,0.0
ENSG00000223730.2,0.0
ENSG00000223731.4,0.0
ENSG00000223732.3,0.0
ENSG00000223733.1,0.0
ENSG00000223734.4,0.0
ENSG00000223735.1,0.0
ENSG00000223738.3,0.0
ENSG00000223739.1,0.0
ENSG00000223740.1,0.0
ENSG00000223741.1,0.0
ENSG00000223742.1,0.0
ENSG00000223744.1,0.0
ENSG00000223745.9,20.531557
ENSG00000223746.1,0.0
ENSG00000223747.1,0.0
ENSG00000223749.12,1.014769
ENSG00000223750.1,0.0
ENSG00000223751.3,0.0
ENSG00000223752.8,1.513652
ENSG00000223753.2,0.0
ENSG00000223754.1,0.0
ENSG00000223756.9,0.0
ENSG00000223760.5,0.0
ENSG00000223761.2,0.0
ENSG00000223764.3,0.0
ENSG00000223765.4,0.0
ENSG00000223766.10,0.050513
ENSG00000223767.5,0.0
ENSG00000223768.5,1.081416
ENSG00000223770.5,0.0
ENSG00000223772.1,0.0
ENSG00000223773.10,0.0
ENSG00000223774.6,1.296333
ENSG00000223776.5,0.0
ENSG00000223777.1,0.0
ENSG00000223779.6,0.0
ENSG00000223782.1,0.0
ENSG00000223783.2,0.0
ENSG00000223784.3,0.0
ENSG00000223786.1,0.0
ENSG00000223787.2,0.0
ENSG00000223788.4,0.0
ENSG00000223791.2,0.0
ENSG00000223793.7,0.0
ENSG00000223794.1,0.0
ENSG00000223798.1,0.0
ENSG00000223799.4,0.963156
ENSG00000223800.1,0.0
ENSG00000223802.9,0.0
ENSG00000223803.1,0.0
ENSG00000223804.6,0.0
ENSG00000223806.9,0.0
ENSG00000223807.1,0.0
ENSG00000223809.1,0.0
ENSG00000223810.2,0.0
ENSG00000223812.9,0.0
ENSG00000223813.6,0.180859
ENSG00000223814.1,0.0
ENSG00000223815.3,0.0
ENSG00000223816.5,0.0
ENSG00000223817.1,0.0
ENSG00000223819.2,6.165363
ENSG00000223820.6,0.0
ENSG00000223822.2,0.0
ENSG00000223823.1,0.0
ENSG00000223824.1,0.0
ENSG00000223825.5,0.0
ENSG00000223826.2,0.0
ENSG00000223828.1,0.0
ENSG00000223829.7,0.0
ENSG00000223831.1,0.0
ENSG00000223834.6,0.087995
ENSG00000223836.1,0.0
ENSG00000223837.2,0.0
ENSG00000223838.3,0.0
ENSG00000223839.9,0.0
ENSG00000223840.1,0.0
ENSG00000223841.1,0.0
ENSG00000223842.1,0.0
ENSG00000223843.6,0.311374
ENSG00000223844.1,0.0
ENSG00000223845.1,0.0
ENSG00000223847.1,0.0
ENSG00000223849.1,0.0
ENSG00000223850.2,0.0
ENSG00000223852.7,0.0
ENSG00000223853.2,0.0
ENSG00000223855.5,1.932335
ENSG00000223856.1,0.0
ENSG00000223859.2,0.0
ENSG00000223861.1,0.0
ENSG00000223863.1,0.0
ENSG00000223864.1,0.0
ENSG00000223865.12,31.613203
ENSG00000223866.1,0.0
ENSG00000223867.1,0.0
ENSG00000223868.1,0.0
ENSG00000223869.1,0.0
ENSG00000223870.1,0.0
ENSG00000223872.3,0.0
ENSG00000223873.1,0.0
ENSG00000223874.4,0.0
ENSG00000223875.2,0.0
ENSG00000223876.1,0.0
ENSG00000223877.4,0.0
ENSG00000223878.1,0.0
ENSG00000223880.1,0.0
ENSG00000223881.3,0.0
ENSG00000223882.1,0.0
ENSG00000223883.3,0.0
ENSG00000223884.8,0.0
ENSG00000223885.4,0.0
ENSG00000223886.3,0.0
ENSG00000223889.1,0.0
ENSG00000223890.1,0.0
ENSG00000223891.8,12.323141999999999
ENSG00000223893.1,0.0
ENSG00000223896.2,0.0
ENSG00000223897.1,0.0
ENSG00000223898.8,0.0
ENSG00000223899.1,0.0
ENSG00000223901.2,0.0
ENSG00000223903.1,0.0
ENSG00000223904.2,0.0
ENSG00000223905.1,0.0
ENSG00000223906.1,0.0
ENSG00000223908.5,0.0
ENSG00000223911.1,0.0
ENSG00000223912.1,0.0
ENSG00000223914.6,0.33572599999999997
ENSG00000223915.1,0.0
ENSG00000223916.1,0.0
ENSG00000223917.1,0.0
ENSG00000223918.1,0.0
ENSG00000223919.8,0.0
ENSG00000223920.2,0.0
ENSG00000223921.1,0.0
ENSG00000223922.1,0.0
ENSG00000223923.3,0.134802
ENSG00000223927.1,0.0
ENSG00000223928.1,0.0
ENSG00000223930.10,0.0
ENSG00000223931.2,0.0
ENSG00000223932.6,0.612143
ENSG00000223933.1,0.0
ENSG00000223935.4,0.0
ENSG00000223940.1,0.0
ENSG00000223941.5,0.0
ENSG00000223942.3,0.0
ENSG00000223944.4,0.0
ENSG00000223945.2,0.0
ENSG00000223946.1,0.0
ENSG00000223947.1,0.0
ENSG00000223948.1,0.0
ENSG00000223949.9,0.0
ENSG00000223951.1,0.0
ENSG00000223953.6,0.0
ENSG00000223955.1,0.0
ENSG00000223956.5,0.0
ENSG00000223958.1,0.0
ENSG00000223959.12,0.142281
ENSG00000223960.10,1.655893
ENSG00000223962.1,0.0
ENSG00000223963.2,0.0
ENSG00000223965.2,0.0
ENSG00000223967.1,0.0
ENSG00000223968.1,0.0
ENSG00000223969.8,1.80169
ENSG00000223970.1,0.0
ENSG00000223971.1,0.0
ENSG00000223972.6,0.0
ENSG00000223973.3,0.0
ENSG00000223974.1,0.0
ENSG00000223975.2,0.0
ENSG00000223976.1,0.0
ENSG00000223977.1,0.0
ENSG00000223978.1,0.0
ENSG00000223979.2,0.0
ENSG00000223980.10,0.953947
ENSG00000223982.3,0.0
ENSG00000223984.1,0.0
ENSG00000223985.3,0.0
ENSG00000223986.1,0.0
ENSG00000223987.1,0.0
ENSG00000223989.1,0.0
ENSG00000223990.1,0.0
ENSG00000223991.1,0.0
ENSG00000223993.3,0.0
ENSG00000223995.2,0.0
ENSG00000223996.1,0.0
ENSG00000223997.1,0.0
ENSG00000223999.1,0.0
ENSG00000224000.2,0.339349
ENSG00000224001.2,0.0
ENSG00000224003.1,0.619151
ENSG00000224004.2,0.0
ENSG00000224006.1,0.0
ENSG00000224007.1,0.0
ENSG00000224008.2,0.0
ENSG00000224011.1,0.0
ENSG00000224012.3,0.0
ENSG00000224014.1,0.0
ENSG00000224015.2,0.0
ENSG00000224016.2,0.0
ENSG00000224017.3,0.0
ENSG00000224018.2,0.0
ENSG00000224019.1,0.0
ENSG00000224020.4,0.0
ENSG00000224023.11,2.112728
ENSG00000224025.2,0.0
ENSG00000224027.2,0.0
ENSG00000224028.2,0.0
ENSG00000224029.1,0.0
ENSG00000224031.1,0.0
ENSG00000224032.10,17.89112
ENSG00000224033.1,0.0
ENSG00000224034.2,0.708982
ENSG00000224035.1,0.0
ENSG00000224038.2,0.0
ENSG00000224039.1,0.0
ENSG00000224040.1,0.0
ENSG00000224041.3,1.650877
ENSG00000224042.2,0.0
ENSG00000224043.10,1.257361
ENSG00000224045.2,0.0
ENSG00000224046.4,0.765108
ENSG00000224048.7,0.0
ENSG00000224049.1,0.0
ENSG00000224051.7,22.820238
ENSG00000224053.1,0.0
ENSG00000224054.1,0.0
ENSG00000224055.1,0.0
ENSG00000224057.3,0.0
ENSG00000224058.2,0.0
ENSG00000224059.1,0.0
ENSG00000224060.4,0.0
ENSG00000224061.1,0.0
ENSG00000224062.4,0.0
ENSG00000224063.7,0.0
ENSG00000224064.1,0.0
ENSG00000224065.2,0.0
ENSG00000224066.1,0.987735
ENSG00000224067.2,0.0
ENSG00000224069.1,0.0
ENSG00000224070.1,0.0
ENSG00000224071.1,0.0
ENSG00000224072.1,0.0
ENSG00000224074.3,0.0
ENSG00000224075.2,0.0
ENSG00000224076.6,0.0
ENSG00000224077.2,0.0
ENSG00000224078.16,2.914503
ENSG00000224079.2,0.0
ENSG00000224080.1,1.734759
ENSG00000224081.11,0.0
ENSG00000224082.1,0.0
ENSG00000224083.1,0.0
ENSG00000224085.3,0.0
ENSG00000224086.7,0.422392
ENSG00000224087.1,0.0
ENSG00000224089.3,0.0
ENSG00000224090.2,0.0
ENSG00000224091.4,0.0
ENSG00000224092.1,0.0
ENSG00000224093.8,0.16392
ENSG00000224094.1,0.0
ENSG00000224095.1,0.0
ENSG00000224096.5,0.0
ENSG00000224097.6,0.0
ENSG00000224099.3,0.0
ENSG00000224100.1,0.0
ENSG00000224101.1,0.0
ENSG00000224103.7,52.502761
ENSG00000224104.1,0.0
ENSG00000224106.1,0.0
ENSG00000224107.5,0.0
ENSG00000224109.4,0.0
ENSG00000224110.3,0.0
ENSG00000224114.1,0.0
ENSG00000224116.7,0.0
ENSG00000224117.1,0.0
ENSG00000224118.1,0.0
ENSG00000224121.1,0.0
ENSG00000224122.5,0.0
ENSG00000224124.3,0.0
ENSG00000224126.2,0.0
ENSG00000224127.1,0.0
ENSG00000224128.2,0.0
ENSG00000224129.1,0.0
ENSG00000224131.1,0.0
ENSG00000224132.3,0.0
ENSG00000224133.5,0.0
ENSG00000224134.1,0.0
ENSG00000224136.1,0.0
ENSG00000224137.3,0.0
ENSG00000224138.1,0.0
ENSG00000224140.2,0.377056
ENSG00000224141.6,0.0
ENSG00000224142.1,0.0
ENSG00000224143.10,9.700726
ENSG00000224144.1,0.0
ENSG00000224149.1,0.0
ENSG00000224151.1,0.0
ENSG00000224152.3,15.024431
ENSG00000224153.4,0.274119
ENSG00000224155.2,0.0
ENSG00000224156.10,0.0
ENSG00000224157.2,0.0
ENSG00000224159.1,0.0
ENSG00000224160.1,0.0
ENSG00000224161.3,0.0
ENSG00000224162.1,0.0
ENSG00000224163.4,0.0
ENSG00000224164.3,0.0
ENSG00000224165.9,1.030548
ENSG00000224168.9,0.0
ENSG00000224169.1,0.0
ENSG00000224172.1,0.0
ENSG00000224173.3,0.0
ENSG00000224174.3,0.24213
ENSG00000224177.9,5.984332
ENSG00000224183.1,1.604337
ENSG00000224184.8,0.0
ENSG00000224185.1,0.0
ENSG00000224186.8,0.0
ENSG00000224187.2,0.0
ENSG00000224188.1,0.0
ENSG00000224189.9,0.0
ENSG00000224190.3,0.0
ENSG00000224192.2,0.0
ENSG00000224194.1,0.0
ENSG00000224195.1,0.0
ENSG00000224200.2,0.0
ENSG00000224203.2,0.0
ENSG00000224205.2,0.0
ENSG00000224207.3,0.0
ENSG00000224208.1,0.0
ENSG00000224209.9,0.0
ENSG00000224210.1,0.0
ENSG00000224212.4,0.0
ENSG00000224215.2,0.0
ENSG00000224216.2,1.0310709999999998
ENSG00000224217.1,0.0
ENSG00000224219.1,0.0
ENSG00000224220.2,0.0
ENSG00000224221.1,0.0
ENSG00000224222.3,0.0
ENSG00000224223.1,0.0
ENSG00000224224.1,0.0
ENSG00000224227.4,0.0
ENSG00000224229.1,0.0
ENSG00000224230.1,0.0
ENSG00000224231.2,0.0
ENSG00000224232.1,0.0
ENSG00000224233.1,0.0
ENSG00000224236.3,0.0
ENSG00000224237.1,0.0
ENSG00000224238.2,0.237982
ENSG00000224239.2,0.0
ENSG00000224240.1,0.0
ENSG00000224242.7,0.0
ENSG00000224243.3,0.0
ENSG00000224244.1,0.0
ENSG00000224245.1,0.0
ENSG00000224246.2,0.0
ENSG00000224250.1,0.0
ENSG00000224251.6,0.0
ENSG00000224252.1,0.0
ENSG00000224254.2,0.0
ENSG00000224255.2,0.0
ENSG00000224256.1,0.0
ENSG00000224257.1,0.0
ENSG00000224259.10,0.0
ENSG00000224260.7,0.0
ENSG00000224261.2,0.0
ENSG00000224263.1,0.0
ENSG00000224265.2,0.437464
ENSG00000224267.1,0.0
ENSG00000224269.1,0.0
ENSG00000224271.9,0.472395
ENSG00000224272.3,0.0
ENSG00000224273.2,0.0
ENSG00000224274.1,0.0
ENSG00000224276.1,0.0
ENSG00000224277.5,0.0
ENSG00000224278.1,0.0
ENSG00000224279.2,0.0
ENSG00000224280.1,0.0
ENSG00000224281.7,0.076618
ENSG00000224282.3,0.0
ENSG00000224286.7,0.0
ENSG00000224288.2,0.0
ENSG00000224289.1,0.0
ENSG00000224291.1,0.0
ENSG00000224292.2,0.0
ENSG00000224293.2,0.0
ENSG00000224294.2,0.0
ENSG00000224295.3,0.172708
ENSG00000224296.3,0.0
ENSG00000224297.2,0.0
ENSG00000224299.1,0.0
ENSG00000224300.1,0.0
ENSG00000224301.2,0.0
ENSG00000224302.1,0.0
ENSG00000224307.5,14.558145999999999
ENSG00000224308.1,0.0
ENSG00000224309.8,0.0
ENSG00000224310.1,0.0
ENSG00000224311.2,0.0
ENSG00000224312.1,0.0
ENSG00000224314.1,0.0
ENSG00000224315.2,0.0
ENSG00000224316.1,0.0
ENSG00000224318.7,0.0
ENSG00000224319.4,0.0
ENSG00000224321.1,0.0
ENSG00000224322.3,0.0
ENSG00000224323.2,0.0
ENSG00000224324.1,0.0
ENSG00000224326.2,0.0
ENSG00000224328.1,0.0
ENSG00000224329.3,0.0
ENSG00000224330.3,0.0
ENSG00000224331.2,0.0
ENSG00000224333.1,0.0
ENSG00000224334.1,0.0
ENSG00000224335.2,0.0
ENSG00000224336.2,0.0
ENSG00000224337.1,0.0
ENSG00000224338.2,0.0
ENSG00000224339.1,0.0
ENSG00000224340.1,0.0
ENSG00000224341.1,0.0
ENSG00000224344.1,0.0
ENSG00000224346.1,0.0
ENSG00000224347.6,0.0
ENSG00000224348.2,0.0
ENSG00000224349.3,0.0
ENSG00000224351.2,0.0
ENSG00000224352.1,0.0
ENSG00000224353.2,0.0
ENSG00000224354.2,0.0
ENSG00000224356.5,0.0
ENSG00000224357.1,0.0
ENSG00000224358.1,0.0
ENSG00000224359.2,0.0
ENSG00000224360.1,0.0
ENSG00000224361.2,0.0
ENSG00000224363.3,0.0
ENSG00000224365.1,0.0
ENSG00000224366.1,0.0
ENSG00000224367.7,0.0
ENSG00000224368.1,0.0
ENSG00000224370.1,0.0
ENSG00000224371.7,0.0
ENSG00000224372.1,0.0
ENSG00000224373.3,10.22868
ENSG00000224374.2,0.0
ENSG00000224375.1,0.0
ENSG00000224376.4,0.594849
ENSG00000224378.9,0.0
ENSG00000224379.6,0.0
ENSG00000224382.3,0.0
ENSG00000224383.8,0.38641
ENSG00000224384.1,0.0
ENSG00000224387.1,0.0
ENSG00000224388.1,0.0
ENSG00000224389.9,0.272149
ENSG00000224391.2,0.0
ENSG00000224394.1,0.0
ENSG00000224396.1,0.0
ENSG00000224397.10,276.941031
ENSG00000224398.7,121.329711
ENSG00000224400.6,0.0
ENSG00000224401.2,0.0
ENSG00000224402.3,0.0
ENSG00000224403.1,0.0
ENSG00000224404.3,0.341437
ENSG00000224405.2,0.0
ENSG00000224406.7,0.0
ENSG00000224407.1,0.0
ENSG00000224408.1,0.0
ENSG00000224409.2,0.799941
ENSG00000224410.1,0.0
ENSG00000224411.3,0.0
ENSG00000224412.1,0.0
ENSG00000224413.1,0.0
ENSG00000224414.1,0.0
ENSG00000224415.1,0.0
ENSG00000224416.2,0.0
ENSG00000224417.2,0.0
ENSG00000224418.2,0.409347
ENSG00000224419.1,0.0
ENSG00000224420.4,0.745854
ENSG00000224421.1,0.0
ENSG00000224424.9,0.675392
ENSG00000224425.2,0.0
ENSG00000224426.1,0.0
ENSG00000224427.1,0.0
ENSG00000224429.11,0.707853
ENSG00000224430.2,0.0
ENSG00000224431.1,0.0
ENSG00000224435.2,0.0
ENSG00000224436.1,0.0
ENSG00000224437.2,0.0
ENSG00000224438.3,0.0
ENSG00000224439.2,0.0
ENSG00000224440.2,0.0
ENSG00000224442.1,0.0
ENSG00000224443.1,0.0
ENSG00000224445.4,0.0
ENSG00000224447.1,0.0
ENSG00000224448.1,0.0
ENSG00000224451.2,0.0
ENSG00000224452.1,0.0
ENSG00000224455.9,9.78232
ENSG00000224458.4,0.0
ENSG00000224459.3,0.0
ENSG00000224462.2,0.0
ENSG00000224463.1,0.0
ENSG00000224464.2,0.0
ENSG00000224465.1,0.0
ENSG00000224466.1,0.0
ENSG00000224467.1,0.0
ENSG00000224468.3,0.0
ENSG00000224469.1,0.0
ENSG00000224470.9,4.789412
ENSG00000224471.2,0.0
ENSG00000224473.1,0.0
ENSG00000224475.1,0.0
ENSG00000224476.3,0.0
ENSG00000224477.6,0.0
ENSG00000224478.4,0.458247
ENSG00000224479.7,0.0
ENSG00000224482.1,0.0
ENSG00000224484.1,0.0
ENSG00000224485.1,0.0
ENSG00000224486.1,0.0
ENSG00000224487.8,0.0
ENSG00000224488.1,0.0
ENSG00000224490.6,0.0
ENSG00000224493.1,0.0
ENSG00000224494.1,0.0
ENSG00000224496.7,0.017505
ENSG00000224497.1,0.0
ENSG00000224498.1,0.0
ENSG00000224500.1,0.0
ENSG00000224501.5,0.0
ENSG00000224504.3,0.0
ENSG00000224505.5,12.508880000000001
ENSG00000224506.4,0.48278
ENSG00000224509.5,0.166999
ENSG00000224510.2,0.0
ENSG00000224511.3,0.0
ENSG00000224513.2,0.908953
ENSG00000224514.4,0.0
ENSG00000224515.1,0.820297
ENSG00000224516.6,0.0
ENSG00000224517.7,0.0
ENSG00000224518.2,0.0
ENSG00000224519.1,0.0
ENSG00000224520.2,0.0
ENSG00000224521.3,0.0
ENSG00000224523.1,0.0
ENSG00000224524.1,0.0
ENSG00000224526.1,0.0
ENSG00000224529.1,0.0
ENSG00000224530.1,0.0
ENSG00000224531.7,0.568115
ENSG00000224533.5,1.854642
ENSG00000224535.3,1.00577
ENSG00000224536.3,4.991738
ENSG00000224537.1,0.0
ENSG00000224538.1,0.0
ENSG00000224539.1,0.0
ENSG00000224540.1,0.0
ENSG00000224541.1,0.0
ENSG00000224542.7,0.0
ENSG00000224543.4,0.0
ENSG00000224544.2,0.0
ENSG00000224545.1,0.0
ENSG00000224546.2,0.0
ENSG00000224547.1,0.0
ENSG00000224548.1,0.0
ENSG00000224549.1,0.0
ENSG00000224550.1,0.0
ENSG00000224551.1,0.0
ENSG00000224552.9,0.668526
ENSG00000224553.1,0.0
ENSG00000224555.3,0.0
ENSG00000224556.2,0.0
ENSG00000224557.10,0.0
ENSG00000224559.2,0.0
ENSG00000224560.3,0.0
ENSG00000224563.2,0.0
ENSG00000224565.3,0.0
ENSG00000224566.2,0.0
ENSG00000224567.2,0.0
ENSG00000224568.4,0.0
ENSG00000224569.3,0.0
ENSG00000224570.1,0.0
ENSG00000224571.1,0.0
ENSG00000224573.1,0.0
ENSG00000224574.1,0.0
ENSG00000224577.5,0.0
ENSG00000224578.5,0.0
ENSG00000224579.1,0.0
ENSG00000224582.7,0.0
ENSG00000224583.1,0.0
ENSG00000224584.2,0.0
ENSG00000224585.1,0.0
ENSG00000224586.7,0.0
ENSG00000224587.9,0.0
ENSG00000224589.1,0.0
ENSG00000224590.1,0.0
ENSG00000224592.6,0.0
ENSG00000224593.2,0.0
ENSG00000224594.2,0.0
ENSG00000224595.1,0.0
ENSG00000224596.10,0.083593
ENSG00000224597.13,0.0
ENSG00000224598.1,0.0
ENSG00000224599.1,0.0
ENSG00000224600.5,0.0
ENSG00000224602.1,0.0
ENSG00000224603.1,0.0
ENSG00000224604.1,0.0
ENSG00000224605.2,0.0
ENSG00000224606.1,0.0
ENSG00000224607.4,0.0
ENSG00000224608.10,359.203297
ENSG00000224609.9,0.182492
ENSG00000224610.3,0.648961
ENSG00000224611.1,0.0
ENSG00000224612.2,0.0
ENSG00000224613.8,0.0
ENSG00000224614.3,1.634375
ENSG00000224616.5,0.156238
ENSG00000224617.1,0.0
ENSG00000224618.1,0.0
ENSG00000224620.2,0.0
ENSG00000224622.1,0.0
ENSG00000224625.2,0.0
ENSG00000224626.1,0.0
ENSG00000224627.1,0.0
ENSG00000224628.2,0.0
ENSG00000224629.1,0.0
ENSG00000224630.2,0.0
ENSG00000224631.5,0.0
ENSG00000224632.1,0.0
ENSG00000224634.1,0.0
ENSG00000224635.2,0.17406
ENSG00000224637.1,0.0
ENSG00000224639.1,0.0
ENSG00000224640.1,0.0
ENSG00000224641.5,0.0
ENSG00000224643.6,0.0
ENSG00000224644.1,0.0
ENSG00000224645.1,0.0
ENSG00000224646.2,0.0
ENSG00000224647.2,0.0
ENSG00000224648.1,0.0
ENSG00000224649.2,0.0
ENSG00000224650.2,5.062789
ENSG00000224652.5,0.527344
ENSG00000224653.1,0.0
ENSG00000224655.8,0.0
ENSG00000224656.1,0.0
ENSG00000224657.10,0.0
ENSG00000224658.2,0.0
ENSG00000224659.3,0.0
ENSG00000224660.2,8.763093999999999
ENSG00000224661.2,0.0
ENSG00000224662.2,0.0
ENSG00000224664.2,0.0
ENSG00000224666.5,0.0
ENSG00000224667.1,0.0
ENSG00000224668.1,0.0
ENSG00000224669.1,0.0
ENSG00000224670.1,0.0
ENSG00000224671.2,0.0
ENSG00000224672.4,0.0
ENSG00000224674.1,0.0
ENSG00000224675.2,0.0
ENSG00000224677.1,0.0
ENSG00000224678.3,0.0
ENSG00000224679.1,0.0
ENSG00000224680.4,0.0
ENSG00000224681.1,0.0
ENSG00000224682.1,0.0
ENSG00000224683.1,0.0
ENSG00000224685.1,0.0
ENSG00000224686.1,0.0
ENSG00000224687.3,0.336908
ENSG00000224688.1,0.0
ENSG00000224689.12,0.0
ENSG00000224690.2,0.0
ENSG00000224691.1,0.0
ENSG00000224692.1,0.0
ENSG00000224693.1,0.0
ENSG00000224695.1,0.0
ENSG00000224697.1,0.0
ENSG00000224698.2,0.0
ENSG00000224699.13,5.149763
ENSG00000224700.2,0.0
ENSG00000224701.1,0.0
ENSG00000224702.1,0.0
ENSG00000224705.6,0.0
ENSG00000224706.1,0.0
ENSG00000224707.1,0.0
ENSG00000224708.8,0.0
ENSG00000224709.2,0.0
ENSG00000224711.2,0.0
ENSG00000224712.13,0.321383
ENSG00000224713.5,0.0
ENSG00000224714.3,0.0
ENSG00000224715.2,0.0
ENSG00000224717.1,0.0
ENSG00000224718.1,0.0
ENSG00000224719.1,0.0
ENSG00000224721.4,0.0
ENSG00000224722.3,0.0
ENSG00000224723.1,0.0
ENSG00000224725.3,0.0
ENSG00000224727.1,0.0
ENSG00000224728.1,0.0
ENSG00000224729.7,0.0
ENSG00000224730.1,0.0
ENSG00000224731.1,0.0
ENSG00000224732.1,0.0
ENSG00000224733.1,0.0
ENSG00000224735.1,0.0
ENSG00000224738.3,1.322539
ENSG00000224740.8,157.710796
ENSG00000224743.8,0.0
ENSG00000224744.1,0.0
ENSG00000224746.3,0.237474
ENSG00000224747.1,0.0
ENSG00000224748.4,0.0
ENSG00000224750.6,0.0
ENSG00000224751.2,0.0
ENSG00000224752.1,0.0
ENSG00000224753.1,0.0
ENSG00000224755.1,0.0
ENSG00000224760.4,0.0
ENSG00000224761.5,0.0
ENSG00000224762.1,0.0
ENSG00000224763.1,0.0
ENSG00000224764.2,0.161186
ENSG00000224765.3,0.0
ENSG00000224769.1,0.0
ENSG00000224770.7,0.0
ENSG00000224771.2,0.0
ENSG00000224773.2,0.0
ENSG00000224774.7,0.0
ENSG00000224775.2,0.0
ENSG00000224776.3,0.0
ENSG00000224777.3,0.0
ENSG00000224778.1,0.0
ENSG00000224781.1,0.0
ENSG00000224783.1,0.0
ENSG00000224784.2,0.0
ENSG00000224785.1,0.0
ENSG00000224786.4,0.0
ENSG00000224788.2,0.0
ENSG00000224789.2,3.187973
ENSG00000224790.4,0.730925
ENSG00000224791.1,0.0
ENSG00000224792.8,0.0
ENSG00000224794.2,0.0
ENSG00000224795.5,0.0
ENSG00000224796.1,1.008725
ENSG00000224797.1,0.0
ENSG00000224799.1,0.0
ENSG00000224800.1,0.0
ENSG00000224801.1,0.0
ENSG00000224802.2,0.0
ENSG00000224805.3,3.563018
ENSG00000224806.2,0.0
ENSG00000224807.6,0.0
ENSG00000224808.2,0.0
ENSG00000224809.2,0.0
ENSG00000224810.1,0.097875
ENSG00000224812.5,0.303978
ENSG00000224814.1,0.0
ENSG00000224815.3,0.0
ENSG00000224816.1,0.0
ENSG00000224817.3,0.0
ENSG00000224818.1,0.0
ENSG00000224820.2,0.0
ENSG00000224821.5,0.0
ENSG00000224822.1,0.0
ENSG00000224825.3,0.0
ENSG00000224826.1,0.132149
ENSG00000224827.1,0.0
ENSG00000224829.3,0.0
ENSG00000224830.2,0.0
ENSG00000224831.3,0.0
ENSG00000224832.2,0.0
ENSG00000224834.1,0.0
ENSG00000224836.1,0.0
ENSG00000224837.1,0.0
ENSG00000224839.1,0.0
ENSG00000224841.9,0.965421
ENSG00000224842.3,0.0
ENSG00000224843.9,0.0
ENSG00000224844.1,0.0
ENSG00000224846.4,1.017603
ENSG00000224848.5,0.15809
ENSG00000224851.3,0.0
ENSG00000224852.1,0.0
ENSG00000224853.4,0.0
ENSG00000224854.4,0.0
ENSG00000224855.5,0.0
ENSG00000224856.2,1.593776
ENSG00000224857.1,0.0
ENSG00000224858.5,1.516364
ENSG00000224859.6,0.0
ENSG00000224860.1,0.0
ENSG00000224861.1,0.931583
ENSG00000224863.3,0.0
ENSG00000224864.4,2.557808
ENSG00000224865.9,0.0
ENSG00000224866.1,0.0
ENSG00000224869.1,0.0
ENSG00000224870.10,15.134941
ENSG00000224875.3,1.4108969999999998
ENSG00000224876.2,0.0
ENSG00000224877.4,13.674057000000001
ENSG00000224879.1,0.0
ENSG00000224880.1,0.0
ENSG00000224881.1,0.0
ENSG00000224883.1,0.0
ENSG00000224885.1,0.0
ENSG00000224886.2,0.0
ENSG00000224887.1,0.0
ENSG00000224888.4,0.051263
ENSG00000224891.1,0.0
ENSG00000224892.7,0.0
ENSG00000224893.7,0.0
ENSG00000224894.1,0.0
ENSG00000224895.1,0.0
ENSG00000224896.2,0.0
ENSG00000224897.10,0.0
ENSG00000224899.2,0.0
ENSG00000224901.1,0.0
ENSG00000224902.6,0.0
ENSG00000224903.2,0.188635
ENSG00000224904.1,0.0
ENSG00000224905.9,0.0
ENSG00000224906.3,0.0
ENSG00000224907.1,0.0
ENSG00000224908.1,0.0
ENSG00000224910.3,4373.309556
ENSG00000224914.5,5.030403
ENSG00000224916.9,0.0
ENSG00000224917.1,0.0
ENSG00000224918.2,0.0
ENSG00000224919.2,0.0
ENSG00000224920.1,0.0
ENSG00000224923.5,0.0
ENSG00000224924.10,0.0
ENSG00000224927.2,0.0
ENSG00000224928.2,0.0
ENSG00000224931.4,0.0
ENSG00000224932.2,0.0
ENSG00000224933.3,0.0
ENSG00000224934.7,1.025921
ENSG00000224935.3,0.0
ENSG00000224936.1,0.0
ENSG00000224939.2,0.0
ENSG00000224940.10,0.262271
ENSG00000224941.6,0.0
ENSG00000224942.1,0.0
ENSG00000224943.2,0.0
ENSG00000224944.3,0.0
ENSG00000224945.1,0.0
ENSG00000224946.1,0.0
ENSG00000224947.1,0.0
ENSG00000224948.1,0.0
ENSG00000224949.2,0.0
ENSG00000224950.2,1.474811
ENSG00000224952.7,12.781114
ENSG00000224953.1,0.0
ENSG00000224955.1,0.0
ENSG00000224957.8,0.484188
ENSG00000224958.7,0.0
ENSG00000224960.5,0.0
ENSG00000224961.4,0.0
ENSG00000224962.4,0.0
ENSG00000224963.4,0.0
ENSG00000224964.1,0.0
ENSG00000224965.2,0.0
ENSG00000224966.4,0.0
ENSG00000224967.1,0.0
ENSG00000224968.5,0.0
ENSG00000224969.1,0.0
ENSG00000224970.3,0.0
ENSG00000224971.1,0.0
ENSG00000224972.1,0.615356
ENSG00000224973.7,0.0
ENSG00000224975.1,4.72291
ENSG00000224976.2,0.0
ENSG00000224977.3,0.0
ENSG00000224978.1,0.0
ENSG00000224979.6,0.0
ENSG00000224980.1,0.0
ENSG00000224981.1,0.0
ENSG00000224982.4,0.0
ENSG00000224984.2,2.918719
ENSG00000224985.2,0.0
ENSG00000224986.2,0.260887
ENSG00000224987.1,0.0
ENSG00000224988.1,1.423608
ENSG00000224989.2,0.0
ENSG00000224992.2,0.268773
ENSG00000224993.3,0.0
ENSG00000224995.2,0.0
ENSG00000224999.1,0.0
ENSG00000225000.1,0.0
ENSG00000225002.2,0.0
ENSG00000225003.1,0.0
ENSG00000225005.1,0.0
ENSG00000225006.1,0.0
ENSG00000225007.2,0.0
ENSG00000225008.1,0.0
ENSG00000225011.4,0.0
ENSG00000225012.5,0.0
ENSG00000225014.1,0.0
ENSG00000225016.1,0.0
ENSG00000225017.1,0.0
ENSG00000225018.1,0.0
ENSG00000225022.1,0.0
ENSG00000225023.1,0.0
ENSG00000225024.1,0.0
ENSG00000225025.2,0.0
ENSG00000225026.1,0.0
ENSG00000225027.2,0.0
ENSG00000225028.1,0.0
ENSG00000225031.1,0.0
ENSG00000225032.5,2.225886
ENSG00000225034.2,0.0
ENSG00000225036.1,0.0
ENSG00000225037.1,0.0
ENSG00000225039.3,0.218024
ENSG00000225043.1,0.0
ENSG00000225044.2,0.0
ENSG00000225045.1,0.0
ENSG00000225046.2,0.0
ENSG00000225050.3,0.0
ENSG00000225051.6,0.0
ENSG00000225053.1,0.0
ENSG00000225055.1,0.0
ENSG00000225056.2,0.0
ENSG00000225057.3,0.0
ENSG00000225062.3,3.1538139999999997
ENSG00000225063.1,0.0
ENSG00000225064.2,0.0
ENSG00000225066.1,0.0
ENSG00000225067.4,0.0
ENSG00000225069.3,0.0
ENSG00000225071.1,0.0
ENSG00000225072.1,0.0
ENSG00000225073.10,120.618431
ENSG00000225075.2,0.0
ENSG00000225076.1,0.0
ENSG00000225077.4,0.0
ENSG00000225078.2,0.0
ENSG00000225079.2,0.0
ENSG00000225080.1,0.0
ENSG00000225082.2,0.0
ENSG00000225083.3,0.0
ENSG00000225084.2,0.0
ENSG00000225086.1,0.829243
ENSG00000225087.3,0.0
ENSG00000225091.3,0.0
ENSG00000225092.2,0.0
ENSG00000225093.1,0.0
ENSG00000225094.3,0.0
ENSG00000225096.4,0.0
ENSG00000225098.1,0.0
ENSG00000225099.1,0.0
ENSG00000225100.2,0.0
ENSG00000225101.8,16.58173
ENSG00000225102.3,0.0
ENSG00000225103.3,0.0
ENSG00000225105.3,0.0
ENSG00000225106.2,0.0
ENSG00000225107.2,0.0
ENSG00000225108.1,0.0
ENSG00000225110.3,0.071655
ENSG00000225111.4,0.0
ENSG00000225112.2,0.0
ENSG00000225113.1,0.0
ENSG00000225114.1,0.0
ENSG00000225116.1,0.0
ENSG00000225117.2,0.0
ENSG00000225118.1,0.0
ENSG00000225121.2,0.0
ENSG00000225122.1,0.0
ENSG00000225123.2,0.0
ENSG00000225124.1,0.0
ENSG00000225125.2,0.0
ENSG00000225126.2,0.0
ENSG00000225127.6,0.102953
ENSG00000225128.2,0.0
ENSG00000225129.1,0.0
ENSG00000225130.9,0.0
ENSG00000225131.2,0.43785
ENSG00000225132.10,0.0
ENSG00000225133.1,0.0
ENSG00000225136.1,0.0
ENSG00000225137.1,0.0
ENSG00000225138.8,4.766618
ENSG00000225140.3,0.0
ENSG00000225141.9,0.0
ENSG00000225142.2,0.0
ENSG00000225144.3,0.0
ENSG00000225146.1,0.0
ENSG00000225147.1,0.0
ENSG00000225148.2,0.0
ENSG00000225151.11,0.0
ENSG00000225152.1,0.0
ENSG00000225154.2,0.0
ENSG00000225155.4,0.0
ENSG00000225156.3,0.0
ENSG00000225158.2,0.0
ENSG00000225159.1,0.0
ENSG00000225164.9,3.051263
ENSG00000225165.3,0.0
ENSG00000225166.3,0.0
ENSG00000225167.1,0.0
ENSG00000225169.1,0.0
ENSG00000225170.2,0.0
ENSG00000225171.2,0.0
ENSG00000225172.6,0.0
ENSG00000225173.3,0.0
ENSG00000225174.2,0.0
ENSG00000225175.1,0.0
ENSG00000225176.2,0.0
ENSG00000225177.7,4.710927
ENSG00000225179.2,0.0
ENSG00000225180.8,0.0
ENSG00000225181.1,0.0
ENSG00000225182.1,0.0
ENSG00000225183.1,0.0
ENSG00000225185.3,11.785756
ENSG00000225187.1,0.0
ENSG00000225189.1,0.0
ENSG00000225190.12,1.953322
ENSG00000225191.1,0.0
ENSG00000225192.1,0.0
ENSG00000225193.5,0.0
ENSG00000225194.5,0.48671600000000004
ENSG00000225195.2,0.0
ENSG00000225196.2,0.0
ENSG00000225198.1,0.0
ENSG00000225200.2,0.0
ENSG00000225203.2,0.0
ENSG00000225206.13,0.0
ENSG00000225208.2,0.342476
ENSG00000225209.3,0.0
ENSG00000225210.11,0.0
ENSG00000225211.6,0.0
ENSG00000225212.4,0.0
ENSG00000225213.2,0.0
ENSG00000225214.2,0.0
ENSG00000225215.1,0.0
ENSG00000225216.6,0.0
ENSG00000225217.1,34.969442
ENSG00000225218.1,0.0
ENSG00000225221.1,0.0
ENSG00000225222.2,0.0
ENSG00000225224.1,0.0
ENSG00000225225.1,0.0
ENSG00000225226.3,0.196946
ENSG00000225228.2,0.0
ENSG00000225230.1,0.0
ENSG00000225231.3,0.0
ENSG00000225233.3,0.0
ENSG00000225234.1,0.0
ENSG00000225235.2,0.0
ENSG00000225236.1,0.0
ENSG00000225237.1,0.0
ENSG00000225238.1,0.0
ENSG00000225239.1,0.0
ENSG00000225240.1,0.0
ENSG00000225242.2,0.0
ENSG00000225243.6,0.476919
ENSG00000225244.3,0.0
ENSG00000225246.1,0.0
ENSG00000225247.4,0.0
ENSG00000225249.7,0.0
ENSG00000225251.1,0.0
ENSG00000225253.1,0.0
ENSG00000225254.2,0.0
ENSG00000225255.7,0.0
ENSG00000225256.1,0.0
ENSG00000225258.1,0.0
ENSG00000225259.4,0.0
ENSG00000225263.2,0.0
ENSG00000225264.4,0.0
ENSG00000225265.3,0.396566
ENSG00000225267.1,0.0
ENSG00000225269.4,0.0
ENSG00000225270.1,0.0
ENSG00000225271.1,0.0
ENSG00000225272.2,0.0
ENSG00000225274.1,0.0
ENSG00000225275.4,0.0
ENSG00000225276.1,0.0
ENSG00000225279.3,0.0
ENSG00000225280.8,0.0
ENSG00000225282.1,0.0
ENSG00000225284.1,0.620484
ENSG00000225285.2,0.0
ENSG00000225286.1,0.0
ENSG00000225287.1,0.0
ENSG00000225289.1,0.0
ENSG00000225291.4,0.0
ENSG00000225292.3,0.0
ENSG00000225293.1,0.0
ENSG00000225294.1,0.0
ENSG00000225295.1,0.0
ENSG00000225297.1,0.0
ENSG00000225298.6,0.0
ENSG00000225299.1,0.0
ENSG00000225300.1,0.0
ENSG00000225303.2,0.0
ENSG00000225304.1,0.0
ENSG00000225308.2,0.0
ENSG00000225310.1,0.0
ENSG00000225311.1,0.0
ENSG00000225313.6,0.0
ENSG00000225314.1,0.0
ENSG00000225315.3,0.0
ENSG00000225316.4,0.0
ENSG00000225321.3,0.0
ENSG00000225323.1,0.0
ENSG00000225325.1,0.0
ENSG00000225326.1,0.0
ENSG00000225327.3,0.0
ENSG00000225328.2,0.0
ENSG00000225330.1,0.0
ENSG00000225331.3,6.573211
ENSG00000225333.6,0.0
ENSG00000225334.4,0.0
ENSG00000225335.4,0.204579
ENSG00000225336.2,0.0
ENSG00000225337.1,0.0
ENSG00000225338.1,0.0
ENSG00000225339.5,1.257773
ENSG00000225341.1,0.0
ENSG00000225342.3,5.429876999999999
ENSG00000225343.1,0.0
ENSG00000225344.1,0.0
ENSG00000225345.4,0.0
ENSG00000225347.1,0.0
ENSG00000225349.2,0.0
ENSG00000225350.1,0.0
ENSG00000225351.4,0.0
ENSG00000225352.1,0.0
ENSG00000225354.1,0.0
ENSG00000225355.1,0.0
ENSG00000225356.3,0.0
ENSG00000225357.3,0.0
ENSG00000225358.1,0.0
ENSG00000225359.2,0.0
ENSG00000225360.1,0.0
ENSG00000225361.5,0.563434
ENSG00000225362.11,0.0
ENSG00000225364.1,0.0
ENSG00000225365.1,0.0
ENSG00000225366.6,0.0
ENSG00000225369.1,0.0
ENSG00000225370.1,0.574135
ENSG00000225371.1,0.0
ENSG00000225376.7,0.0
ENSG00000225377.7,0.907542
ENSG00000225378.1,0.0
ENSG00000225380.4,0.0
ENSG00000225381.2,0.0
ENSG00000225382.1,0.33728
ENSG00000225383.9,1.0
ENSG00000225384.1,0.0
ENSG00000225385.3,0.0
ENSG00000225386.3,0.0
ENSG00000225387.1,0.0
ENSG00000225391.5,0.0
ENSG00000225392.1,0.0
ENSG00000225394.1,0.0
ENSG00000225396.6,0.854336
ENSG00000225397.1,0.0
ENSG00000225398.3,0.0
ENSG00000225399.4,0.0
ENSG00000225400.1,0.0
ENSG00000225401.2,0.0
ENSG00000225402.1,0.0
ENSG00000225404.2,0.0
ENSG00000225405.3,0.0
ENSG00000225406.1,0.0
ENSG00000225407.3,0.0
ENSG00000225408.1,0.0
ENSG00000225411.4,15.823853
ENSG00000225412.7,0.0
ENSG00000225413.2,0.0
ENSG00000225415.2,0.0
ENSG00000225416.1,0.0
ENSG00000225417.2,0.0
ENSG00000225418.1,0.0
ENSG00000225419.1,0.0
ENSG00000225420.2,0.0
ENSG00000225421.3,0.0
ENSG00000225422.4,0.0
ENSG00000225423.1,0.0
ENSG00000225424.2,0.0
ENSG00000225426.5,0.0
ENSG00000225427.3,0.0
ENSG00000225428.1,0.0
ENSG00000225429.1,0.0
ENSG00000225431.2,0.0
ENSG00000225432.1,0.0
ENSG00000225433.3,0.0
ENSG00000225434.6,3.124175
ENSG00000225437.6,0.0
ENSG00000225438.1,0.0
ENSG00000225439.5,0.133579
ENSG00000225442.2,0.0
ENSG00000225443.1,0.0
ENSG00000225444.2,0.0
ENSG00000225446.4,0.0
ENSG00000225447.1,0.0
ENSG00000225448.1,0.0
ENSG00000225449.4,0.0
ENSG00000225450.1,3.602422
ENSG00000225451.1,0.0
ENSG00000225453.4,0.0
ENSG00000225454.2,0.0
ENSG00000225455.3,0.0
ENSG00000225457.2,0.0
ENSG00000225458.2,0.0
ENSG00000225460.1,0.0
ENSG00000225462.1,0.0
ENSG00000225463.1,0.0
ENSG00000225465.11,0.495843
ENSG00000225466.1,0.0
ENSG00000225469.3,0.0
ENSG00000225470.10,20.852705
ENSG00000225471.5,0.0
ENSG00000225472.3,0.0
ENSG00000225473.2,0.0
ENSG00000225475.1,0.0
ENSG00000225476.1,0.0
ENSG00000225477.3,0.0
ENSG00000225478.2,0.0
ENSG00000225479.2,0.0
ENSG00000225480.1,0.0
ENSG00000225482.1,0.0
ENSG00000225483.1,0.0
ENSG00000225484.8,9.688984
ENSG00000225486.1,0.0
ENSG00000225487.2,0.0
ENSG00000225488.4,0.0
ENSG00000225491.1,0.0
ENSG00000225492.7,0.494239
ENSG00000225493.2,0.0
ENSG00000225496.1,0.0
ENSG00000225497.6,0.0
ENSG00000225498.1,0.0
ENSG00000225499.1,0.0
ENSG00000225501.1,0.0
ENSG00000225502.2,0.0
ENSG00000225505.1,0.0
ENSG00000225506.3,0.304899
ENSG00000225507.1,0.0
ENSG00000225508.1,0.0
ENSG00000225509.1,0.0
ENSG00000225510.3,0.0
ENSG00000225511.8,0.0
ENSG00000225512.1,0.0
ENSG00000225513.1,0.0
ENSG00000225514.1,0.0
ENSG00000225518.4,0.0
ENSG00000225519.2,0.0
ENSG00000225521.2,0.0
ENSG00000225522.2,0.0
ENSG00000225523.2,3.039425
ENSG00000225526.6,0.0
ENSG00000225528.4,0.506322
ENSG00000225530.1,0.0
ENSG00000225531.1,0.0
ENSG00000225532.2,0.0
ENSG00000225533.1,0.0
ENSG00000225535.7,0.515614
ENSG00000225536.2,0.0
ENSG00000225537.1,0.0
ENSG00000225538.3,0.0
ENSG00000225539.10,0.194807
ENSG00000225542.2,0.0
ENSG00000225543.2,0.0
ENSG00000225544.1,0.0
ENSG00000225545.1,0.0
ENSG00000225546.7,0.0
ENSG00000225548.8,0.2944
ENSG00000225549.4,0.0
ENSG00000225550.4,0.0
ENSG00000225551.1,0.0
ENSG00000225552.2,0.0
ENSG00000225553.7,68.126645
ENSG00000225555.3,0.0
ENSG00000225556.2,0.169935
ENSG00000225557.1,0.0
ENSG00000225558.1,0.0
ENSG00000225559.2,0.0
ENSG00000225560.7,0.0
ENSG00000225561.2,0.0
ENSG00000225563.2,0.0
ENSG00000225564.7,0.0
ENSG00000225567.1,0.0
ENSG00000225568.1,0.0
ENSG00000225569.1,0.0
ENSG00000225570.1,0.0
ENSG00000225571.1,0.0
ENSG00000225572.1,0.0
ENSG00000225573.4,0.0
ENSG00000225574.1,0.0
ENSG00000225578.1,0.0
ENSG00000225579.3,0.34621
ENSG00000225580.2,0.0
ENSG00000225581.3,0.0
ENSG00000225582.3,0.0
ENSG00000225583.1,0.0
ENSG00000225585.1,0.0
ENSG00000225588.2,0.0
ENSG00000225590.9,0.0
ENSG00000225591.2,0.0
ENSG00000225592.1,0.0
ENSG00000225594.1,0.0
ENSG00000225595.3,0.0
ENSG00000225598.1,0.0
ENSG00000225602.5,0.0
ENSG00000225603.3,0.0
ENSG00000225605.4,0.0
ENSG00000225606.2,0.0
ENSG00000225609.1,0.0
ENSG00000225610.1,0.0
ENSG00000225611.4,4.437789
ENSG00000225612.2,0.0
ENSG00000225613.2,0.0
ENSG00000225614.4,0.051251
ENSG00000225615.1,0.0
ENSG00000225616.2,0.0
ENSG00000225619.1,0.0
ENSG00000225620.1,0.0
ENSG00000225622.1,0.0
ENSG00000225623.1,0.0
ENSG00000225624.1,0.0
ENSG00000225625.4,0.0
ENSG00000225626.5,0.0
ENSG00000225630.1,10.468829
ENSG00000225632.2,0.724811
ENSG00000225636.1,0.0
ENSG00000225637.2,0.0
ENSG00000225638.1,0.0
ENSG00000225639.1,0.0
ENSG00000225642.1,0.0
ENSG00000225644.1,0.0
ENSG00000225647.3,0.0
ENSG00000225648.8,0.0
ENSG00000225649.8,0.0
ENSG00000225650.2,0.0
ENSG00000225652.2,0.0
ENSG00000225653.1,0.0
ENSG00000225656.2,0.71239
ENSG00000225657.3,0.0
ENSG00000225658.1,0.0
ENSG00000225660.1,0.0
ENSG00000225661.7,0.0
ENSG00000225662.2,0.0
ENSG00000225663.8,90.688113
ENSG00000225664.3,0.0
ENSG00000225665.4,0.0
ENSG00000225669.1,0.0
ENSG00000225670.5,0.0
ENSG00000225671.2,0.0
ENSG00000225672.1,0.0
ENSG00000225673.3,0.0
ENSG00000225674.1,0.0
ENSG00000225675.3,0.0
ENSG00000225676.3,0.0
ENSG00000225678.3,0.0
ENSG00000225680.2,0.0
ENSG00000225681.2,0.0
ENSG00000225682.6,5.4004829999999995
ENSG00000225683.6,0.0
ENSG00000225684.5,0.0
ENSG00000225685.2,0.0
ENSG00000225689.3,0.0
ENSG00000225690.1,0.0
ENSG00000225691.7,4.068596
ENSG00000225693.1,0.759506
ENSG00000225695.1,0.0
ENSG00000225697.13,16.598537
ENSG00000225698.4,0.0
ENSG00000225701.1,0.0
ENSG00000225703.2,0.0
ENSG00000225705.2,0.0
ENSG00000225706.4,0.0
ENSG00000225708.7,0.0
ENSG00000225710.1,0.0
ENSG00000225711.1,0.0
ENSG00000225712.1,0.0
ENSG00000225713.5,0.0
ENSG00000225714.1,0.0
ENSG00000225715.1,0.0
ENSG00000225716.1,0.0
ENSG00000225718.3,0.0
ENSG00000225719.2,0.0
ENSG00000225720.8,0.0
ENSG00000225721.5,0.0
ENSG00000225722.1,0.0
ENSG00000225723.1,0.0
ENSG00000225724.1,0.0
ENSG00000225725.5,0.0
ENSG00000225726.1,0.0
ENSG00000225727.4,0.0
ENSG00000225728.2,0.0
ENSG00000225730.1,0.0
ENSG00000225731.2,0.0
ENSG00000225732.1,0.0
ENSG00000225733.8,17.935857000000002
ENSG00000225735.1,0.0
ENSG00000225737.9,11.314878
ENSG00000225738.3,0.0
ENSG00000225739.1,0.0
ENSG00000225740.1,0.0
ENSG00000225741.1,0.0
ENSG00000225744.2,0.0
ENSG00000225746.15,0.8602240000000001
ENSG00000225748.9,31.033641
ENSG00000225750.1,0.0
ENSG00000225751.2,0.0
ENSG00000225752.2,0.0
ENSG00000225755.2,0.0
ENSG00000225756.1,1.826606
ENSG00000225758.1,0.0
ENSG00000225759.1,0.0
ENSG00000225760.3,0.0
ENSG00000225761.1,0.884267
ENSG00000225762.2,0.0
ENSG00000225764.4,0.952826
ENSG00000225765.4,0.0
ENSG00000225766.13,0.0
ENSG00000225767.2,0.0
ENSG00000225768.1,0.0
ENSG00000225769.1,0.0
ENSG00000225770.1,0.0
ENSG00000225774.2,0.0
ENSG00000225775.2,0.0
ENSG00000225777.1,0.0
ENSG00000225778.6,0.0
ENSG00000225779.1,1.217789
ENSG00000225781.2,0.0
ENSG00000225783.10,5.564777
ENSG00000225785.1,0.0
ENSG00000225787.1,0.0
ENSG00000225791.8,0.246508
ENSG00000225792.4,0.0
ENSG00000225793.6,1.195009
ENSG00000225794.4,0.0
ENSG00000225795.1,0.0
ENSG00000225796.2,0.0
ENSG00000225797.2,0.0
ENSG00000225798.1,0.0
ENSG00000225801.1,0.0
ENSG00000225802.3,0.0
ENSG00000225803.1,0.0
ENSG00000225805.4,0.0
ENSG00000225806.9,0.0
ENSG00000225807.3,0.0
ENSG00000225808.1,0.0
ENSG00000225809.1,0.0
ENSG00000225811.1,0.0
ENSG00000225813.1,0.0
ENSG00000225814.1,0.0
ENSG00000225815.3,0.0
ENSG00000225816.1,0.0
ENSG00000225818.2,0.0
ENSG00000225819.1,0.0
ENSG00000225822.5,0.0
ENSG00000225823.1,0.0
ENSG00000225824.8,0.154047
ENSG00000225825.1,0.0
ENSG00000225826.2,0.0
ENSG00000225827.1,0.0
ENSG00000225828.2,11.428893
ENSG00000225830.16,3.447628
ENSG00000225831.1,0.0
ENSG00000225832.1,0.0
ENSG00000225833.2,0.0
ENSG00000225834.1,0.0
ENSG00000225838.1,0.0
ENSG00000225839.2,0.0
ENSG00000225840.2,5.90586
ENSG00000225842.1,0.0
ENSG00000225843.1,0.0
ENSG00000225846.4,0.0
ENSG00000225849.3,0.0
ENSG00000225850.5,4.2181630000000006
ENSG00000225851.1,0.0
ENSG00000225854.2,0.0
ENSG00000225855.8,0.772082
ENSG00000225856.2,0.0
ENSG00000225857.5,0.0
ENSG00000225858.1,0.0
ENSG00000225859.10,0.0
ENSG00000225864.1,0.069548
ENSG00000225867.3,0.0
ENSG00000225868.8,0.0
ENSG00000225869.4,0.0
ENSG00000225870.2,0.0
ENSG00000225871.2,0.0
ENSG00000225872.7,0.0
ENSG00000225873.5,12.376283
ENSG00000225876.1,0.0
ENSG00000225877.4,0.0
ENSG00000225878.1,0.0
ENSG00000225879.3,0.0
ENSG00000225880.7,242.045664
ENSG00000225881.3,0.0
ENSG00000225882.2,0.0
ENSG00000225883.2,0.0
ENSG00000225884.4,0.0
ENSG00000225885.8,0.0
ENSG00000225886.3,0.0
ENSG00000225888.1,0.0
ENSG00000225889.11,127.97113900000001
ENSG00000225890.10,0.0
ENSG00000225891.3,0.0
ENSG00000225893.1,0.0
ENSG00000225895.1,0.0
ENSG00000225896.1,0.0
ENSG00000225898.1,0.0
ENSG00000225899.8,0.0
ENSG00000225900.1,0.0
ENSG00000225901.1,0.0
ENSG00000225903.1,0.0
ENSG00000225904.1,0.0
ENSG00000225905.2,0.0
ENSG00000225906.1,0.0
ENSG00000225907.1,0.0
ENSG00000225911.1,0.0
ENSG00000225912.1,0.0
ENSG00000225913.3,0.0
ENSG00000225914.6,0.834408
ENSG00000225918.1,0.0
ENSG00000225919.2,0.0
ENSG00000225920.2,0.0
ENSG00000225921.7,20.530927
ENSG00000225922.1,0.0
ENSG00000225923.1,0.0
ENSG00000225924.3,0.0
ENSG00000225925.1,0.0
ENSG00000225928.2,0.0
ENSG00000225929.2,0.0
ENSG00000225930.5,0.155764
ENSG00000225931.3,0.436014
ENSG00000225933.1,0.0
ENSG00000225934.2,0.0
ENSG00000225935.1,0.0
ENSG00000225936.3,3.482512
ENSG00000225937.3,0.905827
ENSG00000225938.4,0.664188
ENSG00000225940.8,2.6776299999999997
ENSG00000225942.2,0.0
ENSG00000225943.1,0.0
ENSG00000225944.1,0.0
ENSG00000225945.2,0.417418
ENSG00000225947.1,0.0
ENSG00000225948.3,0.813778
ENSG00000225949.1,0.0
ENSG00000225950.9,0.0
ENSG00000225951.2,0.0
ENSG00000225952.1,0.0
ENSG00000225953.6,0.0
ENSG00000225954.1,0.0
ENSG00000225956.1,0.0
ENSG00000225957.1,0.0
ENSG00000225959.1,0.0
ENSG00000225960.2,0.0
ENSG00000225963.9,0.50288
ENSG00000225964.6,6.649778
ENSG00000225965.1,0.0
ENSG00000225967.9,0.0
ENSG00000225968.8,0.0
ENSG00000225969.4,0.0
ENSG00000225970.2,0.0
ENSG00000225971.1,0.0
ENSG00000225972.1,24.255547
ENSG00000225973.4,3.414372
ENSG00000225974.1,0.0
ENSG00000225975.9,0.42102500000000004
ENSG00000225976.5,0.0
ENSG00000225978.4,2.625094
ENSG00000225979.2,1.122231
ENSG00000225980.5,0.0
ENSG00000225981.4,0.0
ENSG00000225982.2,0.0
ENSG00000225984.1,0.0
ENSG00000225987.7,0.0
ENSG00000225988.2,0.0
ENSG00000225989.9,0.0
ENSG00000225990.2,0.0
ENSG00000225991.1,0.0
ENSG00000225992.1,2.043795
ENSG00000225997.1,0.0
ENSG00000225999.1,0.0
ENSG00000226002.1,0.0
ENSG00000226003.2,0.0
ENSG00000226004.3,0.898589
ENSG00000226005.7,0.271068
ENSG00000226007.4,0.0
ENSG00000226009.4,0.337792
ENSG00000226010.1,0.0
ENSG00000226011.1,0.0
ENSG00000226012.1,2.014208
ENSG00000226013.1,0.0
ENSG00000226014.1,0.0
ENSG00000226015.2,0.151724
ENSG00000226016.1,0.0
ENSG00000226017.2,0.289675
ENSG00000226020.4,0.0
ENSG00000226022.2,0.0
ENSG00000226023.6,0.0
ENSG00000226024.1,0.0
ENSG00000226025.12,0.0
ENSG00000226026.8,1.308929
ENSG00000226027.1,0.0
ENSG00000226028.2,0.0
ENSG00000226029.1,0.582443
ENSG00000226030.1,0.0
ENSG00000226031.6,0.0
ENSG00000226033.11,0.0
ENSG00000226034.2,0.0
ENSG00000226036.1,0.0
ENSG00000226037.1,0.0
ENSG00000226038.5,5.194333
ENSG00000226040.3,0.0
ENSG00000226041.2,0.0
ENSG00000226042.1,0.0
ENSG00000226043.3,0.0
ENSG00000226045.1,0.0
ENSG00000226046.1,0.0
ENSG00000226047.1,0.0
ENSG00000226048.1,0.0
ENSG00000226049.3,0.0
ENSG00000226050.3,0.0
ENSG00000226051.11,0.0
ENSG00000226053.2,0.0
ENSG00000226054.2,0.0
ENSG00000226055.2,0.0
ENSG00000226056.1,0.0
ENSG00000226057.8,0.0
ENSG00000226058.1,0.0
ENSG00000226059.2,0.0
ENSG00000226061.1,0.0
ENSG00000226063.1,0.0
ENSG00000226064.1,0.0
ENSG00000226065.1,0.0
ENSG00000226066.1,0.0
ENSG00000226067.8,42.354763
ENSG00000226068.1,0.0
ENSG00000226070.3,0.0
ENSG00000226072.1,0.0
ENSG00000226074.6,0.0
ENSG00000226075.2,0.0
ENSG00000226080.1,0.0
ENSG00000226081.2,0.0
ENSG00000226082.2,0.0
ENSG00000226083.5,0.0
ENSG00000226084.5,0.0
ENSG00000226085.3,0.0
ENSG00000226086.5,0.0
ENSG00000226087.5,0.915655
ENSG00000226088.2,0.0
ENSG00000226089.3,0.0
ENSG00000226091.8,93.183009
ENSG00000226092.4,0.0
ENSG00000226093.1,0.0
ENSG00000226094.1,0.0
ENSG00000226096.1,0.0
ENSG00000226097.7,0.0
ENSG00000226098.4,0.0
ENSG00000226101.2,0.0
ENSG00000226102.3,0.0
ENSG00000226107.1,0.0
ENSG00000226108.2,0.0
ENSG00000226109.1,0.0
ENSG00000226110.2,0.0
ENSG00000226112.1,0.0
ENSG00000226113.1,0.0
ENSG00000226114.1,0.0
ENSG00000226115.2,0.0
ENSG00000226116.1,0.0
ENSG00000226117.1,0.0
ENSG00000226118.1,0.0
ENSG00000226119.1,0.0
ENSG00000226121.2,0.0
ENSG00000226122.1,0.0
ENSG00000226124.10,0.879948
ENSG00000226125.3,0.091963
ENSG00000226126.2,0.0
ENSG00000226127.7,0.0
ENSG00000226128.1,0.0
ENSG00000226130.1,0.0
ENSG00000226131.1,0.0
ENSG00000226132.1,0.0
ENSG00000226133.6,0.0
ENSG00000226134.1,0.0
ENSG00000226137.6,8.659851999999999
ENSG00000226138.4,0.0
ENSG00000226139.1,0.0
ENSG00000226140.7,0.0
ENSG00000226141.1,0.0
ENSG00000226142.2,0.0
ENSG00000226143.1,0.0
ENSG00000226144.2,0.0
ENSG00000226145.8,0.0
ENSG00000226147.1,1.339209
ENSG00000226148.1,0.0
ENSG00000226149.7,0.0
ENSG00000226153.1,0.0
ENSG00000226156.1,0.0
ENSG00000226157.1,0.0
ENSG00000226158.1,0.0
ENSG00000226159.3,0.0
ENSG00000226160.1,0.0
ENSG00000226161.1,0.0
ENSG00000226163.1,0.0
ENSG00000226164.2,0.0
ENSG00000226165.9,0.0
ENSG00000226166.2,0.0
ENSG00000226167.2,0.432442
ENSG00000226168.1,0.0
ENSG00000226169.1,0.0
ENSG00000226171.6,0.0
ENSG00000226172.3,0.0
ENSG00000226173.4,3.335752
ENSG00000226174.7,1.008674
ENSG00000226175.1,0.0
ENSG00000226179.6,10.284673
ENSG00000226180.3,0.367549
ENSG00000226181.1,0.0
ENSG00000226182.8,25.394855
ENSG00000226183.1,0.0
ENSG00000226185.2,0.0
ENSG00000226186.1,0.0
ENSG00000226188.2,0.0
ENSG00000226191.3,0.0
ENSG00000226193.2,0.0
ENSG00000226194.7,0.0
ENSG00000226196.1,0.0
ENSG00000226197.5,0.0
ENSG00000226199.1,0.0
ENSG00000226200.8,0.44312799999999997
ENSG00000226203.3,0.0
ENSG00000226204.1,0.0
ENSG00000226205.1,0.0
ENSG00000226206.2,0.0
ENSG00000226207.1,0.0
ENSG00000226208.2,0.0
ENSG00000226209.1,0.0
ENSG00000226210.3,0.0
ENSG00000226211.1,0.0
ENSG00000226212.2,0.0
ENSG00000226213.1,0.0
ENSG00000226216.1,0.0
ENSG00000226217.1,0.0
ENSG00000226218.1,0.0
ENSG00000226220.1,0.0
ENSG00000226221.1,0.0
ENSG00000226222.3,0.0
ENSG00000226223.1,0.0
ENSG00000226226.1,0.0
ENSG00000226229.2,0.0
ENSG00000226230.1,0.0
ENSG00000226232.9,2.168046
ENSG00000226233.1,0.0
ENSG00000226234.2,0.0
ENSG00000226235.2,0.0
ENSG00000226237.5,0.0
ENSG00000226238.1,0.0
ENSG00000226239.2,0.550602
ENSG00000226241.2,0.0
ENSG00000226242.1,0.0
ENSG00000226243.1,0.0
ENSG00000226245.1,0.0
ENSG00000226246.1,0.0
ENSG00000226247.1,0.0
ENSG00000226248.6,0.0
ENSG00000226249.2,0.0
ENSG00000226250.3,0.0
ENSG00000226251.9,1.4636900000000002
ENSG00000226252.1,0.0
ENSG00000226253.1,0.0
ENSG00000226254.1,0.0
ENSG00000226255.1,0.0
ENSG00000226257.9,1.6996040000000001
ENSG00000226258.8,0.0
ENSG00000226259.11,1.628639
ENSG00000226260.9,29.012862
ENSG00000226261.1,0.0
ENSG00000226262.1,0.0
ENSG00000226263.2,0.0
ENSG00000226264.10,120.370075
ENSG00000226266.9,0.955889
ENSG00000226267.1,0.0
ENSG00000226268.3,0.0
ENSG00000226270.3,0.0
ENSG00000226271.1,0.0
ENSG00000226272.6,0.0
ENSG00000226273.2,0.0
ENSG00000226276.1,0.0
ENSG00000226278.1,0.0
ENSG00000226279.2,0.0
ENSG00000226280.2,0.0
ENSG00000226281.7,8.726754
ENSG00000226284.1,0.0
ENSG00000226285.1,0.0
ENSG00000226286.1,0.0
ENSG00000226287.10,0.0
ENSG00000226288.3,0.0
ENSG00000226289.1,0.0
ENSG00000226291.1,0.0
ENSG00000226292.1,0.0
ENSG00000226296.1,0.0
ENSG00000226297.1,0.0
ENSG00000226298.1,0.0
ENSG00000226299.2,0.0
ENSG00000226301.3,0.0
ENSG00000226302.1,0.0
ENSG00000226304.2,0.0
ENSG00000226306.9,0.0
ENSG00000226307.1,0.0
ENSG00000226308.3,0.0
ENSG00000226309.1,0.0
ENSG00000226310.3,1.240374
ENSG00000226312.7,0.440109
ENSG00000226313.1,0.0
ENSG00000226314.9,0.0
ENSG00000226317.3,0.0
ENSG00000226318.1,0.778505
ENSG00000226320.7,0.0
ENSG00000226321.6,0.085854
ENSG00000226323.1,0.0
ENSG00000226324.1,0.0
ENSG00000226327.3,0.0
ENSG00000226328.9,27.317252999999997
ENSG00000226329.2,0.0
ENSG00000226330.2,0.0
ENSG00000226331.1,0.0
ENSG00000226332.2,0.0
ENSG00000226334.2,0.0
ENSG00000226336.2,0.0
ENSG00000226337.4,1.337987
ENSG00000226338.1,0.0
ENSG00000226339.1,0.0
ENSG00000226340.1,0.0
ENSG00000226341.1,0.0
ENSG00000226342.1,0.0
ENSG00000226343.1,0.0
ENSG00000226344.1,0.0
ENSG00000226345.1,0.0
ENSG00000226348.1,0.0
ENSG00000226349.2,0.0
ENSG00000226352.2,0.0
ENSG00000226353.1,0.0
ENSG00000226355.2,0.0
ENSG00000226356.2,0.592455
ENSG00000226358.1,0.0
ENSG00000226359.1,0.0
ENSG00000226360.5,0.0
ENSG00000226361.5,0.0
ENSG00000226363.5,0.0
ENSG00000226364.2,0.0
ENSG00000226366.1,0.0
ENSG00000226367.6,0.0
ENSG00000226369.1,0.0
ENSG00000226370.2,0.0
ENSG00000226372.4,0.0
ENSG00000226374.4,0.0
ENSG00000226375.1,0.0
ENSG00000226378.8,0.370635
ENSG00000226383.8,0.378584
ENSG00000226384.10,2.109299
ENSG00000226386.2,0.0
ENSG00000226387.3,0.0
ENSG00000226388.1,0.0
ENSG00000226389.3,0.0
ENSG00000226390.1,0.0
ENSG00000226392.1,0.0
ENSG00000226393.1,0.0
ENSG00000226394.2,0.0
ENSG00000226395.1,0.0
ENSG00000226396.1,6.733246
ENSG00000226397.8,0.0
ENSG00000226398.2,0.0
ENSG00000226400.2,0.0
ENSG00000226401.3,0.0
ENSG00000226402.8,0.0
ENSG00000226405.1,0.0
ENSG00000226406.1,0.0
ENSG00000226407.1,0.0
ENSG00000226408.1,0.0
ENSG00000226409.4,0.0
ENSG00000226410.1,0.0
ENSG00000226411.1,0.0
ENSG00000226412.1,0.0
ENSG00000226413.2,0.0
ENSG00000226414.1,0.0
ENSG00000226415.1,0.0
ENSG00000226416.4,0.0
ENSG00000226419.10,2.814016
ENSG00000226420.1,0.0
ENSG00000226421.1,0.0
ENSG00000226422.1,0.0
ENSG00000226423.2,0.0
ENSG00000226425.2,0.0
ENSG00000226426.2,0.0
ENSG00000226427.1,0.0
ENSG00000226428.1,0.0
ENSG00000226429.2,0.0
ENSG00000226430.7,0.0
ENSG00000226431.2,0.0
ENSG00000226432.3,0.0
ENSG00000226433.3,0.0
ENSG00000226435.13,0.0
ENSG00000226436.1,0.0
ENSG00000226437.10,0.0
ENSG00000226438.1,0.0
ENSG00000226439.3,0.0
ENSG00000226440.7,0.0
ENSG00000226441.3,0.0
ENSG00000226442.2,0.0
ENSG00000226443.3,0.0
ENSG00000226444.2,0.0
ENSG00000226445.3,0.376536
ENSG00000226446.1,0.0
ENSG00000226447.2,0.0
ENSG00000226448.1,0.0
ENSG00000226449.1,0.0
ENSG00000226450.2,0.0
ENSG00000226453.5,0.0
ENSG00000226454.4,0.0
ENSG00000226455.1,0.0
ENSG00000226457.1,0.0
ENSG00000226461.3,0.0
ENSG00000226463.1,0.0
ENSG00000226465.6,0.974102
ENSG00000226466.2,0.0
ENSG00000226467.9,24.085641
ENSG00000226468.2,0.0
ENSG00000226469.1,0.0
ENSG00000226470.1,0.0
ENSG00000226471.8,8.916067
ENSG00000226472.9,0.0
ENSG00000226473.2,0.0
ENSG00000226474.1,0.0
ENSG00000226476.8,0.367988
ENSG00000226477.1,0.0
ENSG00000226478.3,0.0
ENSG00000226479.4,5.973332
ENSG00000226480.1,0.0
ENSG00000226481.3,0.0
ENSG00000226482.1,0.0
ENSG00000226483.2,0.0
ENSG00000226484.2,0.0
ENSG00000226485.1,0.0
ENSG00000226486.2,0.0
ENSG00000226487.1,0.0
ENSG00000226488.3,0.0
ENSG00000226489.1,0.0
ENSG00000226490.2,0.0
ENSG00000226491.1,0.0
ENSG00000226492.7,0.0
ENSG00000226493.1,0.0
ENSG00000226496.4,0.0
ENSG00000226497.1,0.0
ENSG00000226498.2,0.0
ENSG00000226499.1,0.0
ENSG00000226500.2,0.0
ENSG00000226501.3,0.0
ENSG00000226502.2,0.0
ENSG00000226504.1,0.0
ENSG00000226506.7,0.0
ENSG00000226507.1,0.0
ENSG00000226508.2,0.7136
ENSG00000226509.1,0.0
ENSG00000226510.3,0.385205
ENSG00000226515.1,0.0
ENSG00000226516.8,0.0
ENSG00000226517.1,0.0
ENSG00000226519.5,0.0
ENSG00000226520.1,0.0
ENSG00000226521.8,0.0
ENSG00000226522.1,0.0
ENSG00000226523.1,0.0
ENSG00000226525.5,0.0
ENSG00000226526.1,0.0
ENSG00000226527.3,0.0
ENSG00000226529.1,0.0
ENSG00000226530.5,0.079497
ENSG00000226531.2,14.799853
ENSG00000226532.1,0.0
ENSG00000226533.2,0.0
ENSG00000226534.1,0.0
ENSG00000226535.1,0.0
ENSG00000226536.1,0.0
ENSG00000226537.2,0.0
ENSG00000226539.1,0.0
ENSG00000226540.2,0.0
ENSG00000226541.1,0.0
ENSG00000226542.1,0.0
ENSG00000226543.3,0.0
ENSG00000226544.4,0.0
ENSG00000226545.1,0.0
ENSG00000226547.2,0.0
ENSG00000226548.2,0.0
ENSG00000226549.3,0.0
ENSG00000226552.2,0.0
ENSG00000226553.1,0.0
ENSG00000226554.1,0.0
ENSG00000226555.1,0.0
ENSG00000226556.2,0.0
ENSG00000226557.1,0.0
ENSG00000226558.1,0.0
ENSG00000226560.10,0.156517
ENSG00000226562.6,0.0
ENSG00000226563.3,0.0
ENSG00000226564.1,0.624294
ENSG00000226565.2,0.0
ENSG00000226566.3,0.0
ENSG00000226567.3,0.0
ENSG00000226570.2,0.0
ENSG00000226571.3,0.0
ENSG00000226572.1,0.0
ENSG00000226573.1,0.0
ENSG00000226575.3,0.0
ENSG00000226576.1,0.0
ENSG00000226577.1,0.0
ENSG00000226578.1,0.0
ENSG00000226579.1,0.0
ENSG00000226580.1,0.0
ENSG00000226581.5,0.30936
ENSG00000226582.1,0.0
ENSG00000226587.2,0.0
ENSG00000226589.9,0.0
ENSG00000226590.1,0.0
ENSG00000226592.1,0.0
ENSG00000226594.1,0.0
ENSG00000226595.1,0.0
ENSG00000226597.1,0.0
ENSG00000226599.1,0.0
ENSG00000226601.2,0.0
ENSG00000226603.8,0.0
ENSG00000226604.2,0.0
ENSG00000226605.1,0.0
ENSG00000226608.3,0.0
ENSG00000226609.3,0.0
ENSG00000226610.1,0.0
ENSG00000226611.2,0.0
ENSG00000226614.11,20.497359
ENSG00000226616.1,0.0
ENSG00000226617.1,0.0
ENSG00000226618.9,16.405675
ENSG00000226619.1,0.0
ENSG00000226620.9,0.33599
ENSG00000226621.1,0.0
ENSG00000226622.8,0.066232
ENSG00000226624.1,0.0
ENSG00000226625.1,0.0
ENSG00000226626.2,0.0
ENSG00000226627.3,0.0
ENSG00000226629.1,0.0
ENSG00000226631.1,0.0
ENSG00000226632.1,0.0
ENSG00000226633.2,0.0
ENSG00000226634.6,0.31309
ENSG00000226636.1,0.0
ENSG00000226640.3,0.0
ENSG00000226641.1,0.0
ENSG00000226642.1,0.0
ENSG00000226643.2,0.0
ENSG00000226644.5,0.0
ENSG00000226645.1,0.0
ENSG00000226646.1,0.0
ENSG00000226647.2,0.0
ENSG00000226648.3,0.173381
ENSG00000226649.1,0.0
ENSG00000226650.6,0.0
ENSG00000226651.6,0.0
ENSG00000226652.4,0.0
ENSG00000226653.3,0.0
ENSG00000226655.2,0.0
ENSG00000226657.1,0.0
ENSG00000226658.1,0.0
ENSG00000226659.3,0.0
ENSG00000226660.2,8.661617
ENSG00000226661.1,0.0
ENSG00000226662.2,0.0
ENSG00000226663.2,0.0
ENSG00000226664.1,0.0
ENSG00000226665.1,0.0
ENSG00000226666.1,0.0
ENSG00000226668.6,0.0
ENSG00000226669.2,0.0
ENSG00000226670.1,0.0
ENSG00000226671.1,0.0
ENSG00000226673.2,0.0
ENSG00000226674.12,0.0
ENSG00000226676.1,0.0
ENSG00000226677.3,0.0
ENSG00000226679.2,0.0
ENSG00000226680.3,0.0
ENSG00000226681.2,0.0
ENSG00000226683.2,0.0
ENSG00000226685.4,0.0
ENSG00000226686.11,0.281094
ENSG00000226688.10,2.9255240000000002
ENSG00000226690.9,0.0
ENSG00000226693.1,0.0
ENSG00000226694.2,0.0
ENSG00000226695.1,0.0
ENSG00000226696.9,8.568828
ENSG00000226698.1,0.0
ENSG00000226699.1,0.0
ENSG00000226700.1,0.0
ENSG00000226701.1,0.0
ENSG00000226702.3,0.419747
ENSG00000226703.1,0.0
ENSG00000226704.6,2.43966
ENSG00000226705.1,0.0
ENSG00000226706.1,0.0
ENSG00000226707.1,0.0
ENSG00000226708.1,0.0
ENSG00000226709.1,0.0
ENSG00000226710.9,0.0
ENSG00000226711.10,1.8973449999999998
ENSG00000226714.1,0.0
ENSG00000226715.5,0.0
ENSG00000226716.1,0.0
ENSG00000226717.3,0.0
ENSG00000226718.1,0.0
ENSG00000226721.2,1.365697
ENSG00000226722.5,0.0
ENSG00000226723.2,0.0
ENSG00000226724.1,0.0
ENSG00000226725.3,0.0
ENSG00000226726.1,0.0
ENSG00000226727.1,0.0
ENSG00000226729.3,0.0
ENSG00000226733.5,0.0
ENSG00000226734.1,0.0
ENSG00000226736.1,0.0
ENSG00000226739.1,0.0
ENSG00000226741.3,0.0
ENSG00000226742.4,4.104903
ENSG00000226744.1,0.0
ENSG00000226745.2,0.0
ENSG00000226746.2,0.0
ENSG00000226750.1,0.0
ENSG00000226752.11,0.0
ENSG00000226753.1,0.0
ENSG00000226754.4,0.0
ENSG00000226755.2,0.0
ENSG00000226756.2,0.0
ENSG00000226757.3,0.0
ENSG00000226758.1,0.389935
ENSG00000226759.9,0.0
ENSG00000226761.3,0.0
ENSG00000226762.6,0.0
ENSG00000226763.5,0.0
ENSG00000226764.2,0.0
ENSG00000226765.1,0.0
ENSG00000226766.1,0.0
ENSG00000226767.1,0.0
ENSG00000226768.1,0.0
ENSG00000226769.1,0.0
ENSG00000226770.1,0.0
ENSG00000226771.1,0.0
ENSG00000226772.1,0.0
ENSG00000226773.1,0.0
ENSG00000226774.1,0.0
ENSG00000226776.1,0.0
ENSG00000226777.10,4.836283
ENSG00000226779.1,0.0
ENSG00000226780.1,0.0
ENSG00000226781.1,0.0
ENSG00000226782.3,0.0
ENSG00000226783.1,0.0
ENSG00000226784.3,0.0
ENSG00000226788.3,0.0
ENSG00000226789.1,0.168838
ENSG00000226790.3,0.0
ENSG00000226791.10,0.46713899999999997
ENSG00000226792.8,0.350578
ENSG00000226794.1,0.0
ENSG00000226797.3,0.0
ENSG00000226798.2,0.0
ENSG00000226799.1,0.0
ENSG00000226800.6,0.129155
ENSG00000226801.2,0.0
ENSG00000226802.1,0.0
ENSG00000226803.10,0.0
ENSG00000226804.4,0.0
ENSG00000226806.2,0.0
ENSG00000226807.7,0.0
ENSG00000226808.4,0.0
ENSG00000226810.3,0.0
ENSG00000226812.3,0.0
ENSG00000226813.3,0.0
ENSG00000226814.2,0.0
ENSG00000226816.4,0.174607
ENSG00000226818.1,0.0
ENSG00000226819.2,0.0
ENSG00000226820.2,0.0
ENSG00000226823.1,0.0
ENSG00000226824.9,4.931178
ENSG00000226825.3,0.0
ENSG00000226827.1,0.0
ENSG00000226828.3,0.0
ENSG00000226829.3,0.0
ENSG00000226831.1,0.0
ENSG00000226833.8,0.394083
ENSG00000226835.5,0.0
ENSG00000226836.5,0.0
ENSG00000226837.2,0.0
ENSG00000226838.1,0.0
ENSG00000226839.1,0.0
ENSG00000226840.1,0.0
ENSG00000226841.2,0.0
ENSG00000226842.1,0.0
ENSG00000226843.1,0.0
ENSG00000226845.1,0.0
ENSG00000226846.3,0.0
ENSG00000226847.1,0.0
ENSG00000226851.2,0.0
ENSG00000226853.6,0.632799
ENSG00000226854.1,0.0
ENSG00000226855.1,0.0
ENSG00000226856.10,0.0
ENSG00000226857.1,0.0
ENSG00000226858.7,0.0
ENSG00000226859.1,0.0
ENSG00000226860.1,0.0
ENSG00000226861.2,0.0
ENSG00000226862.1,10.056403
ENSG00000226863.1,0.0
ENSG00000226864.5,0.312177
ENSG00000226868.1,0.0
ENSG00000226869.6,0.0
ENSG00000226870.3,0.0
ENSG00000226871.2,0.0
ENSG00000226872.2,0.0
ENSG00000226873.1,0.0
ENSG00000226874.1,0.0
ENSG00000226875.1,0.0
ENSG00000226876.4,0.0
ENSG00000226877.10,0.218345
ENSG00000226878.2,0.0
ENSG00000226881.5,0.0
ENSG00000226882.9,1.79932
ENSG00000226883.1,0.0
ENSG00000226884.1,0.0
ENSG00000226885.1,0.0
ENSG00000226886.1,0.0
ENSG00000226887.8,0.0
ENSG00000226888.2,0.0
ENSG00000226889.5,0.0
ENSG00000226890.1,0.0
ENSG00000226891.10,1.890787
ENSG00000226892.6,0.0
ENSG00000226896.2,0.0
ENSG00000226898.2,0.0
ENSG00000226899.1,0.0
ENSG00000226900.3,0.0
ENSG00000226902.1,0.0
ENSG00000226903.4,0.0
ENSG00000226904.2,0.0
ENSG00000226905.1,0.0
ENSG00000226906.1,0.0
ENSG00000226908.1,0.0
ENSG00000226912.1,0.0
ENSG00000226913.3,0.0
ENSG00000226915.1,0.0
ENSG00000226917.7,0.0
ENSG00000226918.1,0.0
ENSG00000226919.5,0.0
ENSG00000226920.1,0.0
ENSG00000226921.8,0.0
ENSG00000226923.2,0.0
ENSG00000226925.2,0.0
ENSG00000226926.8,0.0
ENSG00000226927.1,0.0
ENSG00000226928.1,0.0
ENSG00000226929.3,0.0
ENSG00000226930.1,0.0
ENSG00000226931.2,0.0
ENSG00000226933.1,0.0
ENSG00000226935.7,0.0
ENSG00000226936.4,28.148376
ENSG00000226937.10,0.0
ENSG00000226938.2,0.0
ENSG00000226939.2,0.0
ENSG00000226940.1,0.0
ENSG00000226941.9,0.0
ENSG00000226942.2,1.050038
ENSG00000226943.3,0.0
ENSG00000226944.2,0.0
ENSG00000226945.1,0.0
ENSG00000226946.1,0.0
ENSG00000226947.1,0.0
ENSG00000226948.3,0.0
ENSG00000226949.1,0.0
ENSG00000226950.8,20.251941000000002
ENSG00000226952.1,0.0
ENSG00000226953.9,0.0
ENSG00000226954.1,0.0
ENSG00000226955.1,0.0
ENSG00000226956.2,0.0
ENSG00000226957.1,0.0
ENSG00000226960.1,0.0
ENSG00000226961.3,0.0
ENSG00000226962.1,0.0
ENSG00000226963.1,0.0
ENSG00000226964.1,0.0
ENSG00000226965.3,0.0
ENSG00000226967.1,0.0
ENSG00000226968.2,0.0
ENSG00000226969.2,0.0
ENSG00000226970.2,0.0
ENSG00000226971.1,0.0
ENSG00000226972.2,0.0
ENSG00000226973.1,0.0
ENSG00000226976.3,0.0
ENSG00000226977.1,0.0
ENSG00000226978.1,0.0
ENSG00000226979.9,0.0
ENSG00000226981.2,0.273463
ENSG00000226982.4,0.0
ENSG00000226983.4,0.0
ENSG00000226984.1,0.0
ENSG00000226985.8,0.0
ENSG00000226986.4,0.0
ENSG00000226987.1,0.605333
ENSG00000226989.1,0.0
ENSG00000226990.2,0.0
ENSG00000226991.2,0.0
ENSG00000226992.2,0.0
ENSG00000226994.10,0.0
ENSG00000226995.10,0.0
ENSG00000226996.5,0.0
ENSG00000226998.1,0.0
ENSG00000226999.1,0.0
ENSG00000227000.2,0.0
ENSG00000227001.3,0.0
ENSG00000227002.2,0.0
ENSG00000227004.2,0.0
ENSG00000227006.3,0.0
ENSG00000227007.1,0.110674
ENSG00000227008.2,0.0
ENSG00000227009.1,0.0
ENSG00000227012.4,0.0
ENSG00000227013.3,0.0
ENSG00000227014.7,0.168135
ENSG00000227015.1,0.0
ENSG00000227016.5,1.616126
ENSG00000227017.2,0.0
ENSG00000227018.1,0.0
ENSG00000227019.2,0.0
ENSG00000227023.1,0.0
ENSG00000227028.7,0.0
ENSG00000227030.2,0.0
ENSG00000227032.1,0.0
ENSG00000227033.1,0.0
ENSG00000227034.1,0.0
ENSG00000227035.1,0.0
ENSG00000227036.11,0.062192
ENSG00000227038.4,0.0
ENSG00000227039.9,178.49946
ENSG00000227040.4,0.0
ENSG00000227042.1,0.0
ENSG00000227043.4,0.0
ENSG00000227044.4,0.0
ENSG00000227045.1,0.0
ENSG00000227046.8,22.854584000000003
ENSG00000227047.1,0.0
ENSG00000227048.2,0.0
ENSG00000227050.1,0.0
ENSG00000227051.7,0.089687
ENSG00000227053.3,0.608636
ENSG00000227054.1,0.0
ENSG00000227055.1,0.0
ENSG00000227056.2,0.0
ENSG00000227057.10,14.843741999999999
ENSG00000227058.1,0.0
ENSG00000227059.7,0.0
ENSG00000227060.8,0.332737
ENSG00000227061.3,0.0
ENSG00000227062.2,0.0
ENSG00000227063.5,0.0
ENSG00000227064.1,0.0
ENSG00000227066.3,0.0
ENSG00000227067.3,0.0
ENSG00000227068.1,0.0
ENSG00000227069.1,0.0
ENSG00000227070.3,0.0
ENSG00000227071.2,0.0
ENSG00000227072.1,0.0
ENSG00000227073.1,0.0
ENSG00000227074.11,0.0
ENSG00000227075.1,0.0
ENSG00000227076.2,2.961444
ENSG00000227077.3,0.0
ENSG00000227078.1,0.0
ENSG00000227080.2,8.946749
ENSG00000227081.5,0.0
ENSG00000227082.4,0.061453
ENSG00000227083.1,0.0
ENSG00000227087.4,0.0
ENSG00000227088.3,0.0
ENSG00000227089.3,0.0
ENSG00000227090.1,0.0
ENSG00000227091.2,0.0
ENSG00000227094.1,0.0
ENSG00000227096.1,0.0
ENSG00000227097.5,1503.937696
ENSG00000227098.3,0.0
ENSG00000227099.1,0.0
ENSG00000227101.3,0.0
ENSG00000227102.2,0.0
ENSG00000227104.3,0.0
ENSG00000227105.1,0.0
ENSG00000227107.1,0.0
ENSG00000227108.1,0.0
ENSG00000227109.1,0.0
ENSG00000227110.8,0.0
ENSG00000227113.2,0.0
ENSG00000227115.11,0.0
ENSG00000227117.7,0.0
ENSG00000227118.3,0.0
ENSG00000227120.1,0.0
ENSG00000227121.3,0.0
ENSG00000227123.1,0.0
ENSG00000227124.12,2.200232
ENSG00000227125.1,0.0
ENSG00000227128.6,0.0
ENSG00000227131.2,0.0
ENSG00000227132.5,0.0
ENSG00000227133.1,0.0
ENSG00000227134.1,0.0
ENSG00000227137.8,0.0
ENSG00000227138.1,0.0
ENSG00000227139.1,0.0
ENSG00000227140.3,0.0
ENSG00000227141.2,0.0
ENSG00000227143.1,0.0
ENSG00000227144.8,0.0
ENSG00000227145.3,0.0
ENSG00000227147.9,0.0
ENSG00000227148.2,0.0
ENSG00000227149.1,0.0
ENSG00000227150.2,0.0
ENSG00000227152.6,0.0
ENSG00000227154.4,0.0
ENSG00000227155.8,0.0
ENSG00000227157.3,0.0
ENSG00000227158.1,0.0
ENSG00000227159.8,0.0
ENSG00000227160.4,0.0
ENSG00000227161.1,0.0
ENSG00000227163.2,0.0
ENSG00000227165.11,1.557043
ENSG00000227166.1,0.0
ENSG00000227167.1,0.0
ENSG00000227168.1,0.0
ENSG00000227169.2,0.0
ENSG00000227170.1,0.0
ENSG00000227171.8,0.0
ENSG00000227172.3,0.0
ENSG00000227173.1,0.0
ENSG00000227175.2,0.0
ENSG00000227176.1,0.0
ENSG00000227177.1,0.0
ENSG00000227179.7,0.0
ENSG00000227180.1,0.0
ENSG00000227181.2,0.0
ENSG00000227182.1,0.0
ENSG00000227183.3,0.0
ENSG00000227186.1,0.0
ENSG00000227187.1,0.0
ENSG00000227188.1,0.0
ENSG00000227189.3,0.112658
ENSG00000227191.8,15.497326
ENSG00000227193.3,3.204399
ENSG00000227195.12,7.204358
ENSG00000227196.1,0.0
ENSG00000227197.1,0.0
ENSG00000227198.1,0.0
ENSG00000227199.1,0.0
ENSG00000227200.2,1.171861
ENSG00000227201.2,0.0
ENSG00000227203.3,0.0
ENSG00000227204.1,0.0
ENSG00000227205.4,0.0
ENSG00000227206.2,0.0
ENSG00000227207.2,0.0
ENSG00000227209.1,0.0
ENSG00000227210.3,0.0
ENSG00000227211.2,0.0
ENSG00000227212.3,0.0
ENSG00000227213.1,0.0
ENSG00000227214.3,0.0
ENSG00000227215.1,0.0
ENSG00000227217.2,0.0
ENSG00000227218.8,0.0
ENSG00000227222.7,2.717942
ENSG00000227224.1,0.0
ENSG00000227225.1,0.0
ENSG00000227227.1,0.0
ENSG00000227228.1,0.0
ENSG00000227230.2,0.0
ENSG00000227232.6,0.0
ENSG00000227233.1,0.0
ENSG00000227234.2,0.0
ENSG00000227236.2,0.0
ENSG00000227237.2,0.0
ENSG00000227238.1,0.0
ENSG00000227240.3,0.0
ENSG00000227241.1,0.0
ENSG00000227242.4,0.0
ENSG00000227243.3,0.0
ENSG00000227244.4,0.0
ENSG00000227245.2,0.0
ENSG00000227247.1,0.0
ENSG00000227248.1,0.0
ENSG00000227249.1,0.0
ENSG00000227251.1,0.0
ENSG00000227252.3,0.332642
ENSG00000227253.3,0.0
ENSG00000227254.1,0.0
ENSG00000227255.1,0.0
ENSG00000227256.2,0.0
ENSG00000227257.1,0.0
ENSG00000227258.8,0.233009
ENSG00000227259.2,0.0
ENSG00000227260.3,0.0
ENSG00000227261.1,0.0
ENSG00000227262.3,0.0
ENSG00000227264.3,0.0
ENSG00000227265.2,0.0
ENSG00000227267.3,0.0
ENSG00000227268.5,0.10625
ENSG00000227269.2,0.0
ENSG00000227270.1,0.0
ENSG00000227271.1,0.0
ENSG00000227274.2,0.0
ENSG00000227275.1,0.0
ENSG00000227278.2,0.0
ENSG00000227279.3,0.0
ENSG00000227282.1,0.0
ENSG00000227283.1,0.0
ENSG00000227284.2,0.0
ENSG00000227286.1,0.0
ENSG00000227288.3,0.13875
ENSG00000227289.3,0.0
ENSG00000227290.3,0.0
ENSG00000227291.1,0.0
ENSG00000227292.2,0.255979
ENSG00000227293.2,0.0
ENSG00000227294.1,0.0
ENSG00000227295.2,0.129682
ENSG00000227296.4,0.0
ENSG00000227297.1,0.0
ENSG00000227298.1,0.0
ENSG00000227300.13,0.0
ENSG00000227301.1,0.0
ENSG00000227302.1,0.0
ENSG00000227303.1,0.0
ENSG00000227304.4,0.0
ENSG00000227306.2,0.0
ENSG00000227307.1,0.0
ENSG00000227308.3,0.140104
ENSG00000227309.1,0.0
ENSG00000227311.3,0.0
ENSG00000227312.2,0.0
ENSG00000227313.2,0.0
ENSG00000227314.12,0.0
ENSG00000227315.7,0.0
ENSG00000227317.6,0.31309
ENSG00000227321.2,0.0
ENSG00000227322.11,4.648152
ENSG00000227329.2,0.0
ENSG00000227330.1,0.0
ENSG00000227331.1,0.0
ENSG00000227333.8,0.0
ENSG00000227335.1,0.0
ENSG00000227336.2,0.0
ENSG00000227337.1,0.0
ENSG00000227338.3,0.0
ENSG00000227339.1,0.0
ENSG00000227342.1,0.0
ENSG00000227343.1,0.0
ENSG00000227344.2,0.0
ENSG00000227345.9,3.0986990000000003
ENSG00000227347.1,0.0
ENSG00000227348.1,0.0
ENSG00000227349.1,0.0
ENSG00000227350.1,0.0
ENSG00000227351.2,0.0
ENSG00000227352.1,0.0
ENSG00000227353.1,0.0
ENSG00000227354.8,0.808574
ENSG00000227355.6,1.05936
ENSG00000227356.3,0.428618
ENSG00000227357.3,13.134855
ENSG00000227358.1,0.0
ENSG00000227359.2,0.623956
ENSG00000227360.2,0.0
ENSG00000227361.1,0.0
ENSG00000227364.1,0.0
ENSG00000227365.1,0.0
ENSG00000227366.1,0.0
ENSG00000227367.1,0.0
ENSG00000227368.1,0.0
ENSG00000227370.1,0.0
ENSG00000227371.1,0.0
ENSG00000227372.13,0.0
ENSG00000227373.7,0.820926
ENSG00000227374.1,0.0
ENSG00000227375.7,0.0
ENSG00000227376.1,0.0
ENSG00000227379.2,0.0
ENSG00000227382.1,0.0
ENSG00000227383.1,0.0
ENSG00000227384.2,0.0
ENSG00000227386.1,0.0
ENSG00000227388.4,2.369081
ENSG00000227391.1,0.0
ENSG00000227392.4,0.0
ENSG00000227393.1,0.0
ENSG00000227394.1,0.0
ENSG00000227395.1,0.0
ENSG00000227397.1,0.0
ENSG00000227398.7,2.973653
ENSG00000227399.1,0.0
ENSG00000227400.3,0.0
ENSG00000227401.1,0.0
ENSG00000227403.4,0.745653
ENSG00000227404.1,0.0
ENSG00000227405.1,0.0
ENSG00000227406.1,0.0
ENSG00000227407.1,0.0
ENSG00000227408.1,0.0
ENSG00000227409.1,0.0
ENSG00000227411.1,0.0
ENSG00000227412.1,0.0
ENSG00000227413.1,0.0
ENSG00000227416.2,0.0
ENSG00000227417.3,0.0
ENSG00000227418.7,0.0
ENSG00000227420.8,0.982173
ENSG00000227421.3,0.0
ENSG00000227422.1,0.0
ENSG00000227423.2,0.0
ENSG00000227425.1,0.0
ENSG00000227426.1,0.0
ENSG00000227427.1,0.0
ENSG00000227429.5,36.378294
ENSG00000227430.1,0.0
ENSG00000227431.7,0.0
ENSG00000227432.1,0.0
ENSG00000227433.1,0.0
ENSG00000227434.2,0.0
ENSG00000227436.1,0.0
ENSG00000227437.1,0.0
ENSG00000227438.1,0.0
ENSG00000227440.1,0.0
ENSG00000227443.2,0.0
ENSG00000227444.1,0.0
ENSG00000227445.1,0.0
ENSG00000227446.2,0.0
ENSG00000227447.1,0.0
ENSG00000227449.9,0.0
ENSG00000227453.1,0.0
ENSG00000227454.2,0.0
ENSG00000227455.4,0.0
ENSG00000227456.10,3.948695
ENSG00000227458.8,0.017505
ENSG00000227459.1,0.0
ENSG00000227460.8,4.307766
ENSG00000227462.1,0.0
ENSG00000227463.4,0.0
ENSG00000227465.1,0.0
ENSG00000227466.1,0.0
ENSG00000227467.4,0.0
ENSG00000227470.1,0.0
ENSG00000227471.9,0.371077
ENSG00000227473.1,0.0
ENSG00000227474.1,0.0
ENSG00000227475.2,0.0
ENSG00000227477.2,0.615356
ENSG00000227479.2,0.0
ENSG00000227480.2,0.0
ENSG00000227481.1,0.0
ENSG00000227482.1,0.0
ENSG00000227484.1,0.0
ENSG00000227485.1,0.0
ENSG00000227486.5,1.053849
ENSG00000227487.4,0.0
ENSG00000227489.1,0.0
ENSG00000227491.1,0.0
ENSG00000227492.3,0.520441
ENSG00000227493.1,0.0
ENSG00000227494.2,0.0
ENSG00000227495.2,1.608748
ENSG00000227496.4,0.0
ENSG00000227497.1,0.0
ENSG00000227498.3,0.0
ENSG00000227499.1,0.0
ENSG00000227500.11,21.912291000000003
ENSG00000227502.5,0.0
ENSG00000227505.1,0.0
ENSG00000227506.5,0.0
ENSG00000227507.3,480.523122
ENSG00000227508.7,0.8228260000000001
ENSG00000227509.1,0.0
ENSG00000227510.4,0.0
ENSG00000227511.1,0.0
ENSG00000227512.1,0.0
ENSG00000227513.1,0.0
ENSG00000227514.3,0.0
ENSG00000227515.3,0.0
ENSG00000227516.1,0.0
ENSG00000227517.8,0.844795
ENSG00000227518.6,0.0
ENSG00000227519.1,0.0
ENSG00000227521.2,0.0
ENSG00000227523.1,0.0
ENSG00000227525.4,0.0
ENSG00000227526.4,0.0
ENSG00000227527.2,0.0
ENSG00000227528.7,0.0
ENSG00000227531.2,0.0
ENSG00000227532.1,0.0
ENSG00000227533.8,1.100667
ENSG00000227534.1,0.0
ENSG00000227535.2,0.0
ENSG00000227536.1,0.161772
ENSG00000227537.1,0.0
ENSG00000227538.1,0.0
ENSG00000227541.1,0.0
ENSG00000227542.2,0.0
ENSG00000227543.6,0.455715
ENSG00000227544.11,0.0
ENSG00000227545.1,0.0
ENSG00000227547.3,0.0
ENSG00000227549.3,0.0
ENSG00000227550.2,0.0
ENSG00000227551.1,0.0
ENSG00000227554.1,0.0
ENSG00000227555.2,0.0
ENSG00000227556.1,0.0
ENSG00000227557.1,0.0
ENSG00000227560.1,0.0
ENSG00000227562.2,0.0
ENSG00000227563.1,0.0
ENSG00000227564.4,0.0
ENSG00000227568.1,0.0
ENSG00000227573.2,0.0
ENSG00000227574.2,0.0
ENSG00000227578.1,0.0
ENSG00000227579.7,0.0
ENSG00000227581.2,0.0
ENSG00000227582.3,0.0
ENSG00000227583.1,0.0
ENSG00000227584.2,0.0
ENSG00000227585.2,0.0
ENSG00000227586.5,0.0
ENSG00000227587.2,0.108033
ENSG00000227588.3,0.0
ENSG00000227589.1,0.395485
ENSG00000227590.2,0.0
ENSG00000227591.7,0.230337
ENSG00000227592.1,0.0
ENSG00000227593.2,0.0
ENSG00000227596.5,0.0
ENSG00000227597.1,0.0
ENSG00000227598.2,1.130889
ENSG00000227599.1,0.0
ENSG00000227600.11,0.0
ENSG00000227602.1,0.0
ENSG00000227604.3,0.0
ENSG00000227606.2,0.0
ENSG00000227607.2,0.0
ENSG00000227609.2,0.0
ENSG00000227610.2,0.0
ENSG00000227611.1,0.0
ENSG00000227613.1,0.0
ENSG00000227615.1,3.254211
ENSG00000227616.1,0.0
ENSG00000227617.10,1.043507
ENSG00000227619.4,0.0
ENSG00000227620.4,0.0
ENSG00000227621.1,0.0
ENSG00000227623.1,0.0
ENSG00000227624.2,0.0
ENSG00000227625.2,0.0
ENSG00000227627.6,0.0
ENSG00000227629.1,0.0
ENSG00000227630.5,0.0
ENSG00000227632.2,0.0
ENSG00000227633.1,0.0
ENSG00000227634.4,0.0
ENSG00000227635.1,0.0
ENSG00000227638.2,0.0
ENSG00000227640.5,0.0
ENSG00000227642.9,0.0
ENSG00000227644.2,0.0
ENSG00000227645.2,0.0
ENSG00000227646.8,0.0
ENSG00000227647.2,0.0
ENSG00000227649.1,0.0
ENSG00000227652.4,0.0
ENSG00000227653.1,0.0
ENSG00000227656.3,0.0
ENSG00000227657.1,0.0
ENSG00000227658.1,0.0
ENSG00000227659.1,0.0
ENSG00000227660.2,0.0
ENSG00000227661.1,0.0
ENSG00000227663.1,0.0
ENSG00000227665.1,0.0
ENSG00000227666.1,0.0
ENSG00000227667.1,0.0
ENSG00000227669.3,1.272183
ENSG00000227671.5,0.0
ENSG00000227673.1,0.0
ENSG00000227674.3,0.413535
ENSG00000227676.5,0.0
ENSG00000227678.8,0.9395300000000001
ENSG00000227679.1,0.0
ENSG00000227680.1,0.0
ENSG00000227681.6,0.0
ENSG00000227682.3,0.0
ENSG00000227684.3,0.0
ENSG00000227685.2,0.0
ENSG00000227686.7,0.0
ENSG00000227687.1,0.0
ENSG00000227688.2,0.472863
ENSG00000227689.1,0.0
ENSG00000227692.1,0.0
ENSG00000227693.1,0.0
ENSG00000227694.1,0.0
ENSG00000227695.6,0.0
ENSG00000227698.2,0.0
ENSG00000227700.1,0.0
ENSG00000227702.1,0.0
ENSG00000227704.3,0.35621
ENSG00000227705.1,0.0
ENSG00000227706.5,0.402308
ENSG00000227707.1,0.0
ENSG00000227708.2,0.0
ENSG00000227709.4,0.0
ENSG00000227710.1,0.0
ENSG00000227711.3,0.0
ENSG00000227712.4,0.0
ENSG00000227713.3,0.0
ENSG00000227714.1,0.0
ENSG00000227715.11,5837.708052
ENSG00000227716.2,0.0
ENSG00000227717.5,0.108586
ENSG00000227718.1,0.0
ENSG00000227719.1,0.0
ENSG00000227721.1,0.0
ENSG00000227722.3,0.0
ENSG00000227723.1,0.0
ENSG00000227725.3,0.0
ENSG00000227726.1,0.0
ENSG00000227728.2,0.0
ENSG00000227729.5,0.0
ENSG00000227730.2,0.0
ENSG00000227733.13,0.046293
ENSG00000227734.1,0.0
ENSG00000227735.1,0.0
ENSG00000227736.1,0.0
ENSG00000227737.4,0.0
ENSG00000227738.1,0.0
ENSG00000227739.10,0.0
ENSG00000227740.3,4.523734999999999
ENSG00000227741.2,0.480768
ENSG00000227742.3,0.0
ENSG00000227743.3,0.0
ENSG00000227744.5,0.0
ENSG00000227745.1,0.0
ENSG00000227746.10,0.0
ENSG00000227747.2,0.0
ENSG00000227748.3,0.0
ENSG00000227750.1,0.0
ENSG00000227751.1,0.0
ENSG00000227753.3,0.0
ENSG00000227755.2,0.0
ENSG00000227757.4,2.847806
ENSG00000227758.1,0.0
ENSG00000227759.2,0.0
ENSG00000227760.2,0.0
ENSG00000227761.10,116.95169800000001
ENSG00000227762.4,0.0
ENSG00000227764.3,0.0
ENSG00000227765.4,0.0
ENSG00000227766.1,0.0
ENSG00000227769.7,0.0
ENSG00000227770.1,0.0
ENSG00000227772.8,0.0
ENSG00000227773.1,0.0
ENSG00000227775.4,0.0
ENSG00000227776.1,0.0
ENSG00000227777.1,0.521661
ENSG00000227779.1,0.0
ENSG00000227782.2,0.0
ENSG00000227784.1,0.0
ENSG00000227785.1,0.0
ENSG00000227788.1,0.0
ENSG00000227789.1,0.0
ENSG00000227790.8,0.0
ENSG00000227791.3,0.0
ENSG00000227794.5,0.0
ENSG00000227795.1,0.0
ENSG00000227799.1,0.0
ENSG00000227800.1,0.0
ENSG00000227801.8,0.0
ENSG00000227802.2,0.0
ENSG00000227803.3,0.0
ENSG00000227805.1,0.0
ENSG00000227806.1,0.0
ENSG00000227809.2,0.0
ENSG00000227811.4,1.186906
ENSG00000227813.1,0.0
ENSG00000227814.3,0.0
ENSG00000227815.2,0.0
ENSG00000227816.4,7.148342
ENSG00000227817.4,0.0
ENSG00000227818.2,0.0
ENSG00000227824.1,0.0
ENSG00000227825.5,0.0
ENSG00000227826.10,0.0
ENSG00000227827.3,0.0
ENSG00000227830.1,0.0
ENSG00000227832.1,0.0
ENSG00000227834.1,0.0
ENSG00000227835.9,0.0
ENSG00000227836.1,0.0
ENSG00000227837.1,0.0
ENSG00000227838.1,0.0
ENSG00000227840.1,0.0
ENSG00000227841.1,0.0
ENSG00000227842.1,0.0
ENSG00000227843.1,0.0
ENSG00000227845.2,0.0
ENSG00000227846.1,0.0
ENSG00000227847.1,0.0
ENSG00000227848.2,0.0
ENSG00000227850.1,0.0
ENSG00000227851.1,0.0
ENSG00000227852.1,0.0
ENSG00000227854.1,0.0
ENSG00000227855.5,0.0
ENSG00000227857.3,0.0
ENSG00000227858.1,0.0
ENSG00000227860.1,0.0
ENSG00000227861.9,0.0
ENSG00000227862.1,0.0
ENSG00000227863.4,0.0
ENSG00000227864.1,0.0
ENSG00000227868.7,0.0
ENSG00000227871.1,0.0
ENSG00000227873.1,0.0
ENSG00000227874.1,0.0
ENSG00000227875.2,0.0
ENSG00000227877.7,0.0
ENSG00000227878.2,0.0
ENSG00000227879.2,0.0
ENSG00000227880.2,0.0
ENSG00000227881.1,0.0
ENSG00000227882.1,0.0
ENSG00000227883.1,0.0
ENSG00000227884.1,0.0
ENSG00000227885.5,0.0
ENSG00000227887.1,0.0
ENSG00000227888.5,9.267291
ENSG00000227890.1,0.0
ENSG00000227892.1,0.0
ENSG00000227893.1,0.561875
ENSG00000227896.2,0.232667
ENSG00000227899.1,0.0
ENSG00000227905.1,0.0
ENSG00000227906.11,0.099241
ENSG00000227907.2,0.0
ENSG00000227908.6,6.27601
ENSG00000227910.2,0.0
ENSG00000227911.4,0.0
ENSG00000227912.2,0.0
ENSG00000227913.1,0.0
ENSG00000227914.3,0.0
ENSG00000227915.1,0.0
ENSG00000227919.1,0.0
ENSG00000227922.1,0.0
ENSG00000227923.1,0.0
ENSG00000227924.2,0.0
ENSG00000227927.2,0.0
ENSG00000227929.4,0.0
ENSG00000227930.2,0.0
ENSG00000227932.4,0.0
ENSG00000227933.2,0.0
ENSG00000227934.1,0.0
ENSG00000227935.1,0.0
ENSG00000227936.1,0.0
ENSG00000227937.1,0.0
ENSG00000227938.2,0.0
ENSG00000227939.1,0.0
ENSG00000227940.3,0.0
ENSG00000227941.1,0.0
ENSG00000227942.1,0.0
ENSG00000227945.1,0.0
ENSG00000227946.4,0.0
ENSG00000227947.3,0.0
ENSG00000227948.4,0.0
ENSG00000227949.1,0.0
ENSG00000227950.1,0.0
ENSG00000227952.2,0.0
ENSG00000227953.8,0.9959530000000001
ENSG00000227954.8,0.0
ENSG00000227956.2,0.0
ENSG00000227958.2,0.0
ENSG00000227959.3,0.0
ENSG00000227960.1,0.0
ENSG00000227962.1,0.0
ENSG00000227963.3,3.17131
ENSG00000227964.1,0.0
ENSG00000227965.1,0.0
ENSG00000227966.1,0.0
ENSG00000227968.1,0.0
ENSG00000227969.1,0.0
ENSG00000227970.1,0.0
ENSG00000227971.1,0.0
ENSG00000227972.1,0.0
ENSG00000227973.1,0.0
ENSG00000227974.3,0.0
ENSG00000227979.1,0.0
ENSG00000227981.2,0.0
ENSG00000227982.1,0.0
ENSG00000227983.1,0.0
ENSG00000227986.1,0.0
ENSG00000227987.1,0.0
ENSG00000227988.1,0.0
ENSG00000227992.1,0.0
ENSG00000227993.9,0.360781
ENSG00000227994.1,0.0
ENSG00000227995.1,0.0
ENSG00000227999.1,0.0
ENSG00000228000.1,0.0
ENSG00000228001.8,0.017505
ENSG00000228002.2,0.0
ENSG00000228004.1,0.0
ENSG00000228005.1,0.0
ENSG00000228007.1,0.0
ENSG00000228010.7,0.090429
ENSG00000228013.2,0.284239
ENSG00000228014.1,0.0
ENSG00000228015.1,0.0
ENSG00000228016.2,0.0
ENSG00000228019.1,0.0
ENSG00000228020.2,0.0
ENSG00000228021.8,0.506201
ENSG00000228022.7,0.0
ENSG00000228024.1,0.0
ENSG00000228027.1,0.0
ENSG00000228028.2,0.0
ENSG00000228029.1,0.0
ENSG00000228030.2,0.0
ENSG00000228031.4,0.120474
ENSG00000228033.7,1.218547
ENSG00000228034.1,0.0
ENSG00000228035.2,0.0
ENSG00000228036.1,0.0
ENSG00000228037.2,0.509154
ENSG00000228038.1,0.0
ENSG00000228039.3,0.0
ENSG00000228040.1,0.0
ENSG00000228041.2,0.0
ENSG00000228042.2,0.0
ENSG00000228043.6,0.892587
ENSG00000228044.4,0.0
ENSG00000228045.1,0.0
ENSG00000228046.2,0.0
ENSG00000228048.1,0.0
ENSG00000228049.8,3.105119
ENSG00000228050.1,0.0
ENSG00000228051.1,0.0
ENSG00000228053.1,0.0
ENSG00000228054.2,0.0
ENSG00000228055.4,0.0
ENSG00000228056.3,0.0
ENSG00000228057.1,0.0
ENSG00000228058.5,1.785171
ENSG00000228060.4,0.0
ENSG00000228061.8,0.0
ENSG00000228063.5,0.204673
ENSG00000228064.1,0.0
ENSG00000228065.14,0.0
ENSG00000228067.2,0.0
ENSG00000228069.1,0.0
ENSG00000228071.4,0.0
ENSG00000228072.2,0.0
ENSG00000228073.1,0.0
ENSG00000228074.1,0.0
ENSG00000228075.5,0.0
ENSG00000228076.2,0.0
ENSG00000228078.1,0.0
ENSG00000228079.2,0.0
ENSG00000228080.10,1587.155574
ENSG00000228081.2,0.0
ENSG00000228082.1,0.0
ENSG00000228083.3,0.0
ENSG00000228084.4,0.392691
ENSG00000228085.1,0.0
ENSG00000228086.2,0.0
ENSG00000228089.1,0.0
ENSG00000228090.6,0.0
ENSG00000228092.1,0.0
ENSG00000228095.3,0.0
ENSG00000228097.1,0.0
ENSG00000228098.1,0.0
ENSG00000228099.3,0.0
ENSG00000228100.3,0.0
ENSG00000228102.1,0.0
ENSG00000228105.3,0.0
ENSG00000228107.1,1.650074
ENSG00000228108.1,0.0
ENSG00000228109.3,0.292849
ENSG00000228110.4,0.0
ENSG00000228111.1,0.0
ENSG00000228112.1,0.0
ENSG00000228115.2,0.0
ENSG00000228116.9,18.823182
ENSG00000228118.3,0.0
ENSG00000228120.2,0.0
ENSG00000228121.1,0.0
ENSG00000228122.1,0.0
ENSG00000228123.4,0.0
ENSG00000228124.2,0.175851
ENSG00000228125.2,0.0
ENSG00000228126.2,0.0
ENSG00000228127.4,0.0
ENSG00000228131.1,0.0
ENSG00000228132.2,0.0
ENSG00000228133.3,0.0
ENSG00000228134.1,0.0
ENSG00000228136.1,0.0
ENSG00000228137.1,0.0
ENSG00000228140.3,0.6956389999999999
ENSG00000228141.8,0.0
ENSG00000228142.4,0.0
ENSG00000228143.2,0.0
ENSG00000228144.2,0.0
ENSG00000228146.9,0.0
ENSG00000228147.6,0.0
ENSG00000228149.1,0.0
ENSG00000228150.2,0.0
ENSG00000228151.1,0.0
ENSG00000228153.1,0.0
ENSG00000228154.3,0.0
ENSG00000228157.5,0.0
ENSG00000228158.2,0.0
ENSG00000228159.3,0.0
ENSG00000228160.2,0.0
ENSG00000228161.1,0.0
ENSG00000228162.3,0.756039
ENSG00000228163.8,0.0
ENSG00000228165.1,0.0
ENSG00000228166.1,0.0
ENSG00000228167.1,0.0
ENSG00000228168.1,0.593652
ENSG00000228169.3,0.0
ENSG00000228170.1,0.0
ENSG00000228171.1,0.0
ENSG00000228172.6,0.0
ENSG00000228173.2,0.0
ENSG00000228174.7,0.0
ENSG00000228175.3,0.0
ENSG00000228176.2,0.0
ENSG00000228177.2,14.312557
ENSG00000228181.1,0.0
ENSG00000228182.1,0.0
ENSG00000228184.1,0.0
ENSG00000228186.10,9.356033
ENSG00000228187.1,0.0
ENSG00000228189.5,0.0
ENSG00000228190.2,0.0
ENSG00000228191.1,0.0
ENSG00000228192.11,0.0
ENSG00000228194.1,0.0
ENSG00000228195.2,0.0
ENSG00000228196.1,0.0
ENSG00000228198.3,0.022866
ENSG00000228199.1,0.0
ENSG00000228201.2,0.799504
ENSG00000228203.9,0.083625
ENSG00000228204.2,0.0
ENSG00000228205.1,0.0
ENSG00000228207.1,0.0
ENSG00000228208.8,0.0
ENSG00000228209.1,0.0
ENSG00000228210.1,0.0
ENSG00000228211.2,0.0
ENSG00000228212.1,0.0
ENSG00000228213.5,0.0
ENSG00000228215.4,0.0
ENSG00000228217.1,0.0
ENSG00000228218.1,0.0
ENSG00000228219.1,0.0
ENSG00000228221.7,0.799338
ENSG00000228222.1,0.0
ENSG00000228223.4,0.892147
ENSG00000228224.4,0.0
ENSG00000228225.1,0.0
ENSG00000228226.2,0.0
ENSG00000228229.2,0.0
ENSG00000228231.2,0.0
ENSG00000228232.1,0.0
ENSG00000228234.1,0.0
ENSG00000228235.1,0.0
ENSG00000228236.2,0.0
ENSG00000228237.6,0.0
ENSG00000228238.1,0.0
ENSG00000228239.1,0.0
ENSG00000228240.1,0.0
ENSG00000228241.1,0.0
ENSG00000228242.6,14.143351
ENSG00000228245.1,0.0
ENSG00000228247.1,0.0
ENSG00000228248.1,0.0
ENSG00000228251.1,0.0
ENSG00000228252.10,0.0
ENSG00000228253.1,5035.838269
ENSG00000228257.1,0.0
ENSG00000228259.3,0.0
ENSG00000228261.2,0.0
ENSG00000228262.12,0.0
ENSG00000228264.1,0.0
ENSG00000228267.8,0.0
ENSG00000228271.3,0.0
ENSG00000228272.2,0.0
ENSG00000228274.6,0.407072
ENSG00000228275.1,0.0
ENSG00000228277.2,0.0
ENSG00000228278.5,0.945032
ENSG00000228280.1,0.0
ENSG00000228283.4,0.0
ENSG00000228284.8,548.943923
ENSG00000228285.2,0.0
ENSG00000228286.3,0.0
ENSG00000228288.11,0.0
ENSG00000228289.1,0.0
ENSG00000228290.8,0.0
ENSG00000228291.1,0.0
ENSG00000228292.1,0.0
ENSG00000228293.1,0.0
ENSG00000228294.7,0.0
ENSG00000228295.3,1.006073
ENSG00000228299.9,1168.114456
ENSG00000228300.15,38.166586
ENSG00000228301.1,0.0
ENSG00000228302.3,1.127912
ENSG00000228303.1,0.0
ENSG00000228304.1,0.0
ENSG00000228305.2,0.505307
ENSG00000228307.3,0.0
ENSG00000228308.2,0.0
ENSG00000228309.8,0.0
ENSG00000228312.1,0.0
ENSG00000228314.2,0.0
ENSG00000228315.13,72.233534
ENSG00000228316.1,0.0
ENSG00000228317.3,0.0
ENSG00000228318.3,0.0
ENSG00000228319.1,0.0
ENSG00000228322.1,0.0
ENSG00000228323.3,1.0055619999999998
ENSG00000228325.5,0.0
ENSG00000228327.6,0.0
ENSG00000228328.2,0.0
ENSG00000228329.4,0.0
ENSG00000228330.1,0.0
ENSG00000228331.2,0.0
ENSG00000228333.9,0.0
ENSG00000228335.1,0.535472
ENSG00000228336.2,0.053125
ENSG00000228337.1,0.0
ENSG00000228338.2,0.0
ENSG00000228339.1,0.0
ENSG00000228340.9,9.582658
ENSG00000228341.1,0.0
ENSG00000228343.1,0.0
ENSG00000228345.2,0.0
ENSG00000228347.1,0.0
ENSG00000228348.1,0.0
ENSG00000228349.1,0.0
ENSG00000228350.2,0.0
ENSG00000228351.3,0.0
ENSG00000228352.3,0.0
ENSG00000228354.1,0.0
ENSG00000228355.2,0.0
ENSG00000228360.1,0.0
ENSG00000228361.3,0.0
ENSG00000228363.3,0.749366
ENSG00000228364.1,0.0
ENSG00000228365.2,0.0
ENSG00000228366.1,0.0
ENSG00000228367.3,0.0
ENSG00000228368.1,0.0
ENSG00000228369.2,0.0
ENSG00000228372.8,0.0
ENSG00000228373.2,0.0
ENSG00000228374.1,0.0
ENSG00000228375.1,0.0
ENSG00000228376.4,0.0
ENSG00000228379.1,0.0
ENSG00000228380.1,0.0
ENSG00000228382.4,7.044585
ENSG00000228383.7,0.0
ENSG00000228384.5,0.0
ENSG00000228386.2,0.0
ENSG00000228391.1,0.0
ENSG00000228392.4,0.226842
ENSG00000228395.4,0.289417
ENSG00000228397.4,0.22589
ENSG00000228398.3,0.0
ENSG00000228399.1,0.0
ENSG00000228400.3,0.0
ENSG00000228401.8,0.0
ENSG00000228403.1,0.0
ENSG00000228404.2,0.0
ENSG00000228405.5,0.0
ENSG00000228407.2,0.0
ENSG00000228408.6,0.111082
ENSG00000228409.9,0.0
ENSG00000228410.6,0.0
ENSG00000228411.1,0.0
ENSG00000228412.10,0.0
ENSG00000228413.1,0.0
ENSG00000228414.9,0.0
ENSG00000228415.3,0.0
ENSG00000228417.1,0.0
ENSG00000228420.2,0.0
ENSG00000228422.5,0.0
ENSG00000228423.2,0.0
ENSG00000228426.2,0.0
ENSG00000228427.6,5.566591
ENSG00000228429.1,0.0
ENSG00000228430.10,0.0
ENSG00000228431.1,0.0
ENSG00000228432.3,0.0
ENSG00000228433.2,0.0
ENSG00000228435.2,0.0
ENSG00000228436.5,0.93497
ENSG00000228437.5,0.0
ENSG00000228438.1,0.0
ENSG00000228440.1,0.0
ENSG00000228444.2,0.330265
ENSG00000228445.1,0.0
ENSG00000228446.2,0.425782
ENSG00000228448.1,0.0
ENSG00000228450.2,0.0
ENSG00000228451.6,0.0
ENSG00000228453.1,0.0
ENSG00000228454.7,0.0
ENSG00000228459.6,0.0
ENSG00000228460.1,0.0
ENSG00000228461.1,0.0
ENSG00000228462.1,0.0
ENSG00000228463.11,0.0
ENSG00000228464.1,0.0
ENSG00000228465.1,0.0
ENSG00000228466.1,0.0
ENSG00000228467.2,0.0
ENSG00000228470.1,0.0
ENSG00000228471.1,0.0
ENSG00000228473.1,0.0
ENSG00000228474.6,813.901536
ENSG00000228476.3,0.0
ENSG00000228477.1,0.0
ENSG00000228480.1,0.0
ENSG00000228481.1,0.0
ENSG00000228482.3,0.0
ENSG00000228483.2,0.0
ENSG00000228484.4,0.0
ENSG00000228485.1,0.0
ENSG00000228486.11,4.7775300000000005
ENSG00000228487.3,0.0
ENSG00000228488.1,0.0
ENSG00000228489.1,0.0
ENSG00000228490.1,0.0
ENSG00000228491.2,0.230337
ENSG00000228492.2,0.0
ENSG00000228495.4,0.597224
ENSG00000228496.3,0.0
ENSG00000228499.1,0.0
ENSG00000228501.2,0.0
ENSG00000228502.1,0.0
ENSG00000228504.2,0.0
ENSG00000228505.5,0.0
ENSG00000228506.5,1.513547
ENSG00000228507.1,0.0
ENSG00000228509.8,0.953561
ENSG00000228510.2,0.0
ENSG00000228513.1,0.0
ENSG00000228517.3,0.0
ENSG00000228518.1,0.0
ENSG00000228519.3,0.0
ENSG00000228520.3,0.0
ENSG00000228521.3,0.0
ENSG00000228522.3,0.0
ENSG00000228523.1,0.0
ENSG00000228525.1,0.0
ENSG00000228526.9,0.219101
ENSG00000228527.1,0.0
ENSG00000228528.3,0.0
ENSG00000228530.1,0.0
ENSG00000228532.4,0.0
ENSG00000228536.4,0.487372
ENSG00000228539.1,0.0
ENSG00000228540.1,0.0
ENSG00000228541.4,2.149324
ENSG00000228543.2,0.0
ENSG00000228544.1,0.405242
ENSG00000228546.2,0.0
ENSG00000228547.5,0.0
ENSG00000228548.1,0.0
ENSG00000228549.5,0.0
ENSG00000228550.1,0.0
ENSG00000228551.1,0.0
ENSG00000228553.1,0.0
ENSG00000228554.2,0.0
ENSG00000228557.1,0.0
ENSG00000228559.3,0.0
ENSG00000228560.1,0.0
ENSG00000228563.1,0.0
ENSG00000228564.3,0.0
ENSG00000228566.3,0.0
ENSG00000228567.3,0.0
ENSG00000228568.1,0.0
ENSG00000228570.8,0.6620250000000001
ENSG00000228571.1,0.0
ENSG00000228572.7,0.0
ENSG00000228573.1,0.0
ENSG00000228575.9,0.0
ENSG00000228577.1,0.0
ENSG00000228578.1,0.0
ENSG00000228579.1,0.0
ENSG00000228582.9,0.0
ENSG00000228583.1,0.0
ENSG00000228585.1,0.0
ENSG00000228586.2,0.0
ENSG00000228587.1,0.0
ENSG00000228589.3,3.37345
ENSG00000228590.5,0.869353
ENSG00000228592.3,0.0
ENSG00000228593.1,0.0
ENSG00000228594.4,4.717017
ENSG00000228595.1,0.0
ENSG00000228596.1,0.0
ENSG00000228597.1,0.0
ENSG00000228598.2,0.0
ENSG00000228599.1,0.0
ENSG00000228600.1,0.0
ENSG00000228601.1,0.0
ENSG00000228604.3,0.0
ENSG00000228606.5,0.901758
ENSG00000228607.3,0.0
ENSG00000228610.1,0.0
ENSG00000228611.2,0.0
ENSG00000228612.2,0.08807
ENSG00000228613.2,0.493397
ENSG00000228615.1,0.0
ENSG00000228618.1,0.0
ENSG00000228620.2,0.0
ENSG00000228622.1,0.0
ENSG00000228623.9,0.182677
ENSG00000228624.9,0.712003
ENSG00000228625.1,0.0
ENSG00000228626.1,0.0
ENSG00000228627.2,0.0
ENSG00000228628.8,54.483171999999996
ENSG00000228629.3,0.0
ENSG00000228630.8,0.0
ENSG00000228634.1,0.0
ENSG00000228635.1,0.0
ENSG00000228636.4,0.0
ENSG00000228638.1,0.0
ENSG00000228639.9,0.0
ENSG00000228643.2,0.0
ENSG00000228645.2,0.0
ENSG00000228646.3,0.0
ENSG00000228649.12,1.545021
ENSG00000228650.2,0.0
ENSG00000228653.2,0.0
ENSG00000228655.7,0.0
ENSG00000228656.1,0.0
ENSG00000228657.1,0.0
ENSG00000228658.2,0.0
ENSG00000228659.2,0.0
ENSG00000228660.1,0.0
ENSG00000228661.2,0.0
ENSG00000228662.2,0.0
ENSG00000228663.1,0.4545
ENSG00000228664.1,0.0
ENSG00000228665.2,0.0
ENSG00000228666.1,0.0
ENSG00000228667.1,0.0
ENSG00000228668.1,0.0
ENSG00000228669.3,0.0
ENSG00000228670.4,0.0
ENSG00000228672.4,0.205762
ENSG00000228674.4,3.337249
ENSG00000228675.1,0.0
ENSG00000228677.1,0.0
ENSG00000228679.2,0.0
ENSG00000228680.2,0.0
ENSG00000228681.1,0.0
ENSG00000228683.2,0.0
ENSG00000228684.1,0.0
ENSG00000228685.1,0.0
ENSG00000228686.2,0.0
ENSG00000228687.1,0.0
ENSG00000228688.1,0.0
ENSG00000228689.9,0.0
ENSG00000228691.6,25.883232
ENSG00000228692.2,0.0
ENSG00000228694.1,0.0
ENSG00000228695.12,0.0
ENSG00000228696.12,2.602797
ENSG00000228697.7,0.0
ENSG00000228698.2,0.0
ENSG00000228700.1,0.0
ENSG00000228701.4,1.323894
ENSG00000228702.1,0.0
ENSG00000228703.1,0.0
ENSG00000228705.5,0.6547259999999999
ENSG00000228707.1,0.0
ENSG00000228708.1,0.0
ENSG00000228709.3,0.0
ENSG00000228711.1,0.0
ENSG00000228712.2,0.0
ENSG00000228713.1,0.0
ENSG00000228714.5,0.0
ENSG00000228716.7,3.354285
ENSG00000228717.1,0.0
ENSG00000228718.3,0.0
ENSG00000228719.2,0.311528
ENSG00000228721.1,0.0
ENSG00000228723.7,0.0
ENSG00000228725.3,0.205172
ENSG00000228727.10,2.012914
ENSG00000228728.1,0.0
ENSG00000228729.1,0.0
ENSG00000228730.2,0.0
ENSG00000228734.2,0.0
ENSG00000228735.2,0.0
ENSG00000228737.3,0.0
ENSG00000228739.1,0.0
ENSG00000228740.4,0.0
ENSG00000228741.2,0.0
ENSG00000228742.12,0.37168
ENSG00000228744.1,0.0
ENSG00000228748.3,0.0
ENSG00000228750.8,0.0
ENSG00000228751.1,0.0
ENSG00000228753.1,0.0
ENSG00000228754.1,0.0
ENSG00000228755.1,0.0
ENSG00000228757.1,0.0
ENSG00000228759.1,0.0
ENSG00000228760.10,43.889895
ENSG00000228762.5,0.0
ENSG00000228763.1,0.0
ENSG00000228764.1,0.0
ENSG00000228766.3,0.0
ENSG00000228767.1,0.0
ENSG00000228768.4,0.0
ENSG00000228769.1,0.0
ENSG00000228770.1,0.0
ENSG00000228771.1,0.0
ENSG00000228772.2,0.0
ENSG00000228775.8,0.097361
ENSG00000228776.2,0.0
ENSG00000228777.3,0.0
ENSG00000228778.3,0.0
ENSG00000228779.1,0.0
ENSG00000228780.2,0.0
ENSG00000228781.1,0.0
ENSG00000228782.10,0.0
ENSG00000228783.1,0.0
ENSG00000228784.10,6.207281999999999
ENSG00000228786.7,0.0
ENSG00000228787.1,0.0
ENSG00000228789.11,0.378448
ENSG00000228790.1,0.0
ENSG00000228791.9,0.0
ENSG00000228792.4,0.0
ENSG00000228793.4,1.5754940000000002
ENSG00000228794.13,6.1199200000000005
ENSG00000228797.2,0.0
ENSG00000228799.6,0.0
ENSG00000228800.2,0.0
ENSG00000228801.9,0.515744
ENSG00000228802.1,0.0
ENSG00000228803.1,0.0
ENSG00000228804.6,0.456366
ENSG00000228806.1,0.0
ENSG00000228807.1,0.0
ENSG00000228808.1,0.0
ENSG00000228809.2,0.0
ENSG00000228810.1,0.0
ENSG00000228812.10,0.0
ENSG00000228813.9,0.0
ENSG00000228814.4,0.0
ENSG00000228815.1,0.0
ENSG00000228816.1,0.0
ENSG00000228817.4,1.555744
ENSG00000228818.1,0.0
ENSG00000228819.1,0.0
ENSG00000228820.2,0.0
ENSG00000228823.1,0.0
ENSG00000228824.9,0.0
ENSG00000228825.1,0.0
ENSG00000228826.4,0.0
ENSG00000228827.1,0.0
ENSG00000228828.1,0.0
ENSG00000228829.2,0.0
ENSG00000228830.1,0.0
ENSG00000228833.1,0.0
ENSG00000228834.1,0.0
ENSG00000228835.1,0.0
ENSG00000228836.9,0.0
ENSG00000228837.2,0.0
ENSG00000228838.1,0.0
ENSG00000228839.6,1.719351
ENSG00000228842.4,0.0
ENSG00000228843.2,0.0
ENSG00000228844.1,0.0
ENSG00000228845.1,0.0
ENSG00000228847.1,0.0
ENSG00000228848.3,0.0
ENSG00000228850.1,0.0
ENSG00000228851.1,0.0
ENSG00000228852.6,0.0
ENSG00000228853.1,0.0
ENSG00000228854.8,0.0
ENSG00000228855.1,0.0
ENSG00000228857.4,2.365983
ENSG00000228860.1,0.0
ENSG00000228861.5,0.0
ENSG00000228862.6,0.7991429999999999
ENSG00000228863.9,2.840324
ENSG00000228868.3,0.0
ENSG00000228869.1,0.0
ENSG00000228872.2,0.0
ENSG00000228873.2,0.0
ENSG00000228874.1,0.0
ENSG00000228875.8,0.0
ENSG00000228876.4,0.0
ENSG00000228877.3,0.930996
ENSG00000228878.11,0.186818
ENSG00000228879.1,0.0
ENSG00000228881.7,0.0
ENSG00000228882.1,0.0
ENSG00000228884.2,0.0
ENSG00000228886.1,0.0
ENSG00000228887.3,0.0
ENSG00000228888.2,0.0
ENSG00000228889.10,2.210141
ENSG00000228894.6,0.0
ENSG00000228897.1,14.703751
ENSG00000228898.1,0.0
ENSG00000228901.3,0.0
ENSG00000228902.1,0.0
ENSG00000228903.8,0.0
ENSG00000228904.3,0.0
ENSG00000228909.3,0.0
ENSG00000228912.2,0.0
ENSG00000228913.2,0.0
ENSG00000228914.2,0.0
ENSG00000228915.3,0.0
ENSG00000228917.2,0.0
ENSG00000228918.6,0.0
ENSG00000228919.5,0.0
ENSG00000228921.1,11.103894
ENSG00000228922.1,0.0
ENSG00000228923.1,0.0
ENSG00000228925.2,0.0
ENSG00000228927.10,0.0
ENSG00000228928.1,0.0
ENSG00000228929.1,0.0
ENSG00000228930.1,0.0
ENSG00000228933.9,0.705288
ENSG00000228935.1,0.0
ENSG00000228937.1,0.0
ENSG00000228938.3,0.0
ENSG00000228939.1,0.683104
ENSG00000228940.1,0.0
ENSG00000228941.1,0.0
ENSG00000228943.1,0.0
ENSG00000228944.2,0.0
ENSG00000228945.3,0.0
ENSG00000228948.2,0.0
ENSG00000228949.1,0.0
ENSG00000228950.2,0.0
ENSG00000228952.1,0.0
ENSG00000228953.1,0.0
ENSG00000228954.1,0.0
ENSG00000228955.2,0.0
ENSG00000228956.10,2.5496410000000003
ENSG00000228957.1,0.0
ENSG00000228958.1,0.0
ENSG00000228959.2,0.0
ENSG00000228961.2,0.0
ENSG00000228963.3,0.0
ENSG00000228964.10,14246.302665
ENSG00000228965.1,0.0
ENSG00000228966.2,0.0
ENSG00000228968.1,0.0
ENSG00000228970.6,0.0
ENSG00000228971.5,0.0
ENSG00000228973.2,0.0
ENSG00000228974.5,0.0
ENSG00000228976.1,0.0
ENSG00000228978.2,0.0
ENSG00000228979.4,0.744398
ENSG00000228980.5,0.0
ENSG00000228981.3,0.341564
ENSG00000228982.1,0.0
ENSG00000228983.10,0.0
ENSG00000228984.3,0.0
ENSG00000228985.1,0.0
ENSG00000228986.1,0.0
ENSG00000228987.9,0.0
ENSG00000228988.1,0.0
ENSG00000228992.2,0.0
ENSG00000228995.1,0.0
ENSG00000228997.1,0.0
ENSG00000228998.4,0.0
ENSG00000228999.5,0.0
ENSG00000229000.1,0.0
ENSG00000229001.1,0.0
ENSG00000229002.1,0.0
ENSG00000229005.3,0.0
ENSG00000229006.7,0.0
ENSG00000229007.1,0.0
ENSG00000229009.8,0.0
ENSG00000229010.1,0.0
ENSG00000229011.2,0.0
ENSG00000229012.2,0.0
ENSG00000229013.1,0.0
ENSG00000229014.3,0.0
ENSG00000229015.3,0.0
ENSG00000229016.1,0.0
ENSG00000229017.8,0.0
ENSG00000229018.5,0.0
ENSG00000229019.1,0.0
ENSG00000229020.4,0.0
ENSG00000229021.3,0.056746
ENSG00000229022.1,0.0
ENSG00000229023.1,0.521661
ENSG00000229025.1,0.0
ENSG00000229027.4,0.0
ENSG00000229028.4,0.0
ENSG00000229029.2,0.0
ENSG00000229030.1,0.0
ENSG00000229031.1,0.0
ENSG00000229032.1,0.0
ENSG00000229034.1,0.0
ENSG00000229035.2,0.0
ENSG00000229036.8,0.0
ENSG00000229037.2,0.0
ENSG00000229042.2,0.0
ENSG00000229043.4,0.876249
ENSG00000229044.2,0.0
ENSG00000229045.1,0.0
ENSG00000229046.1,0.0
ENSG00000229047.1,0.0
ENSG00000229048.5,0.0
ENSG00000229051.2,0.0
ENSG00000229052.3,0.0
ENSG00000229054.1,6.809183
ENSG00000229056.3,0.45265
ENSG00000229057.1,0.0
ENSG00000229058.10,0.0
ENSG00000229060.4,0.0
ENSG00000229061.8,0.0
ENSG00000229063.2,0.0
ENSG00000229064.1,0.0
ENSG00000229065.1,0.0
ENSG00000229066.3,0.0
ENSG00000229067.1,0.0
ENSG00000229068.1,0.0
ENSG00000229071.9,0.0
ENSG00000229072.1,0.0
ENSG00000229074.8,3.855744
ENSG00000229075.1,0.0
ENSG00000229079.1,0.0
ENSG00000229080.1,0.0
ENSG00000229081.1,0.0
ENSG00000229082.2,0.0
ENSG00000229083.1,0.0
ENSG00000229086.6,0.0
ENSG00000229087.1,0.0
ENSG00000229088.1,0.0
ENSG00000229089.9,0.0
ENSG00000229090.2,0.0
ENSG00000229091.3,0.0
ENSG00000229092.2,0.0
ENSG00000229093.1,1.038452
ENSG00000229097.1,0.0
ENSG00000229099.1,0.0
ENSG00000229101.1,0.0
ENSG00000229102.2,0.0
ENSG00000229104.1,0.0
ENSG00000229105.2,0.0
ENSG00000229106.1,0.206768
ENSG00000229107.2,0.0
ENSG00000229108.5,0.0
ENSG00000229109.3,0.0
ENSG00000229110.1,0.0
ENSG00000229111.2,0.0
ENSG00000229112.1,0.0
ENSG00000229115.1,0.0
ENSG00000229116.4,0.0
ENSG00000229117.9,1020.566688
ENSG00000229118.2,0.0
ENSG00000229119.3,0.0
ENSG00000229120.2,0.0
ENSG00000229122.1,0.0
ENSG00000229124.9,13.28983
ENSG00000229125.8,0.0
ENSG00000229126.6,0.0
ENSG00000229127.2,0.269261
ENSG00000229129.1,0.0
ENSG00000229131.2,0.0
ENSG00000229132.2,0.0
ENSG00000229133.1,0.0
ENSG00000229138.1,0.0
ENSG00000229140.13,0.397178
ENSG00000229142.1,0.0
ENSG00000229143.1,0.0
ENSG00000229145.1,0.0
ENSG00000229146.2,0.0
ENSG00000229147.1,0.0
ENSG00000229150.3,0.0
ENSG00000229152.2,1.096702
ENSG00000229153.8,2.425237
ENSG00000229154.3,0.0
ENSG00000229155.3,0.0
ENSG00000229156.1,0.0
ENSG00000229159.1,0.0
ENSG00000229161.2,0.0
ENSG00000229162.1,0.0
ENSG00000229163.2,0.0
ENSG00000229165.1,0.0
ENSG00000229167.3,0.0
ENSG00000229168.4,0.0
ENSG00000229169.1,0.0
ENSG00000229170.6,0.85079
ENSG00000229172.1,0.0
ENSG00000229173.1,0.0
ENSG00000229175.3,0.0
ENSG00000229176.11,0.0
ENSG00000229177.2,0.0
ENSG00000229178.1,0.0
ENSG00000229180.10,0.0
ENSG00000229181.1,0.0
ENSG00000229182.3,0.0
ENSG00000229183.10,1.243924
ENSG00000229184.2,0.0
ENSG00000229185.4,0.0
ENSG00000229186.4,0.0
ENSG00000229188.3,0.0
ENSG00000229190.2,0.0
ENSG00000229192.7,0.0
ENSG00000229195.2,0.877441
ENSG00000229196.5,0.0
ENSG00000229197.1,0.0
ENSG00000229199.5,0.0
ENSG00000229201.2,0.0
ENSG00000229203.1,0.0
ENSG00000229204.3,0.0
ENSG00000229205.5,0.0
ENSG00000229206.3,0.0
ENSG00000229207.1,0.0
ENSG00000229208.1,0.0
ENSG00000229209.2,0.0
ENSG00000229211.3,0.0
ENSG00000229212.9,0.0
ENSG00000229213.1,0.0
ENSG00000229214.2,0.0
ENSG00000229215.9,1.883047
ENSG00000229216.4,0.0
ENSG00000229217.1,0.0
ENSG00000229220.1,0.0
ENSG00000229221.1,0.0
ENSG00000229222.1,0.202806
ENSG00000229224.3,0.0
ENSG00000229225.1,0.0
ENSG00000229226.3,0.0
ENSG00000229227.9,0.0
ENSG00000229228.2,0.0
ENSG00000229229.1,0.0
ENSG00000229230.3,0.0
ENSG00000229231.1,0.0
ENSG00000229232.6,0.0
ENSG00000229233.1,0.0
ENSG00000229234.1,0.0
ENSG00000229235.1,0.0
ENSG00000229236.4,0.205759
ENSG00000229237.2,0.0
ENSG00000229238.3,0.0
ENSG00000229239.2,0.0
ENSG00000229240.9,0.0
ENSG00000229241.1,0.0
ENSG00000229242.1,0.0
ENSG00000229243.2,0.0
ENSG00000229246.2,0.0
ENSG00000229247.2,0.0
ENSG00000229248.1,0.0
ENSG00000229249.8,0.0
ENSG00000229250.1,0.0
ENSG00000229251.3,0.0
ENSG00000229253.5,4.333766
ENSG00000229254.1,0.0
ENSG00000229255.2,0.0
ENSG00000229256.1,0.0
ENSG00000229257.3,0.0
ENSG00000229258.7,0.0
ENSG00000229259.1,0.0
ENSG00000229261.1,0.0
ENSG00000229262.2,0.0
ENSG00000229263.1,0.0
ENSG00000229265.1,0.0
ENSG00000229266.1,0.0
ENSG00000229267.4,11.819203
ENSG00000229268.1,0.0
ENSG00000229269.1,0.0
ENSG00000229271.4,0.0
ENSG00000229272.3,0.0
ENSG00000229273.1,0.0
ENSG00000229274.3,0.0
ENSG00000229275.2,0.0
ENSG00000229276.1,0.0
ENSG00000229278.5,0.0
ENSG00000229280.1,0.0
ENSG00000229281.1,0.0
ENSG00000229282.3,0.0
ENSG00000229283.2,0.0
ENSG00000229284.4,0.0
ENSG00000229286.1,0.0
ENSG00000229287.1,0.0
ENSG00000229288.1,0.0
ENSG00000229289.1,0.0
ENSG00000229291.3,0.489518
ENSG00000229292.2,0.0
ENSG00000229294.1,0.0
ENSG00000229295.11,0.0
ENSG00000229297.1,0.0
ENSG00000229298.1,0.0
ENSG00000229299.3,0.81438
ENSG00000229300.9,11.540615
ENSG00000229301.2,0.0
ENSG00000229303.1,0.0
ENSG00000229305.1,0.0
ENSG00000229306.1,0.0
ENSG00000229307.1,0.0
ENSG00000229308.2,0.0
ENSG00000229309.3,0.0
ENSG00000229310.1,0.0
ENSG00000229311.2,0.0
ENSG00000229312.3,0.0
ENSG00000229313.1,0.0
ENSG00000229314.6,47.634713
ENSG00000229315.8,0.0
ENSG00000229316.1,0.0
ENSG00000229320.4,2.907325
ENSG00000229321.3,0.0
ENSG00000229322.1,0.0
ENSG00000229324.1,0.0
ENSG00000229325.1,0.0
ENSG00000229326.3,0.0
ENSG00000229327.1,0.0
ENSG00000229330.2,0.0
ENSG00000229331.1,1.069028
ENSG00000229332.2,0.0
ENSG00000229334.3,0.0
ENSG00000229335.3,0.0
ENSG00000229336.1,0.0
ENSG00000229337.3,0.485889
ENSG00000229338.1,0.0
ENSG00000229339.1,0.0
ENSG00000229341.2,0.0
ENSG00000229343.1,0.0
ENSG00000229344.1,0.0
ENSG00000229345.2,0.0
ENSG00000229346.8,0.130832
ENSG00000229347.1,0.0
ENSG00000229348.1,0.0
ENSG00000229349.2,0.0
ENSG00000229351.1,0.0
ENSG00000229353.10,0.0
ENSG00000229356.2,0.0
ENSG00000229357.1,0.0
ENSG00000229358.3,0.0
ENSG00000229359.3,0.0
ENSG00000229360.1,0.0
ENSG00000229361.5,0.0
ENSG00000229365.3,0.0
ENSG00000229367.1,0.0
ENSG00000229368.1,1.325698
ENSG00000229369.1,0.0
ENSG00000229370.1,0.0
ENSG00000229372.1,0.438373
ENSG00000229373.10,0.0
ENSG00000229375.1,0.0
ENSG00000229376.3,0.0
ENSG00000229379.1,0.0
ENSG00000229380.2,0.0
ENSG00000229381.8,0.6869620000000001
ENSG00000229382.1,0.0
ENSG00000229383.5,0.0
ENSG00000229384.2,0.0
ENSG00000229385.2,0.205835
ENSG00000229386.4,0.0
ENSG00000229388.2,0.0
ENSG00000229389.3,0.0
ENSG00000229390.1,0.0
ENSG00000229391.8,0.0
ENSG00000229393.1,0.0
ENSG00000229395.1,0.0
ENSG00000229396.1,0.0
ENSG00000229398.1,0.0
ENSG00000229399.1,0.0
ENSG00000229400.1,0.0
ENSG00000229402.1,0.0
ENSG00000229404.7,0.0
ENSG00000229405.1,0.0
ENSG00000229406.1,0.0
ENSG00000229407.6,0.0
ENSG00000229409.1,0.0
ENSG00000229411.1,0.0
ENSG00000229412.5,0.0
ENSG00000229413.2,0.0
ENSG00000229414.3,0.0
ENSG00000229415.11,0.0
ENSG00000229416.1,0.0
ENSG00000229417.1,0.0
ENSG00000229418.3,0.0
ENSG00000229419.1,0.0
ENSG00000229421.1,0.0
ENSG00000229422.2,0.457032
ENSG00000229423.2,0.0
ENSG00000229424.1,0.0
ENSG00000229425.6,0.0
ENSG00000229427.1,0.0
ENSG00000229428.1,0.0
ENSG00000229430.3,0.0
ENSG00000229431.2,3.2718879999999997
ENSG00000229432.2,0.0
ENSG00000229433.3,0.0
ENSG00000229434.1,0.0
ENSG00000229435.2,0.0
ENSG00000229436.1,0.0
ENSG00000229437.3,0.0
ENSG00000229440.1,0.0
ENSG00000229441.1,0.0
ENSG00000229442.2,0.0
ENSG00000229443.3,0.0
ENSG00000229444.2,0.0
ENSG00000229447.2,0.901769
ENSG00000229452.2,0.0
ENSG00000229453.3,0.0
ENSG00000229455.2,0.0
ENSG00000229456.1,0.0
ENSG00000229457.1,0.0
ENSG00000229459.1,0.0
ENSG00000229462.1,0.0
ENSG00000229466.3,0.0
ENSG00000229467.2,0.0
ENSG00000229468.1,0.0
ENSG00000229470.9,1.79932
ENSG00000229473.2,0.615356
ENSG00000229474.8,24.695295
ENSG00000229478.1,0.0
ENSG00000229483.3,0.0
ENSG00000229484.4,0.6756329999999999
ENSG00000229485.1,0.0
ENSG00000229486.2,0.0
ENSG00000229487.1,0.0
ENSG00000229488.9,0.0
ENSG00000229491.6,0.0
ENSG00000229492.1,0.0
ENSG00000229493.9,0.0
ENSG00000229494.3,0.0
ENSG00000229495.1,0.0
ENSG00000229496.10,0.0
ENSG00000229497.1,0.0
ENSG00000229498.1,0.0
ENSG00000229500.1,0.0
ENSG00000229502.5,0.0
ENSG00000229503.1,0.0
ENSG00000229505.1,0.0
ENSG00000229508.2,0.0
ENSG00000229509.1,0.0
ENSG00000229511.1,0.0
ENSG00000229512.1,0.0
ENSG00000229515.1,0.0
ENSG00000229518.1,0.0
ENSG00000229519.2,0.0
ENSG00000229520.3,0.0
ENSG00000229521.2,0.0
ENSG00000229522.2,0.0
ENSG00000229524.10,0.369785
ENSG00000229525.2,0.0
ENSG00000229526.3,0.0
ENSG00000229528.1,0.0
ENSG00000229530.1,0.0
ENSG00000229531.7,0.0
ENSG00000229532.1,0.0
ENSG00000229533.1,0.0
ENSG00000229534.1,0.0
ENSG00000229535.1,0.0
ENSG00000229536.4,0.166748
ENSG00000229537.8,0.0
ENSG00000229539.3,1.718866
ENSG00000229541.2,0.0
ENSG00000229543.2,0.0
ENSG00000229544.9,0.0
ENSG00000229546.2,0.197053
ENSG00000229547.7,0.0
ENSG00000229549.9,0.0
ENSG00000229550.1,0.0
ENSG00000229551.2,0.0
ENSG00000229552.1,0.0
ENSG00000229553.1,0.0
ENSG00000229554.2,0.0
ENSG00000229557.2,0.0
ENSG00000229558.3,0.0
ENSG00000229559.3,0.0
ENSG00000229560.1,0.0
ENSG00000229562.1,0.0
ENSG00000229563.8,0.082081
ENSG00000229565.3,0.0
ENSG00000229567.1,0.0
ENSG00000229568.1,0.0
ENSG00000229569.1,0.0
ENSG00000229570.2,0.0
ENSG00000229571.7,0.0
ENSG00000229572.1,0.0
ENSG00000229578.4,0.0
ENSG00000229582.4,0.0
ENSG00000229585.4,0.0
ENSG00000229586.2,0.0
ENSG00000229587.2,0.0
ENSG00000229588.4,0.0
ENSG00000229589.1,0.0
ENSG00000229590.3,1.338447
ENSG00000229591.2,0.672519
ENSG00000229593.1,0.0
ENSG00000229594.1,0.0
ENSG00000229595.1,0.0
ENSG00000229596.3,0.0
ENSG00000229598.1,0.0
ENSG00000229599.3,0.0
ENSG00000229600.1,0.0
ENSG00000229601.1,0.0
ENSG00000229603.1,0.0
ENSG00000229604.2,0.0
ENSG00000229605.5,0.0
ENSG00000229606.3,0.0
ENSG00000229607.2,0.0
ENSG00000229608.1,0.0
ENSG00000229609.2,0.0
ENSG00000229612.1,0.0
ENSG00000229613.4,0.155655
ENSG00000229616.2,0.0
ENSG00000229618.4,0.0
ENSG00000229619.6,0.5891
ENSG00000229621.3,0.0
ENSG00000229622.1,0.0
ENSG00000229623.1,1.003333
ENSG00000229625.3,0.0
ENSG00000229626.1,0.0
ENSG00000229627.2,0.0
ENSG00000229629.1,0.0
ENSG00000229630.2,0.0
ENSG00000229635.1,0.0
ENSG00000229636.2,0.0
ENSG00000229637.4,0.0
ENSG00000229638.1,0.0
ENSG00000229639.1,0.0
ENSG00000229641.1,0.0
ENSG00000229642.2,0.334238
ENSG00000229643.2,0.0
ENSG00000229644.6,28.203682
ENSG00000229647.4,0.601964
ENSG00000229648.1,1.349119
ENSG00000229649.2,0.0
ENSG00000229652.1,0.0
ENSG00000229653.6,0.0
ENSG00000229654.2,0.0
ENSG00000229656.10,0.0
ENSG00000229657.2,0.0
ENSG00000229658.1,0.0
ENSG00000229659.1,0.0
ENSG00000229660.1,0.0
ENSG00000229661.1,0.0
ENSG00000229662.2,0.0
ENSG00000229663.1,0.0
ENSG00000229664.1,0.0
ENSG00000229666.3,0.5128999999999999
ENSG00000229667.2,0.0
ENSG00000229668.1,0.0
ENSG00000229670.2,0.0
ENSG00000229671.3,0.217917
ENSG00000229672.4,0.0
ENSG00000229673.1,0.0
ENSG00000229674.3,0.0
ENSG00000229676.3,0.109657
ENSG00000229677.1,2.475061
ENSG00000229679.1,0.0
ENSG00000229680.4,0.0
ENSG00000229682.1,0.0
ENSG00000229686.1,0.0
ENSG00000229687.2,0.0
ENSG00000229688.9,0.0
ENSG00000229689.5,0.0
ENSG00000229690.1,0.0
ENSG00000229692.3,0.0
ENSG00000229693.2,0.0
ENSG00000229695.1,0.0
ENSG00000229696.1,0.0
ENSG00000229697.3,0.0
ENSG00000229698.11,37.910767
ENSG00000229699.1,0.0
ENSG00000229700.1,0.754647
ENSG00000229701.1,0.0
ENSG00000229703.7,0.0
ENSG00000229704.1,0.0
ENSG00000229706.4,0.0
ENSG00000229707.1,0.0
ENSG00000229708.1,0.0
ENSG00000229709.1,0.0
ENSG00000229711.1,0.0
ENSG00000229713.1,0.0
ENSG00000229715.5,0.0
ENSG00000229716.2,0.0
ENSG00000229717.4,0.0
ENSG00000229719.8,0.7431890000000001
ENSG00000229720.1,0.0
ENSG00000229721.3,0.0
ENSG00000229722.1,0.0
ENSG00000229723.2,0.0
ENSG00000229724.1,0.0
ENSG00000229725.1,0.0
ENSG00000229727.8,0.0
ENSG00000229728.1,0.0
ENSG00000229730.2,0.0
ENSG00000229731.1,0.0
ENSG00000229732.1,0.0
ENSG00000229733.1,0.0
ENSG00000229735.1,0.0
ENSG00000229738.1,0.0
ENSG00000229739.5,0.339524
ENSG00000229740.4,0.0
ENSG00000229741.7,0.0
ENSG00000229742.1,0.0
ENSG00000229743.7,0.0
ENSG00000229744.1,0.0
ENSG00000229745.1,0.0
ENSG00000229747.1,0.0
ENSG00000229749.1,0.0
ENSG00000229750.2,0.0
ENSG00000229751.1,0.0
ENSG00000229752.1,0.0
ENSG00000229753.1,0.0
ENSG00000229754.3,0.0
ENSG00000229755.1,0.0
ENSG00000229756.1,0.0
ENSG00000229757.2,0.0
ENSG00000229758.2,0.0
ENSG00000229759.1,0.0
ENSG00000229760.1,0.0
ENSG00000229761.1,0.0
ENSG00000229762.1,0.0
ENSG00000229765.2,0.0
ENSG00000229766.8,0.0
ENSG00000229767.9,0.0
ENSG00000229769.2,0.0
ENSG00000229770.3,0.391998
ENSG00000229771.3,0.0
ENSG00000229774.2,0.0
ENSG00000229775.7,0.0
ENSG00000229779.1,0.0
ENSG00000229780.2,0.0
ENSG00000229781.1,0.0
ENSG00000229782.2,0.466154
ENSG00000229785.1,0.0
ENSG00000229786.1,0.0
ENSG00000229788.1,0.0
ENSG00000229791.1,0.0
ENSG00000229792.2,0.0
ENSG00000229794.2,0.0
ENSG00000229795.2,0.0
ENSG00000229797.3,0.0
ENSG00000229798.1,0.0
ENSG00000229800.1,0.0
ENSG00000229805.2,0.0
ENSG00000229806.1,0.0
ENSG00000229807.15,48.040622
ENSG00000229808.2,0.0
ENSG00000229809.9,16.53191
ENSG00000229814.1,0.0
ENSG00000229815.1,0.0
ENSG00000229816.1,0.100668
ENSG00000229817.1,0.0
ENSG00000229820.2,0.0
ENSG00000229821.1,0.0
ENSG00000229822.2,0.0
ENSG00000229823.1,0.0
ENSG00000229824.1,0.0
ENSG00000229826.2,0.0
ENSG00000229827.1,0.0
ENSG00000229828.2,0.0
ENSG00000229829.1,0.0
ENSG00000229830.1,0.0
ENSG00000229831.2,0.0
ENSG00000229832.1,0.0
ENSG00000229833.11,47.790852
ENSG00000229834.1,0.0
ENSG00000229835.2,0.0
ENSG00000229836.1,0.0
ENSG00000229839.7,2.23566
ENSG00000229840.2,0.0
ENSG00000229842.2,0.0
ENSG00000229846.3,0.0
ENSG00000229847.10,0.03232
ENSG00000229848.1,0.0
ENSG00000229849.1,0.0
ENSG00000229851.1,0.0
ENSG00000229852.5,0.595142
ENSG00000229853.1,0.0
ENSG00000229854.1,0.0
ENSG00000229855.10,0.0
ENSG00000229856.8,0.0
ENSG00000229857.1,0.0
ENSG00000229858.2,0.0
ENSG00000229859.10,0.176864
ENSG00000229862.6,0.509416
ENSG00000229863.1,0.0
ENSG00000229865.1,0.0
ENSG00000229867.2,0.0
ENSG00000229869.2,0.691344
ENSG00000229870.1,0.0
ENSG00000229871.1,0.0
ENSG00000229873.3,0.0
ENSG00000229875.1,0.0
ENSG00000229876.2,0.0
ENSG00000229877.1,0.0
ENSG00000229878.1,0.0
ENSG00000229880.1,0.0
ENSG00000229882.2,0.0
ENSG00000229885.1,0.0
ENSG00000229886.1,0.0
ENSG00000229887.5,0.0
ENSG00000229890.1,0.0
ENSG00000229891.5,0.0
ENSG00000229892.1,0.0
ENSG00000229893.3,0.0
ENSG00000229894.5,0.0
ENSG00000229896.2,0.0
ENSG00000229897.2,0.0
ENSG00000229899.1,0.0
ENSG00000229900.1,0.0
ENSG00000229901.1,0.0
ENSG00000229903.1,0.0
ENSG00000229905.1,0.0
ENSG00000229906.1,0.0
ENSG00000229907.3,0.0
ENSG00000229909.1,0.0
ENSG00000229910.1,0.0
ENSG00000229911.2,0.0
ENSG00000229913.1,0.0
ENSG00000229914.1,0.0
ENSG00000229915.1,0.0
ENSG00000229917.2,0.0
ENSG00000229918.2,0.0
ENSG00000229919.3,0.0
ENSG00000229920.3,0.0
ENSG00000229921.8,0.0
ENSG00000229922.6,0.647477
ENSG00000229923.2,0.0
ENSG00000229924.3,0.0
ENSG00000229925.2,0.0
ENSG00000229926.1,0.0
ENSG00000229927.2,0.0
ENSG00000229928.1,0.0
ENSG00000229930.1,0.0
ENSG00000229931.4,0.695387
ENSG00000229932.3,0.0
ENSG00000229935.1,0.0
ENSG00000229937.9,0.0
ENSG00000229938.1,0.0
ENSG00000229939.1,0.0
ENSG00000229940.1,0.0
ENSG00000229941.7,0.0
ENSG00000229942.1,0.0
ENSG00000229943.1,0.0
ENSG00000229944.3,0.0
ENSG00000229946.2,0.0
ENSG00000229948.2,0.0
ENSG00000229949.1,0.0
ENSG00000229950.2,0.527344
ENSG00000229951.7,0.24088
ENSG00000229953.2,0.179399
ENSG00000229954.1,0.0
ENSG00000229955.1,0.0
ENSG00000229956.12,0.050334
ENSG00000229957.1,0.0
ENSG00000229959.1,0.0
ENSG00000229960.2,0.0
ENSG00000229961.4,0.0
ENSG00000229962.3,0.0
ENSG00000229965.1,0.0
ENSG00000229967.2,0.0
ENSG00000229968.1,0.0
ENSG00000229969.2,0.0
ENSG00000229970.3,0.0
ENSG00000229971.1,0.0
ENSG00000229972.10,0.0
ENSG00000229975.1,0.0
ENSG00000229976.3,0.0
ENSG00000229977.2,0.0
ENSG00000229978.2,0.0
ENSG00000229979.1,0.0
ENSG00000229980.6,0.679221
ENSG00000229981.9,0.0
ENSG00000229982.1,0.0
ENSG00000229983.1,0.0
ENSG00000229985.2,0.0
ENSG00000229986.1,0.0
ENSG00000229988.3,0.0
ENSG00000229989.7,0.167376
ENSG00000229990.3,0.0
ENSG00000229991.1,0.0
ENSG00000229992.1,0.0
ENSG00000229994.1,0.321838
ENSG00000229996.1,0.0
ENSG00000229998.8,5.513361
ENSG00000229999.6,0.0
ENSG00000230000.4,0.0
ENSG00000230001.1,0.0
ENSG00000230002.3,0.232384
ENSG00000230003.2,0.0
ENSG00000230004.1,0.0
ENSG00000230005.2,0.0
ENSG00000230006.10,0.0
ENSG00000230009.1,0.0
ENSG00000230010.3,0.0
ENSG00000230011.2,0.0
ENSG00000230013.3,0.0
ENSG00000230014.2,0.0
ENSG00000230015.5,0.0
ENSG00000230016.1,0.0
ENSG00000230017.6,0.615356
ENSG00000230018.1,0.0
ENSG00000230019.1,0.0
ENSG00000230020.1,0.0
ENSG00000230021.11,0.0
ENSG00000230022.1,0.0
ENSG00000230023.3,0.0
ENSG00000230025.1,0.0
ENSG00000230026.2,0.0
ENSG00000230027.3,0.0
ENSG00000230029.1,0.0
ENSG00000230030.2,0.0
ENSG00000230031.10,0.0
ENSG00000230033.1,0.0
ENSG00000230034.8,0.0
ENSG00000230035.3,0.0
ENSG00000230037.1,0.0
ENSG00000230039.1,0.0
ENSG00000230040.3,0.0
ENSG00000230042.1,0.0
ENSG00000230043.1,0.0
ENSG00000230044.1,0.0
ENSG00000230045.4,0.0
ENSG00000230046.1,0.0
ENSG00000230047.1,0.0
ENSG00000230051.4,0.0
ENSG00000230052.1,0.0
ENSG00000230053.2,0.0
ENSG00000230054.3,0.0
ENSG00000230056.1,0.0
ENSG00000230060.6,13.733756
ENSG00000230061.2,0.0
ENSG00000230062.7,0.0
ENSG00000230063.1,0.485245
ENSG00000230064.1,0.0
ENSG00000230065.1,0.0
ENSG00000230066.7,0.0
ENSG00000230067.4,0.0
ENSG00000230068.2,0.0
ENSG00000230069.3,0.0
ENSG00000230071.2,0.999439
ENSG00000230072.2,0.0
ENSG00000230073.1,0.0
ENSG00000230074.6,3.2106809999999997
ENSG00000230076.1,0.0
ENSG00000230077.1,0.0
ENSG00000230079.1,0.0
ENSG00000230080.2,0.0
ENSG00000230081.2,0.0
ENSG00000230082.2,0.706849
ENSG00000230083.1,0.0
ENSG00000230084.9,1.483074
ENSG00000230086.1,0.0
ENSG00000230087.1,0.0
ENSG00000230088.1,0.0
ENSG00000230091.7,0.379438
ENSG00000230092.8,0.0
ENSG00000230096.1,0.0
ENSG00000230097.2,0.0
ENSG00000230098.2,0.0
ENSG00000230099.2,12.538152
ENSG00000230100.1,0.0
ENSG00000230101.5,0.0
ENSG00000230102.9,0.0
ENSG00000230104.1,0.0
ENSG00000230105.2,0.0
ENSG00000230106.1,0.0
ENSG00000230107.2,0.768233
ENSG00000230109.2,0.0
ENSG00000230111.1,0.0
ENSG00000230112.1,0.0
ENSG00000230113.1,0.0
ENSG00000230114.1,0.0
ENSG00000230115.1,0.0
ENSG00000230116.1,0.0
ENSG00000230118.1,0.0
ENSG00000230119.1,0.0
ENSG00000230120.1,0.0
ENSG00000230121.1,0.0
ENSG00000230122.1,0.0
ENSG00000230123.1,0.0
ENSG00000230124.8,15.222894
ENSG00000230125.1,0.0
ENSG00000230126.1,0.0
ENSG00000230130.1,0.0
ENSG00000230131.7,0.0
ENSG00000230132.1,0.0
ENSG00000230133.3,0.0
ENSG00000230137.1,0.0
ENSG00000230138.2,2.513503
ENSG00000230140.7,0.0
ENSG00000230141.11,0.0
ENSG00000230142.3,0.0
ENSG00000230143.9,5.478818
ENSG00000230146.1,0.0
ENSG00000230147.2,0.0
ENSG00000230148.9,2.511683
ENSG00000230149.2,3.977093
ENSG00000230153.6,0.0
ENSG00000230154.1,0.0
ENSG00000230155.9,14.00887
ENSG00000230157.1,0.0
ENSG00000230158.1,0.0
ENSG00000230159.2,0.0
ENSG00000230160.1,0.0
ENSG00000230161.1,0.0
ENSG00000230162.1,0.235961
ENSG00000230163.1,0.0
ENSG00000230164.1,0.0
ENSG00000230165.1,0.0
ENSG00000230166.1,0.0
ENSG00000230169.1,0.0
ENSG00000230170.1,0.0
ENSG00000230171.1,0.0
ENSG00000230172.1,0.0
ENSG00000230173.1,0.0
ENSG00000230174.2,0.0
ENSG00000230175.1,0.0
ENSG00000230176.3,0.0
ENSG00000230178.1,0.0
ENSG00000230180.1,0.0
ENSG00000230182.1,0.0
ENSG00000230183.4,0.0
ENSG00000230184.1,0.0
ENSG00000230185.8,0.0
ENSG00000230186.4,0.0
ENSG00000230187.1,0.0
ENSG00000230188.1,0.0
ENSG00000230189.7,0.281717
ENSG00000230190.1,0.0
ENSG00000230191.1,0.0
ENSG00000230192.1,0.0
ENSG00000230194.1,0.0
ENSG00000230196.1,0.0
ENSG00000230197.7,0.0
ENSG00000230198.1,0.0
ENSG00000230199.1,0.0
ENSG00000230201.5,0.0
ENSG00000230202.1,0.0
ENSG00000230203.1,0.0
ENSG00000230204.1,0.0
ENSG00000230207.1,0.0
ENSG00000230208.1,0.0
ENSG00000230209.1,0.0
ENSG00000230212.7,0.0
ENSG00000230213.1,0.0
ENSG00000230214.1,0.0
ENSG00000230215.1,0.0
ENSG00000230216.1,0.0
ENSG00000230219.4,0.0
ENSG00000230221.2,0.0
ENSG00000230223.9,0.0
ENSG00000230224.1,0.0
ENSG00000230225.1,0.0
ENSG00000230226.2,0.0
ENSG00000230227.4,0.0
ENSG00000230228.2,0.0
ENSG00000230229.2,0.0
ENSG00000230230.7,0.0
ENSG00000230231.1,0.0
ENSG00000230233.1,0.0
ENSG00000230234.1,0.0
ENSG00000230237.1,0.0
ENSG00000230239.1,0.0
ENSG00000230240.1,0.0
ENSG00000230241.1,0.0
ENSG00000230243.1,0.0
ENSG00000230244.1,0.0
ENSG00000230245.2,0.0
ENSG00000230246.9,0.0
ENSG00000230247.2,0.0
ENSG00000230248.1,0.0
ENSG00000230249.1,0.0
ENSG00000230250.4,0.0
ENSG00000230251.1,0.0
ENSG00000230252.1,0.0
ENSG00000230256.1,0.0
ENSG00000230257.8,18.50621
ENSG00000230258.7,0.0
ENSG00000230260.1,0.0
ENSG00000230261.1,0.0
ENSG00000230262.10,0.0
ENSG00000230266.3,0.0
ENSG00000230267.8,0.0
ENSG00000230268.4,0.0
ENSG00000230269.8,0.0
ENSG00000230271.1,0.0
ENSG00000230273.1,0.0
ENSG00000230274.1,0.0
ENSG00000230275.2,0.0
ENSG00000230276.2,0.0
ENSG00000230280.2,0.0
ENSG00000230282.1,0.0
ENSG00000230283.1,0.0
ENSG00000230284.1,0.0
ENSG00000230285.2,0.0
ENSG00000230286.1,0.0
ENSG00000230287.3,0.0
ENSG00000230289.2,0.0
ENSG00000230290.2,0.365567
ENSG00000230291.5,0.0
ENSG00000230292.6,0.0
ENSG00000230293.11,0.0
ENSG00000230294.5,0.0
ENSG00000230295.1,0.0
ENSG00000230298.1,0.0
ENSG00000230299.1,0.0
ENSG00000230300.1,0.0
ENSG00000230301.6,0.0
ENSG00000230302.2,0.0
ENSG00000230303.7,0.195362
ENSG00000230304.1,0.0
ENSG00000230305.2,0.0
ENSG00000230306.1,0.0
ENSG00000230307.1,0.0
ENSG00000230308.10,6.18312
ENSG00000230309.3,0.0
ENSG00000230310.1,0.0
ENSG00000230311.2,0.0
ENSG00000230312.2,0.0
ENSG00000230313.1,0.0
ENSG00000230314.8,0.0
ENSG00000230316.8,0.0
ENSG00000230317.3,2.12475
ENSG00000230318.2,0.0
ENSG00000230319.2,0.0
ENSG00000230320.1,0.0
ENSG00000230321.1,0.0
ENSG00000230322.1,0.0
ENSG00000230323.7,0.0
ENSG00000230324.1,0.0
ENSG00000230325.1,0.0
ENSG00000230326.1,0.0
ENSG00000230327.1,0.0
ENSG00000230328.2,0.0
ENSG00000230330.1,0.0
ENSG00000230331.1,0.0
ENSG00000230332.8,0.0
ENSG00000230333.7,0.0
ENSG00000230335.1,0.0
ENSG00000230336.9,0.0
ENSG00000230337.5,0.889957
ENSG00000230338.1,0.0
ENSG00000230339.2,0.0
ENSG00000230341.8,0.0
ENSG00000230342.2,0.0
ENSG00000230343.1,0.0
ENSG00000230350.1,0.0
ENSG00000230352.1,0.0
ENSG00000230353.5,0.0
ENSG00000230355.1,0.0
ENSG00000230356.1,0.0
ENSG00000230358.6,0.0
ENSG00000230359.6,0.0
ENSG00000230360.1,0.0
ENSG00000230361.1,0.0
ENSG00000230362.1,0.0
ENSG00000230364.1,0.0
ENSG00000230365.2,0.0
ENSG00000230366.11,0.0
ENSG00000230368.3,0.0
ENSG00000230370.1,0.0
ENSG00000230371.1,0.0
ENSG00000230373.9,0.0
ENSG00000230375.1,0.0
ENSG00000230376.1,0.0
ENSG00000230377.1,0.0
ENSG00000230379.5,0.0
ENSG00000230383.1,0.0
ENSG00000230384.1,0.0
ENSG00000230385.2,0.544644
ENSG00000230386.5,0.0
ENSG00000230387.6,0.17911
ENSG00000230389.3,59.791757
ENSG00000230390.2,0.0
ENSG00000230391.1,0.0
ENSG00000230392.1,0.0
ENSG00000230393.1,0.0
ENSG00000230395.1,0.0
ENSG00000230397.1,0.0
ENSG00000230398.1,0.0
ENSG00000230399.2,0.0
ENSG00000230400.4,0.0
ENSG00000230401.2,0.0
ENSG00000230402.3,0.0
ENSG00000230403.2,0.0
ENSG00000230404.1,0.0
ENSG00000230405.1,0.0
ENSG00000230406.2,0.0
ENSG00000230407.1,0.0
ENSG00000230408.4,0.0
ENSG00000230409.3,0.0
ENSG00000230411.1,0.0
ENSG00000230413.9,0.0
ENSG00000230414.1,0.0
ENSG00000230415.2,2.919743
ENSG00000230416.3,0.0
ENSG00000230417.13,0.0
ENSG00000230418.2,0.0
ENSG00000230419.1,0.0
ENSG00000230422.1,0.0
ENSG00000230423.4,0.652981
ENSG00000230424.4,3.621202
ENSG00000230425.1,0.0
ENSG00000230426.6,0.0
ENSG00000230428.1,0.0
ENSG00000230432.2,0.0
ENSG00000230433.1,0.0
ENSG00000230434.4,0.0
ENSG00000230435.1,0.0
ENSG00000230437.1,0.0
ENSG00000230438.10,9.167778
ENSG00000230440.1,0.0
ENSG00000230442.6,2.787546
ENSG00000230444.1,0.0
ENSG00000230445.5,0.0
ENSG00000230447.2,0.0
ENSG00000230448.6,0.0
ENSG00000230449.1,0.0
ENSG00000230450.1,0.0
ENSG00000230451.2,0.0
ENSG00000230452.2,0.0
ENSG00000230453.11,0.0
ENSG00000230454.2,0.54815
ENSG00000230456.10,0.0
ENSG00000230457.3,0.0
ENSG00000230458.1,0.0
ENSG00000230459.3,0.0
ENSG00000230461.11,0.0
ENSG00000230463.3,0.0
ENSG00000230465.1,0.0
ENSG00000230467.8,0.0
ENSG00000230468.1,0.0
ENSG00000230469.1,0.0
ENSG00000230470.1,0.0
ENSG00000230471.2,0.0
ENSG00000230472.6,0.0
ENSG00000230474.1,0.0
ENSG00000230475.9,0.0
ENSG00000230476.1,0.0
ENSG00000230477.1,0.0
ENSG00000230478.1,0.0
ENSG00000230479.2,0.0
ENSG00000230480.1,0.0
ENSG00000230481.2,0.0
ENSG00000230482.1,0.0
ENSG00000230483.1,0.0
ENSG00000230484.2,0.0
ENSG00000230485.1,0.0
ENSG00000230487.10,2.839113
ENSG00000230489.3,0.67496
ENSG00000230490.5,0.283878
ENSG00000230491.1,0.0
ENSG00000230492.3,3.752875
ENSG00000230495.1,0.0
ENSG00000230496.1,0.0
ENSG00000230497.2,0.0
ENSG00000230498.3,0.0
ENSG00000230499.1,0.0
ENSG00000230500.1,0.0
ENSG00000230501.1,0.0
ENSG00000230502.1,0.0
ENSG00000230504.1,0.0
ENSG00000230505.4,0.0
ENSG00000230507.5,0.0
ENSG00000230508.1,0.0
ENSG00000230510.10,0.0
ENSG00000230513.5,0.802179
ENSG00000230515.2,0.0
ENSG00000230516.1,0.0
ENSG00000230519.2,0.0
ENSG00000230520.1,0.0
ENSG00000230521.1,0.0
ENSG00000230522.5,0.0
ENSG00000230523.1,0.0
ENSG00000230524.9,0.0
ENSG00000230526.2,0.154037
ENSG00000230528.8,0.0
ENSG00000230529.1,0.0
ENSG00000230530.3,0.797069
ENSG00000230531.1,0.0
ENSG00000230532.1,0.0
ENSG00000230533.6,0.0
ENSG00000230534.6,0.0
ENSG00000230535.1,0.0
ENSG00000230536.1,0.0
ENSG00000230537.3,0.926695
ENSG00000230538.1,0.0
ENSG00000230539.1,0.583156
ENSG00000230541.1,0.0
ENSG00000230542.6,0.0
ENSG00000230543.1,0.0
ENSG00000230545.6,0.0
ENSG00000230546.1,0.0
ENSG00000230547.1,0.0
ENSG00000230548.1,0.0
ENSG00000230549.3,0.0
ENSG00000230550.3,0.0
ENSG00000230551.4,2.002548
ENSG00000230552.7,0.0
ENSG00000230555.3,0.580345
ENSG00000230556.1,0.0
ENSG00000230558.2,0.0
ENSG00000230559.1,0.0
ENSG00000230561.7,0.0
ENSG00000230562.3,0.0
ENSG00000230563.5,0.0
ENSG00000230564.1,0.0
ENSG00000230568.1,0.0
ENSG00000230569.1,0.0
ENSG00000230570.1,0.0
ENSG00000230571.2,0.0
ENSG00000230572.6,0.0
ENSG00000230573.2,0.0
ENSG00000230574.1,0.0
ENSG00000230575.1,0.0
ENSG00000230576.1,0.0
ENSG00000230578.4,4.169431
ENSG00000230580.1,0.0
ENSG00000230581.2,0.0
ENSG00000230583.10,0.0
ENSG00000230584.1,0.0
ENSG00000230585.2,0.0
ENSG00000230587.6,2.893526
ENSG00000230589.1,0.0
ENSG00000230590.13,5.236856
ENSG00000230592.2,0.0
ENSG00000230593.3,13.283055
ENSG00000230595.1,0.0
ENSG00000230596.4,0.0
ENSG00000230597.1,0.0
ENSG00000230598.3,0.0
ENSG00000230599.2,0.0
ENSG00000230601.7,0.0
ENSG00000230603.1,0.0
ENSG00000230604.2,0.0
ENSG00000230605.1,0.0
ENSG00000230606.12,6.4855
ENSG00000230607.3,0.0
ENSG00000230609.1,0.0
ENSG00000230611.1,0.0
ENSG00000230612.3,0.761178
ENSG00000230613.2,0.649359
ENSG00000230614.3,0.0
ENSG00000230615.9,10.801111
ENSG00000230617.1,0.0
ENSG00000230618.3,0.0
ENSG00000230621.1,0.0
ENSG00000230622.1,0.0
ENSG00000230623.9,0.365318
ENSG00000230624.10,26.717696999999998
ENSG00000230626.6,0.0
ENSG00000230627.2,0.0
ENSG00000230628.1,0.0
ENSG00000230629.2,0.0
ENSG00000230630.6,0.0
ENSG00000230631.2,0.0
ENSG00000230634.1,0.0
ENSG00000230635.2,0.0
ENSG00000230636.1,0.0
ENSG00000230637.2,0.0
ENSG00000230638.4,0.0
ENSG00000230639.1,0.0
ENSG00000230643.1,0.0
ENSG00000230645.2,0.0
ENSG00000230646.1,0.0
ENSG00000230647.4,0.0
ENSG00000230648.2,1.125372
ENSG00000230650.1,0.0
ENSG00000230651.9,0.2944
ENSG00000230654.1,0.0
ENSG00000230655.3,0.0
ENSG00000230657.8,0.0
ENSG00000230658.3,0.0
ENSG00000230659.3,0.0
ENSG00000230660.6,0.0
ENSG00000230661.1,0.0
ENSG00000230662.1,0.0
ENSG00000230663.2,0.0
ENSG00000230665.3,0.0
ENSG00000230666.6,0.0
ENSG00000230667.7,0.0
ENSG00000230668.3,0.0
ENSG00000230669.6,0.0
ENSG00000230671.2,0.0
ENSG00000230673.3,0.0
ENSG00000230674.5,0.0
ENSG00000230675.9,0.0
ENSG00000230676.2,0.0
ENSG00000230678.10,0.0
ENSG00000230679.2,0.0
ENSG00000230680.3,0.0
ENSG00000230681.1,0.0
ENSG00000230682.1,0.0
ENSG00000230683.1,0.0
ENSG00000230684.1,0.0
ENSG00000230685.6,0.0
ENSG00000230686.1,0.0
ENSG00000230687.1,0.0
ENSG00000230690.3,0.0
ENSG00000230691.1,0.0
ENSG00000230694.1,0.0
ENSG00000230695.3,0.0
ENSG00000230696.1,0.0
ENSG00000230697.1,0.0
ENSG00000230698.2,0.0
ENSG00000230700.11,0.907106
ENSG00000230701.2,0.651515
ENSG00000230702.1,0.0
ENSG00000230703.1,0.0
ENSG00000230704.1,0.0
ENSG00000230706.2,0.0
ENSG00000230707.3,0.0
ENSG00000230708.10,0.177362
ENSG00000230709.1,0.0
ENSG00000230710.3,0.0
ENSG00000230711.2,0.0
ENSG00000230712.3,0.0
ENSG00000230714.1,0.0
ENSG00000230715.3,51.325611
ENSG00000230716.3,0.0
ENSG00000230718.1,0.0
ENSG00000230720.2,0.0
ENSG00000230721.1,0.0
ENSG00000230724.10,439.356208
ENSG00000230725.7,0.187285
ENSG00000230726.9,1190.946654
ENSG00000230727.1,0.0
ENSG00000230728.1,0.0
ENSG00000230729.2,0.0
ENSG00000230730.2,0.0
ENSG00000230731.4,0.0
ENSG00000230732.4,0.184308
ENSG00000230733.2,0.0
ENSG00000230734.1,0.0
ENSG00000230735.1,0.0
ENSG00000230736.2,0.0
ENSG00000230737.2,0.0
ENSG00000230739.1,0.0
ENSG00000230741.1,0.0
ENSG00000230745.1,0.0
ENSG00000230746.5,0.0
ENSG00000230747.1,0.405587
ENSG00000230748.1,0.0
ENSG00000230749.6,0.0
ENSG00000230750.1,0.0
ENSG00000230751.1,0.0
ENSG00000230753.7,0.0
ENSG00000230754.1,0.0
ENSG00000230755.1,0.0
ENSG00000230756.1,0.0
ENSG00000230757.1,0.0
ENSG00000230758.1,0.0
ENSG00000230759.2,0.0
ENSG00000230764.1,0.0
ENSG00000230768.10,0.0
ENSG00000230769.1,0.0
ENSG00000230772.1,0.0
ENSG00000230773.10,0.5744130000000001
ENSG00000230777.1,0.0
ENSG00000230778.2,0.0
ENSG00000230779.1,0.0
ENSG00000230781.1,0.0
ENSG00000230782.2,0.0
ENSG00000230783.1,0.0
ENSG00000230785.2,0.0
ENSG00000230787.1,0.0
ENSG00000230788.2,0.0
ENSG00000230789.2,0.0
ENSG00000230790.2,0.0
ENSG00000230791.8,0.0
ENSG00000230793.1,0.0
ENSG00000230794.2,0.0
ENSG00000230795.3,0.0
ENSG00000230796.1,0.0
ENSG00000230797.3,0.0
ENSG00000230798.8,0.0
ENSG00000230799.1,0.0
ENSG00000230801.1,0.0
ENSG00000230803.1,0.0
ENSG00000230804.2,0.0
ENSG00000230805.9,0.0
ENSG00000230806.2,0.0
ENSG00000230807.1,0.0
ENSG00000230809.1,0.0
ENSG00000230813.1,0.0
ENSG00000230814.1,0.0
ENSG00000230815.2,0.0
ENSG00000230816.1,0.0
ENSG00000230817.6,0.0
ENSG00000230818.1,0.0
ENSG00000230819.1,0.0
ENSG00000230820.2,0.0
ENSG00000230821.1,0.0
ENSG00000230823.3,0.0
ENSG00000230825.4,0.969198
ENSG00000230826.1,0.0
ENSG00000230828.1,0.0
ENSG00000230829.3,0.0
ENSG00000230830.1,0.0
ENSG00000230831.2,0.0
ENSG00000230832.3,0.0
ENSG00000230833.1,0.0
ENSG00000230834.2,2.187552
ENSG00000230835.1,0.0
ENSG00000230837.1,0.0
ENSG00000230838.3,0.0
ENSG00000230840.1,0.0
ENSG00000230841.2,0.0
ENSG00000230843.2,0.0
ENSG00000230844.4,0.824987
ENSG00000230845.2,0.0
ENSG00000230846.1,0.0
ENSG00000230847.4,1.499474
ENSG00000230848.2,0.0
ENSG00000230849.2,0.0
ENSG00000230851.1,0.0
ENSG00000230852.2,0.0
ENSG00000230853.1,0.0
ENSG00000230854.1,0.0
ENSG00000230855.3,0.0
ENSG00000230859.1,0.0
ENSG00000230860.1,0.0
ENSG00000230863.4,0.0
ENSG00000230864.2,0.0
ENSG00000230865.1,0.0
ENSG00000230866.3,1.39059
ENSG00000230867.1,0.0
ENSG00000230869.1,0.0
ENSG00000230870.2,0.0
ENSG00000230871.1,0.0
ENSG00000230872.3,0.0
ENSG00000230873.9,0.301181
ENSG00000230876.9,0.0
ENSG00000230879.1,0.0
ENSG00000230881.1,0.0
ENSG00000230882.1,0.067295
ENSG00000230885.9,0.0
ENSG00000230886.3,0.0
ENSG00000230887.1,0.0
ENSG00000230889.2,0.0
ENSG00000230891.8,0.0
ENSG00000230894.2,0.0
ENSG00000230896.1,0.547321
ENSG00000230897.1,0.0
ENSG00000230898.1,0.0
ENSG00000230899.2,0.0
ENSG00000230902.1,0.0
ENSG00000230907.2,0.0
ENSG00000230908.2,0.0
ENSG00000230910.7,1.7611299999999999
ENSG00000230911.1,0.0
ENSG00000230912.1,0.0
ENSG00000230913.1,0.0
ENSG00000230914.4,0.0
ENSG00000230915.1,0.0
ENSG00000230916.2,0.0
ENSG00000230918.4,0.496071
ENSG00000230920.2,0.0
ENSG00000230921.1,0.0
ENSG00000230922.1,0.0
ENSG00000230923.2,0.071356
ENSG00000230926.1,0.0
ENSG00000230927.4,0.0
ENSG00000230928.1,0.0
ENSG00000230929.5,0.0
ENSG00000230930.8,0.0
ENSG00000230931.2,0.0
ENSG00000230932.2,0.0
ENSG00000230934.1,0.0
ENSG00000230935.1,0.0
ENSG00000230936.1,0.0
ENSG00000230937.14,0.0
ENSG00000230941.2,0.0
ENSG00000230942.1,0.0
ENSG00000230943.5,0.0
ENSG00000230944.1,0.0
ENSG00000230945.2,0.0
ENSG00000230946.3,0.0
ENSG00000230947.2,0.0
ENSG00000230948.1,0.0
ENSG00000230949.1,0.0
ENSG00000230950.1,0.0
ENSG00000230951.1,0.0
ENSG00000230952.1,0.0
ENSG00000230953.2,0.0
ENSG00000230955.1,0.0
ENSG00000230956.2,0.0
ENSG00000230957.1,0.0
ENSG00000230958.1,0.0
ENSG00000230960.4,0.0
ENSG00000230961.10,0.0
ENSG00000230962.2,0.0
ENSG00000230965.1,0.0
ENSG00000230967.2,0.0
ENSG00000230968.1,0.0
ENSG00000230969.3,0.0
ENSG00000230970.4,0.0
ENSG00000230972.1,0.0
ENSG00000230973.1,0.0
ENSG00000230975.1,0.0
ENSG00000230977.1,0.0
ENSG00000230978.3,0.0
ENSG00000230979.3,0.0
ENSG00000230980.1,0.0
ENSG00000230982.1,0.0
ENSG00000230983.1,0.0
ENSG00000230985.11,3.350707
ENSG00000230986.1,0.0
ENSG00000230987.2,0.0
ENSG00000230988.3,0.0
ENSG00000230989.8,27.225127999999998
ENSG00000230990.3,0.0
ENSG00000230991.3,0.0
ENSG00000230992.3,0.0
ENSG00000230993.1,0.0
ENSG00000230994.1,0.0
ENSG00000230995.7,18.795627
ENSG00000230997.5,0.0
ENSG00000230999.1,0.0
ENSG00000231001.2,0.0
ENSG00000231002.7,0.0
ENSG00000231004.2,0.0
ENSG00000231005.1,0.0
ENSG00000231006.1,0.0
ENSG00000231007.5,0.0
ENSG00000231009.1,0.0
ENSG00000231010.1,0.0
ENSG00000231011.1,0.0
ENSG00000231013.3,0.0
ENSG00000231015.1,0.0
ENSG00000231017.1,0.0
ENSG00000231018.1,0.0
ENSG00000231019.1,0.0
ENSG00000231020.1,0.0
ENSG00000231021.10,471.180371
ENSG00000231022.1,0.0
ENSG00000231023.10,0.482089
ENSG00000231024.1,0.0
ENSG00000231026.1,0.0
ENSG00000231028.12,0.091773
ENSG00000231029.2,0.0
ENSG00000231031.7,0.0
ENSG00000231032.1,0.0
ENSG00000231034.1,0.0
ENSG00000231035.1,0.0
ENSG00000231039.3,0.0
ENSG00000231040.3,0.0
ENSG00000231041.1,0.0
ENSG00000231043.3,0.0
ENSG00000231044.10,2.935237
ENSG00000231046.2,0.355057
ENSG00000231047.1,0.0
ENSG00000231048.8,45.848259
ENSG00000231049.3,0.0
ENSG00000231050.4,0.0
ENSG00000231052.1,0.0
ENSG00000231053.1,0.0
ENSG00000231056.2,0.0
ENSG00000231057.6,0.0
ENSG00000231058.1,0.0
ENSG00000231060.1,0.0
ENSG00000231061.2,0.0
ENSG00000231062.1,0.0
ENSG00000231063.1,0.0
ENSG00000231064.10,0.0
ENSG00000231066.3,0.0
ENSG00000231067.1,0.0
ENSG00000231068.1,0.0
ENSG00000231069.3,0.0
ENSG00000231070.1,0.0
ENSG00000231071.1,0.0
ENSG00000231072.1,0.0
ENSG00000231073.2,0.0
ENSG00000231074.12,7.73671
ENSG00000231078.1,0.0
ENSG00000231079.7,0.0
ENSG00000231080.1,0.0
ENSG00000231081.1,0.0
ENSG00000231082.2,0.0
ENSG00000231083.2,0.0
ENSG00000231084.2,0.0
ENSG00000231086.1,0.0
ENSG00000231087.2,0.0
ENSG00000231090.2,0.0
ENSG00000231092.1,0.0
ENSG00000231093.1,0.0
ENSG00000231094.8,0.0
ENSG00000231095.1,0.0
ENSG00000231096.1,0.0
ENSG00000231098.1,0.0
ENSG00000231099.1,0.0
ENSG00000231100.1,0.0
ENSG00000231102.1,0.0
ENSG00000231103.2,0.0
ENSG00000231104.9,0.0
ENSG00000231105.2,1.360669
ENSG00000231106.4,0.0
ENSG00000231107.3,0.0
ENSG00000231108.2,0.0
ENSG00000231110.2,0.0
ENSG00000231112.1,0.0
ENSG00000231113.2,7.761083
ENSG00000231114.1,0.0
ENSG00000231116.9,0.58104
ENSG00000231119.3,0.0
ENSG00000231120.3,0.0
ENSG00000231122.6,0.0
ENSG00000231123.1,2.694654
ENSG00000231124.1,0.0
ENSG00000231125.2,0.0
ENSG00000231129.8,0.0
ENSG00000231130.1,0.0
ENSG00000231131.11,0.751878
ENSG00000231132.1,0.0
ENSG00000231133.9,0.704489
ENSG00000231134.1,0.0
ENSG00000231135.9,0.0
ENSG00000231136.1,0.0
ENSG00000231137.1,0.0
ENSG00000231138.2,0.0
ENSG00000231139.1,0.0
ENSG00000231143.1,0.0
ENSG00000231144.1,0.0
ENSG00000231147.2,0.0
ENSG00000231148.1,0.0
ENSG00000231149.2,0.0
ENSG00000231150.6,0.0
ENSG00000231152.1,0.0
ENSG00000231153.1,0.0
ENSG00000231154.2,0.6352800000000001
ENSG00000231156.2,0.0
ENSG00000231158.1,0.0
ENSG00000231159.1,0.0
ENSG00000231160.13,1.035874
ENSG00000231162.4,0.0
ENSG00000231163.7,0.0
ENSG00000231164.1,0.0
ENSG00000231165.3,0.0
ENSG00000231166.2,0.0
ENSG00000231167.3,0.0
ENSG00000231169.4,0.0
ENSG00000231170.8,0.180859
ENSG00000231171.5,0.0
ENSG00000231172.2,0.0
ENSG00000231175.1,0.0
ENSG00000231177.4,2.350046
ENSG00000231178.4,0.0
ENSG00000231179.9,0.0
ENSG00000231181.1,0.605333
ENSG00000231183.5,0.0
ENSG00000231184.3,0.0
ENSG00000231185.10,0.0
ENSG00000231187.4,0.78928
ENSG00000231188.2,0.0
ENSG00000231189.1,0.0
ENSG00000231190.1,0.0
ENSG00000231192.3,0.0
ENSG00000231193.1,0.618765
ENSG00000231194.1,1.583921
ENSG00000231195.1,0.0
ENSG00000231197.1,0.288291
ENSG00000231198.1,0.0
ENSG00000231199.2,0.0
ENSG00000231201.1,0.0
ENSG00000231202.1,0.0
ENSG00000231203.1,0.0
ENSG00000231204.8,0.0
ENSG00000231205.14,0.12938
ENSG00000231206.2,0.0
ENSG00000231207.1,0.0
ENSG00000231208.5,0.0
ENSG00000231210.4,0.0
ENSG00000231211.2,0.0
ENSG00000231213.7,0.0
ENSG00000231216.1,0.0
ENSG00000231219.1,0.0
ENSG00000231221.1,0.0
ENSG00000231222.1,0.0
ENSG00000231226.2,0.0
ENSG00000231227.1,0.0
ENSG00000231228.4,0.0
ENSG00000231231.5,0.534186
ENSG00000231232.4,0.0
ENSG00000231233.4,4.859644
ENSG00000231234.2,1.289768
ENSG00000231235.1,0.0
ENSG00000231236.3,0.0
ENSG00000231237.1,0.0
ENSG00000231238.3,0.0
ENSG00000231240.1,0.0
ENSG00000231241.1,0.0
ENSG00000231243.2,0.0
ENSG00000231244.1,0.0
ENSG00000231245.2,0.0
ENSG00000231246.4,0.040532
ENSG00000231247.8,0.0
ENSG00000231248.4,0.0
ENSG00000231249.4,0.165877
ENSG00000231251.1,0.0
ENSG00000231252.5,0.0
ENSG00000231253.3,0.0
ENSG00000231254.2,0.0
ENSG00000231256.8,0.309277
ENSG00000231258.2,0.0
ENSG00000231259.5,0.0
ENSG00000231261.1,0.0
ENSG00000231264.1,0.0
ENSG00000231265.2,0.0
ENSG00000231266.1,0.0
ENSG00000231268.9,17.08469
ENSG00000231270.1,0.0
ENSG00000231271.1,0.0
ENSG00000231272.1,0.0
ENSG00000231274.5,0.0
ENSG00000231275.1,0.0
ENSG00000231276.2,0.0
ENSG00000231278.1,0.0
ENSG00000231280.1,0.0
ENSG00000231281.1,34.795442
ENSG00000231286.7,261.870484
ENSG00000231287.2,0.0
ENSG00000231290.8,0.0
ENSG00000231291.4,0.0
ENSG00000231292.6,0.0
ENSG00000231293.1,0.0
ENSG00000231295.1,0.0
ENSG00000231296.1,0.0
ENSG00000231297.4,0.0
ENSG00000231298.9,0.0
ENSG00000231299.1,0.0
ENSG00000231300.1,0.0
ENSG00000231301.1,0.0
ENSG00000231302.1,0.0
ENSG00000231304.3,1.523362
ENSG00000231307.1,0.0
ENSG00000231309.1,0.0
ENSG00000231310.4,0.0
ENSG00000231312.9,1.2883559999999998
ENSG00000231313.2,0.0
ENSG00000231314.7,0.0
ENSG00000231316.1,0.0
ENSG00000231317.1,0.0
ENSG00000231321.9,0.0
ENSG00000231322.6,0.0
ENSG00000231324.2,0.0
ENSG00000231325.9,7.317347000000001
ENSG00000231326.8,0.0
ENSG00000231327.4,0.0
ENSG00000231328.1,0.0
ENSG00000231329.8,0.0
ENSG00000231331.1,0.0
ENSG00000231332.2,0.0
ENSG00000231333.2,0.0
ENSG00000231334.3,0.0
ENSG00000231336.1,0.0
ENSG00000231340.1,0.0
ENSG00000231341.1,0.0
ENSG00000231343.5,0.0
ENSG00000231344.1,0.0
ENSG00000231345.4,0.0
ENSG00000231346.5,4.817842
ENSG00000231349.2,0.0
ENSG00000231350.5,0.0
ENSG00000231351.2,0.0
ENSG00000231353.1,0.0
ENSG00000231355.2,0.0
ENSG00000231356.1,0.0
ENSG00000231357.1,0.0
ENSG00000231358.5,0.0
ENSG00000231359.3,0.0
ENSG00000231361.1,0.0
ENSG00000231362.1,0.0
ENSG00000231364.4,0.0
ENSG00000231365.8,3.386362
ENSG00000231366.1,0.0
ENSG00000231367.7,0.0
ENSG00000231368.1,0.0
ENSG00000231369.1,0.0
ENSG00000231370.9,3.897592
ENSG00000231371.1,0.0
ENSG00000231372.8,16.074025
ENSG00000231373.1,0.0
ENSG00000231375.1,0.0
ENSG00000231376.1,0.0
ENSG00000231378.1,0.0
ENSG00000231381.2,0.0
ENSG00000231382.1,0.0
ENSG00000231383.2,0.0
ENSG00000231384.1,0.0
ENSG00000231385.1,0.0
ENSG00000231386.1,0.0
ENSG00000231388.1,0.0
ENSG00000231389.8,1335.0215739999999
ENSG00000231390.1,0.0
ENSG00000231392.1,0.0
ENSG00000231393.1,0.0
ENSG00000231394.1,0.0
ENSG00000231395.1,0.0
ENSG00000231396.3,0.0
ENSG00000231397.1,0.0
ENSG00000231398.1,0.0
ENSG00000231399.1,0.0
ENSG00000231401.3,0.0
ENSG00000231402.1,0.0
ENSG00000231403.1,0.0
ENSG00000231404.2,0.0
ENSG00000231405.1,0.0
ENSG00000231407.7,0.0
ENSG00000231408.8,0.0
ENSG00000231409.3,0.0
ENSG00000231411.1,0.0
ENSG00000231412.4,57.007807
ENSG00000231413.1,0.0
ENSG00000231414.1,0.0
ENSG00000231416.1,0.0
ENSG00000231417.2,0.0
ENSG00000231418.2,0.0
ENSG00000231419.7,0.0
ENSG00000231420.2,0.0
ENSG00000231421.9,0.0
ENSG00000231422.3,0.0
ENSG00000231423.1,0.0
ENSG00000231424.4,0.0
ENSG00000231426.8,0.0
ENSG00000231427.7,0.450735
ENSG00000231428.2,0.0
ENSG00000231430.1,0.0
ENSG00000231431.8,0.0
ENSG00000231434.1,0.0
ENSG00000231436.1,0.0
ENSG00000231437.4,0.539365
ENSG00000231439.5,0.0
ENSG00000231440.1,0.0
ENSG00000231441.3,0.0
ENSG00000231442.3,0.0
ENSG00000231443.2,0.0
ENSG00000231445.1,0.0
ENSG00000231447.1,0.0
ENSG00000231449.1,0.0
ENSG00000231453.2,0.075836
ENSG00000231454.2,0.0
ENSG00000231458.2,0.0
ENSG00000231460.3,0.0
ENSG00000231461.1,0.0
ENSG00000231464.1,0.0
ENSG00000231466.2,0.378
ENSG00000231467.2,0.0
ENSG00000231468.2,0.0
ENSG00000231470.1,0.0
ENSG00000231471.1,0.0
ENSG00000231473.6,0.36617
ENSG00000231474.5,0.0
ENSG00000231475.3,9.965922
ENSG00000231476.2,0.0
ENSG00000231477.2,0.0
ENSG00000231478.1,0.0
ENSG00000231479.8,0.0
ENSG00000231480.1,0.0
ENSG00000231482.3,0.0
ENSG00000231484.1,0.0
ENSG00000231487.2,0.0
ENSG00000231489.1,0.0
ENSG00000231490.1,0.0
ENSG00000231491.2,0.0
ENSG00000231492.3,0.0
ENSG00000231494.1,0.820297
ENSG00000231495.1,0.0
ENSG00000231496.3,0.0
ENSG00000231500.7,917.609961
ENSG00000231501.1,0.0
ENSG00000231503.4,0.0
ENSG00000231504.1,0.0
ENSG00000231505.2,0.0
ENSG00000231507.5,0.567024
ENSG00000231508.1,0.0
ENSG00000231509.1,0.0
ENSG00000231510.1,0.0
ENSG00000231512.7,0.0
ENSG00000231513.3,0.0
ENSG00000231514.1,0.0
ENSG00000231515.1,0.0
ENSG00000231516.3,0.0
ENSG00000231519.1,0.0
ENSG00000231521.1,0.0
ENSG00000231522.1,0.0
ENSG00000231523.1,0.0
ENSG00000231525.1,0.0
ENSG00000231526.3,0.0
ENSG00000231527.8,0.267772
ENSG00000231528.4,1.261249
ENSG00000231529.3,0.0
ENSG00000231530.1,0.0
ENSG00000231531.5,0.0
ENSG00000231532.7,0.0
ENSG00000231533.3,0.25856
ENSG00000231534.1,0.0
ENSG00000231535.9,0.193451
ENSG00000231536.2,0.0
ENSG00000231537.1,0.0
ENSG00000231538.2,0.0
ENSG00000231539.1,0.0
ENSG00000231540.1,0.0
ENSG00000231541.1,0.0
ENSG00000231542.1,0.0
ENSG00000231543.9,0.0
ENSG00000231544.3,0.0
ENSG00000231546.1,0.0
ENSG00000231547.1,0.0
ENSG00000231548.3,0.0
ENSG00000231549.1,0.0
ENSG00000231550.1,0.0
ENSG00000231551.9,0.0
ENSG00000231552.1,0.0
ENSG00000231553.1,0.0
ENSG00000231555.4,12.480515
ENSG00000231556.1,0.0
ENSG00000231557.2,0.0
ENSG00000231559.1,0.0
ENSG00000231560.1,0.531476
ENSG00000231561.2,0.0
ENSG00000231562.1,0.0
ENSG00000231563.4,2.657837
ENSG00000231564.1,0.0
ENSG00000231565.1,0.0
ENSG00000231567.1,0.0
ENSG00000231568.1,0.0
ENSG00000231569.1,0.0
ENSG00000231570.1,0.0
ENSG00000231573.5,0.0
ENSG00000231574.8,0.0
ENSG00000231576.1,0.0
ENSG00000231579.3,0.0
ENSG00000231582.2,0.0
ENSG00000231583.1,0.0
ENSG00000231584.11,0.0
ENSG00000231585.2,0.0
ENSG00000231586.2,0.0
ENSG00000231588.1,0.0
ENSG00000231589.2,0.0
ENSG00000231590.2,0.0
ENSG00000231593.1,0.0
ENSG00000231596.1,0.0
ENSG00000231597.2,0.0
ENSG00000231600.1,0.0
ENSG00000231601.1,0.0
ENSG00000231603.1,0.0
ENSG00000231604.3,0.0
ENSG00000231605.6,0.0
ENSG00000231606.2,0.0
ENSG00000231607.16,11.436907
ENSG00000231608.9,0.0
ENSG00000231609.8,0.0
ENSG00000231610.1,0.0
ENSG00000231612.1,0.0
ENSG00000231613.1,1.400438
ENSG00000231615.2,0.0
ENSG00000231617.8,0.0
ENSG00000231618.10,0.0
ENSG00000231619.1,0.0
ENSG00000231620.1,0.0
ENSG00000231621.4,1.10214
ENSG00000231622.1,0.0
ENSG00000231625.5,0.0
ENSG00000231626.2,0.0
ENSG00000231628.1,0.0
ENSG00000231630.1,0.0
ENSG00000231631.6,11.832365
ENSG00000231635.1,0.0
ENSG00000231636.1,0.0
ENSG00000231638.1,0.0
ENSG00000231641.9,28.265566
ENSG00000231643.4,0.0
ENSG00000231645.4,0.0
ENSG00000231646.8,0.0
ENSG00000231648.3,0.0
ENSG00000231649.3,0.0
ENSG00000231650.1,0.0
ENSG00000231651.2,0.0
ENSG00000231652.3,0.0
ENSG00000231653.1,0.0
ENSG00000231654.1,0.0
ENSG00000231655.1,0.0
ENSG00000231660.1,0.0
ENSG00000231662.1,0.0
ENSG00000231663.4,1.699755
ENSG00000231665.1,0.0
ENSG00000231666.8,0.0
ENSG00000231667.2,0.0
ENSG00000231668.2,0.0
ENSG00000231671.2,0.0
ENSG00000231672.9,0.426632
ENSG00000231674.1,0.0
ENSG00000231675.1,0.0
ENSG00000231676.4,0.0
ENSG00000231677.1,0.0
ENSG00000231678.2,0.0
ENSG00000231679.8,0.0
ENSG00000231680.3,5.443803
ENSG00000231681.2,0.0
ENSG00000231682.2,4.535694
ENSG00000231683.6,0.0
ENSG00000231684.3,0.0
ENSG00000231686.1,0.0
ENSG00000231688.1,0.0
ENSG00000231689.4,0.0
ENSG00000231690.6,0.152452
ENSG00000231691.2,0.0
ENSG00000231694.1,0.0
ENSG00000231697.3,0.0
ENSG00000231698.4,0.0
ENSG00000231699.1,0.0
ENSG00000231700.3,0.0
ENSG00000231701.1,0.0
ENSG00000231702.2,0.0
ENSG00000231703.2,0.0
ENSG00000231704.8,0.0
ENSG00000231705.2,0.0
ENSG00000231706.2,0.0
ENSG00000231707.4,0.0
ENSG00000231711.3,2.615733
ENSG00000231712.1,0.0
ENSG00000231713.3,0.0
ENSG00000231714.1,0.0
ENSG00000231715.1,0.0
ENSG00000231718.2,0.0
ENSG00000231720.2,0.0
ENSG00000231721.9,14.132916999999999
ENSG00000231722.1,0.0
ENSG00000231723.1,0.0
ENSG00000231724.1,0.0
ENSG00000231725.1,0.0
ENSG00000231726.2,0.0
ENSG00000231728.5,0.235711
ENSG00000231729.1,0.0
ENSG00000231731.7,0.0
ENSG00000231733.1,0.0
ENSG00000231735.1,0.0
ENSG00000231738.11,0.0
ENSG00000231739.2,0.0
ENSG00000231740.2,0.0
ENSG00000231741.2,0.0
ENSG00000231742.7,0.0
ENSG00000231743.1,0.0
ENSG00000231744.1,0.0
ENSG00000231747.1,0.0
ENSG00000231748.1,0.0
ENSG00000231749.4,0.0
ENSG00000231750.3,0.0
ENSG00000231752.9,0.0
ENSG00000231754.4,0.0
ENSG00000231755.1,0.0
ENSG00000231756.1,0.0
ENSG00000231758.4,0.0
ENSG00000231759.8,0.0
ENSG00000231760.5,0.0
ENSG00000231762.1,0.0
ENSG00000231763.1,0.0
ENSG00000231764.12,0.0
ENSG00000231765.1,0.0
ENSG00000231766.1,0.0
ENSG00000231767.5,0.0
ENSG00000231768.3,0.0
ENSG00000231769.5,0.924841
ENSG00000231770.9,0.939853
ENSG00000231772.5,0.0
ENSG00000231773.1,0.0
ENSG00000231776.6,0.0
ENSG00000231777.1,0.0
ENSG00000231780.1,0.0
ENSG00000231781.2,0.0
ENSG00000231782.7,0.0
ENSG00000231784.9,0.0
ENSG00000231785.1,0.0
ENSG00000231787.4,0.0
ENSG00000231788.4,0.0
ENSG00000231789.5,0.0
ENSG00000231791.1,0.0
ENSG00000231793.8,0.0
ENSG00000231794.5,0.0
ENSG00000231795.1,0.0
ENSG00000231799.2,0.0
ENSG00000231801.2,0.0
ENSG00000231802.1,0.0
ENSG00000231804.1,0.0
ENSG00000231806.5,0.0
ENSG00000231808.3,0.0
ENSG00000231809.4,0.0
ENSG00000231810.1,0.0
ENSG00000231811.4,0.0
ENSG00000231812.1,0.0
ENSG00000231814.3,0.0
ENSG00000231815.2,0.0
ENSG00000231817.10,0.327302
ENSG00000231821.1,0.0
ENSG00000231822.1,0.0
ENSG00000231823.3,0.0
ENSG00000231824.4,0.0
ENSG00000231826.9,0.200429
ENSG00000231827.5,0.0
ENSG00000231829.4,0.154144
ENSG00000231830.2,0.0
ENSG00000231831.1,0.0
ENSG00000231834.10,0.846678
ENSG00000231836.1,0.0
ENSG00000231837.2,0.0
ENSG00000231839.1,0.0
ENSG00000231840.3,0.0
ENSG00000231841.1,0.0
ENSG00000231845.3,0.0
ENSG00000231848.1,0.0
ENSG00000231849.1,0.0
ENSG00000231851.7,0.0
ENSG00000231852.9,0.0
ENSG00000231854.1,0.0
ENSG00000231855.1,0.0
ENSG00000231856.5,1.73365
ENSG00000231857.1,0.0
ENSG00000231858.5,0.0
ENSG00000231859.1,2.167847
ENSG00000231861.3,0.0
ENSG00000231863.3,0.564603
ENSG00000231864.2,0.0
ENSG00000231866.2,0.0
ENSG00000231867.1,0.0
ENSG00000231868.1,0.0
ENSG00000231870.4,0.0
ENSG00000231871.5,0.343535
ENSG00000231873.3,0.0
ENSG00000231875.1,0.0
ENSG00000231876.9,0.0
ENSG00000231878.1,0.0
ENSG00000231879.1,0.0
ENSG00000231880.2,0.615356
ENSG00000231881.3,0.008724
ENSG00000231882.2,0.0
ENSG00000231884.1,0.0
ENSG00000231887.10,0.0
ENSG00000231888.1,0.0
ENSG00000231889.10,0.775143
ENSG00000231890.11,1.1960190000000002
ENSG00000231892.1,0.0
ENSG00000231894.2,0.0
ENSG00000231895.1,0.0
ENSG00000231896.1,0.0
ENSG00000231897.1,0.0
ENSG00000231898.9,0.0
ENSG00000231900.3,0.0
ENSG00000231901.1,0.0
ENSG00000231902.3,0.0
ENSG00000231903.2,0.0
ENSG00000231904.3,0.0
ENSG00000231905.2,0.0
ENSG00000231906.1,0.0
ENSG00000231907.2,0.0
ENSG00000231908.3,0.0
ENSG00000231909.8,0.0
ENSG00000231910.1,0.0
ENSG00000231911.1,0.0
ENSG00000231912.3,0.0
ENSG00000231913.1,0.0
ENSG00000231914.1,0.0
ENSG00000231915.2,0.0
ENSG00000231916.1,0.0
ENSG00000231918.2,0.0
ENSG00000231920.2,0.0
ENSG00000231922.1,0.0
ENSG00000231923.1,0.0
ENSG00000231924.10,0.0
ENSG00000231925.14,125.07358599999999
ENSG00000231926.1,0.0
ENSG00000231927.1,0.0
ENSG00000231928.1,0.0
ENSG00000231929.2,0.0
ENSG00000231930.1,0.0
ENSG00000231931.1,0.0
ENSG00000231933.8,0.0
ENSG00000231934.3,0.0
ENSG00000231937.2,0.0
ENSG00000231939.5,0.0
ENSG00000231940.1,0.572658
ENSG00000231941.1,0.139096
ENSG00000231942.3,0.0
ENSG00000231943.12,0.0
ENSG00000231944.1,0.0
ENSG00000231945.8,10.232777
ENSG00000231947.1,0.0
ENSG00000231948.2,0.544644
ENSG00000231949.1,0.0
ENSG00000231951.1,0.0
ENSG00000231952.3,0.0
ENSG00000231953.3,0.75093
ENSG00000231954.1,0.0
ENSG00000231955.1,0.0
ENSG00000231956.1,0.0
ENSG00000231957.2,0.0
ENSG00000231961.1,0.0
ENSG00000231963.2,0.0
ENSG00000231964.2,0.0
ENSG00000231965.4,0.0
ENSG00000231966.2,1.036213
ENSG00000231967.1,0.0
ENSG00000231968.2,0.0
ENSG00000231969.5,0.0
ENSG00000231970.1,0.0
ENSG00000231971.7,0.0
ENSG00000231975.2,0.0
ENSG00000231976.9,0.0
ENSG00000231977.3,0.191948
ENSG00000231978.2,0.0
ENSG00000231980.1,0.0
ENSG00000231981.3,0.0
ENSG00000231982.1,0.0
ENSG00000231983.2,0.0
ENSG00000231984.1,0.0
ENSG00000231985.1,0.0
ENSG00000231986.1,0.0
ENSG00000231987.1,0.0
ENSG00000231988.1,0.0
ENSG00000231989.5,0.0
ENSG00000231990.3,0.0
ENSG00000231991.4,0.0
ENSG00000231992.2,0.0
ENSG00000231993.3,0.921637
ENSG00000231995.2,0.0
ENSG00000231996.1,0.0
ENSG00000231998.1,0.0
ENSG00000231999.9,1.98727
ENSG00000232000.5,0.0
ENSG00000232001.2,0.0
ENSG00000232002.3,0.0
ENSG00000232003.2,0.0
ENSG00000232004.1,0.0
ENSG00000232005.7,36.924648
ENSG00000232006.10,0.0
ENSG00000232009.1,0.0
ENSG00000232010.1,0.0
ENSG00000232011.1,0.0
ENSG00000232015.2,0.0
ENSG00000232017.1,0.0
ENSG00000232019.2,0.0
ENSG00000232021.10,3.419843
ENSG00000232022.10,0.0
ENSG00000232023.4,0.0
ENSG00000232024.2,7.475578
ENSG00000232027.2,0.0
ENSG00000232028.2,0.0
ENSG00000232029.1,0.0
ENSG00000232030.4,0.0
ENSG00000232031.2,0.0
ENSG00000232032.1,0.0
ENSG00000232035.1,0.0
ENSG00000232036.2,0.0
ENSG00000232037.3,0.0
ENSG00000232039.3,0.0
ENSG00000232040.4,0.0
ENSG00000232041.1,0.0
ENSG00000232042.1,0.0
ENSG00000232043.1,0.0
ENSG00000232044.9,0.316946
ENSG00000232045.7,2.104164
ENSG00000232046.9,0.0
ENSG00000232048.2,0.0
ENSG00000232050.1,0.0
ENSG00000232053.8,0.0
ENSG00000232054.1,0.0
ENSG00000232057.2,0.0
ENSG00000232058.2,0.0
ENSG00000232059.3,0.0
ENSG00000232060.3,0.0
ENSG00000232062.9,0.0
ENSG00000232063.3,0.219422
ENSG00000232064.1,0.0
ENSG00000232065.3,0.293235
ENSG00000232068.1,0.0
ENSG00000232069.1,0.0
ENSG00000232070.9,1.153782
ENSG00000232072.1,0.0
ENSG00000232073.1,0.0
ENSG00000232075.1,0.0
ENSG00000232077.3,0.0
ENSG00000232079.8,0.0
ENSG00000232080.6,0.0
ENSG00000232081.1,0.0
ENSG00000232082.1,0.0
ENSG00000232083.3,0.0
ENSG00000232084.6,0.0
ENSG00000232085.1,0.0
ENSG00000232086.1,0.0
ENSG00000232087.1,0.158768
ENSG00000232089.1,0.0
ENSG00000232090.2,0.0
ENSG00000232091.1,0.0
ENSG00000232093.2,0.167628
ENSG00000232095.1,0.0
ENSG00000232096.1,0.0
ENSG00000232097.1,0.0
ENSG00000232098.4,9.880354
ENSG00000232100.1,0.0
ENSG00000232101.1,0.0
ENSG00000232102.1,0.0
ENSG00000232104.6,0.7621990000000001
ENSG00000232105.1,0.0
ENSG00000232106.9,0.0
ENSG00000232109.1,0.0
ENSG00000232110.9,0.0
ENSG00000232111.2,0.0
ENSG00000232112.3,32.815055
ENSG00000232113.3,0.0
ENSG00000232114.1,0.0
ENSG00000232115.1,0.0
ENSG00000232117.3,0.0
ENSG00000232118.2,0.43751
ENSG00000232119.8,12.686623
ENSG00000232120.1,0.0
ENSG00000232121.2,0.0
ENSG00000232124.4,1.014489
ENSG00000232125.5,0.358701
ENSG00000232126.8,7.800326999999999
ENSG00000232127.2,0.0
ENSG00000232128.1,0.0
ENSG00000232130.1,0.0
ENSG00000232131.1,0.0
ENSG00000232132.2,0.0
ENSG00000232133.1,0.0
ENSG00000232134.1,0.0
ENSG00000232135.1,0.0
ENSG00000232136.2,0.0
ENSG00000232138.1,0.0
ENSG00000232139.7,0.0
ENSG00000232140.3,0.0
ENSG00000232142.1,0.0
ENSG00000232143.9,0.0
ENSG00000232144.1,0.0
ENSG00000232145.1,0.0
ENSG00000232148.1,0.0
ENSG00000232149.1,0.0
ENSG00000232150.3,0.0
ENSG00000232153.3,0.0
ENSG00000232154.2,0.0
ENSG00000232155.1,0.0
ENSG00000232156.1,0.0
ENSG00000232158.1,0.0
ENSG00000232159.3,0.0
ENSG00000232160.8,0.062314
ENSG00000232161.1,0.0
ENSG00000232162.3,0.570662
ENSG00000232163.2,0.0
ENSG00000232164.1,0.171521
ENSG00000232165.1,0.0
ENSG00000232166.1,0.0
ENSG00000232167.1,0.0
ENSG00000232168.2,0.0
ENSG00000232170.7,0.0
ENSG00000232172.1,0.0
ENSG00000232173.2,0.0
ENSG00000232174.3,0.0
ENSG00000232175.1,0.0
ENSG00000232176.1,0.0
ENSG00000232177.1,0.0
ENSG00000232179.1,0.0
ENSG00000232183.1,0.0
ENSG00000232184.1,0.0
ENSG00000232185.1,0.0
ENSG00000232186.1,0.0
ENSG00000232187.1,0.0
ENSG00000232188.2,0.0
ENSG00000232190.4,0.0
ENSG00000232192.1,0.0
ENSG00000232193.1,0.0
ENSG00000232194.2,0.0
ENSG00000232195.1,0.0
ENSG00000232197.4,0.0
ENSG00000232198.2,0.0
ENSG00000232199.1,0.0
ENSG00000232200.3,0.0
ENSG00000232202.1,0.0
ENSG00000232203.3,0.0
ENSG00000232204.1,0.0
ENSG00000232205.1,0.0
ENSG00000232208.2,0.0
ENSG00000232211.2,0.0
ENSG00000232212.2,0.0
ENSG00000232215.2,0.297155
ENSG00000232216.1,0.0
ENSG00000232217.1,0.0
ENSG00000232218.1,0.0
ENSG00000232220.3,0.0
ENSG00000232223.1,0.0
ENSG00000232225.7,0.0
ENSG00000232226.2,0.0
ENSG00000232227.6,0.0
ENSG00000232228.1,0.0
ENSG00000232229.9,0.184002
ENSG00000232230.1,0.0
ENSG00000232233.2,0.70929
ENSG00000232234.5,0.214759
ENSG00000232235.1,0.0
ENSG00000232237.5,0.0
ENSG00000232238.1,0.0
ENSG00000232239.2,0.0
ENSG00000232240.2,0.0
ENSG00000232241.1,0.0
ENSG00000232242.2,0.0
ENSG00000232245.2,0.0
ENSG00000232249.1,0.0
ENSG00000232251.5,0.0
ENSG00000232252.1,0.0
ENSG00000232254.1,2.198426
ENSG00000232256.1,0.0
ENSG00000232258.7,0.0
ENSG00000232259.1,0.0
ENSG00000232260.2,0.0
ENSG00000232261.1,0.0
ENSG00000232263.1,0.0
ENSG00000232264.5,0.0
ENSG00000232265.9,0.0
ENSG00000232266.1,0.0
ENSG00000232267.1,0.0
ENSG00000232268.8,0.283874
ENSG00000232271.1,0.0
ENSG00000232273.1,0.0
ENSG00000232276.1,0.0
ENSG00000232277.1,0.0
ENSG00000232280.9,24.560128
ENSG00000232281.2,0.0
ENSG00000232282.1,0.0
ENSG00000232283.2,0.0
ENSG00000232284.10,0.0
ENSG00000232285.1,0.0
ENSG00000232286.1,0.0
ENSG00000232287.2,0.0
ENSG00000232289.8,0.0
ENSG00000232290.1,0.0
ENSG00000232292.1,0.0
ENSG00000232293.2,0.0
ENSG00000232296.1,0.0
ENSG00000232298.3,0.0
ENSG00000232299.1,0.0
ENSG00000232300.1,0.11164
ENSG00000232301.4,0.0
ENSG00000232303.2,0.564865
ENSG00000232305.1,0.0
ENSG00000232306.3,0.0
ENSG00000232307.1,0.0
ENSG00000232308.4,0.0
ENSG00000232309.2,0.0
ENSG00000232310.11,0.0
ENSG00000232312.6,0.350337
ENSG00000232314.1,0.0
ENSG00000232316.3,0.0
ENSG00000232320.6,0.0
ENSG00000232326.9,0.0
ENSG00000232327.4,0.0
ENSG00000232328.4,0.19601
ENSG00000232332.1,0.0
ENSG00000232333.1,0.0
ENSG00000232334.1,4.0008
ENSG00000232335.1,0.0
ENSG00000232337.1,0.0
ENSG00000232339.5,0.0
ENSG00000232341.2,0.0
ENSG00000232342.7,0.0
ENSG00000232343.1,0.0
ENSG00000232344.2,0.0
ENSG00000232345.1,0.0
ENSG00000232346.1,0.0
ENSG00000232347.2,0.944701
ENSG00000232349.2,0.0
ENSG00000232350.1,0.0
ENSG00000232351.1,0.0
ENSG00000232352.4,0.0
ENSG00000232353.5,0.0
ENSG00000232354.8,0.0
ENSG00000232355.2,0.0
ENSG00000232358.2,0.0
ENSG00000232359.1,0.0
ENSG00000232360.2,0.0
ENSG00000232361.3,0.0
ENSG00000232362.1,0.0
ENSG00000232363.2,0.0
ENSG00000232366.1,0.0
ENSG00000232368.1,0.0
ENSG00000232369.1,0.0
ENSG00000232370.1,0.0
ENSG00000232373.2,0.0
ENSG00000232374.5,0.0
ENSG00000232375.1,0.0
ENSG00000232376.4,0.0
ENSG00000232377.1,0.0
ENSG00000232378.1,0.0
ENSG00000232379.1,0.0
ENSG00000232380.1,0.0
ENSG00000232381.1,0.0
ENSG00000232382.2,0.0
ENSG00000232383.1,0.0
ENSG00000232385.2,0.0
ENSG00000232387.2,0.0
ENSG00000232388.5,52.58633
ENSG00000232389.1,0.0
ENSG00000232390.3,0.0
ENSG00000232391.1,0.0
ENSG00000232392.1,0.0
ENSG00000232393.1,0.0
ENSG00000232394.1,0.0
ENSG00000232395.2,0.0
ENSG00000232396.3,0.0
ENSG00000232398.1,0.0
ENSG00000232399.4,0.0
ENSG00000232400.1,0.0
ENSG00000232401.3,0.0
ENSG00000232403.1,0.0
ENSG00000232406.9,0.10789
ENSG00000232407.3,0.0
ENSG00000232408.1,0.0
ENSG00000232409.1,0.0
ENSG00000232412.2,0.0
ENSG00000232413.1,0.0
ENSG00000232414.6,0.382381
ENSG00000232415.3,0.214759
ENSG00000232416.3,0.0
ENSG00000232418.1,0.0
ENSG00000232419.1,0.0
ENSG00000232420.2,0.0
ENSG00000232422.1,0.0
ENSG00000232423.6,0.0
ENSG00000232424.1,0.0
ENSG00000232429.3,0.0
ENSG00000232430.1,0.0
ENSG00000232431.4,0.0
ENSG00000232433.2,0.0
ENSG00000232434.3,1.248523
ENSG00000232436.1,0.0
ENSG00000232437.1,0.0
ENSG00000232439.1,0.0
ENSG00000232442.4,25.459622
ENSG00000232444.2,0.0
ENSG00000232445.3,0.221832
ENSG00000232446.1,0.0
ENSG00000232447.1,0.0
ENSG00000232448.3,0.0
ENSG00000232450.1,1.998759
ENSG00000232451.3,0.0
ENSG00000232453.8,0.825956
ENSG00000232454.2,1.346181
ENSG00000232455.3,0.0
ENSG00000232456.1,0.0
ENSG00000232457.4,0.0
ENSG00000232458.1,0.0
ENSG00000232459.1,0.0
ENSG00000232460.4,0.0
ENSG00000232463.1,0.0
ENSG00000232464.1,0.0
ENSG00000232465.1,0.0
ENSG00000232466.1,0.0
ENSG00000232467.2,0.0
ENSG00000232470.1,0.0
ENSG00000232471.3,0.0
ENSG00000232472.1,0.0
ENSG00000232474.1,0.0
ENSG00000232475.1,0.0
ENSG00000232479.2,0.0
ENSG00000232480.4,0.0
ENSG00000232482.2,0.0
ENSG00000232485.5,0.0
ENSG00000232486.1,0.0
ENSG00000232487.1,0.0
ENSG00000232489.1,0.0
ENSG00000232490.7,0.0
ENSG00000232491.1,0.0
ENSG00000232492.1,0.0
ENSG00000232493.2,0.0
ENSG00000232494.2,0.0
ENSG00000232496.2,0.0
ENSG00000232497.1,0.0
ENSG00000232499.2,0.0
ENSG00000232500.2,0.0
ENSG00000232502.1,0.0
ENSG00000232503.1,0.0
ENSG00000232504.6,2.097698
ENSG00000232508.1,0.0
ENSG00000232511.5,0.0
ENSG00000232512.6,0.0
ENSG00000232514.1,0.0
ENSG00000232515.1,0.0
ENSG00000232516.1,0.0
ENSG00000232517.2,0.0
ENSG00000232518.4,0.0
ENSG00000232519.2,0.0
ENSG00000232520.3,0.0
ENSG00000232522.1,0.0
ENSG00000232524.2,0.0
ENSG00000232525.1,0.0
ENSG00000232526.1,0.0
ENSG00000232527.9,0.0
ENSG00000232528.4,0.945852
ENSG00000232529.2,0.0
ENSG00000232530.2,0.0
ENSG00000232531.3,0.0
ENSG00000232533.4,10.798894
ENSG00000232535.2,0.0
ENSG00000232536.1,0.0
ENSG00000232537.3,0.0
ENSG00000232539.2,0.0
ENSG00000232540.1,0.0
ENSG00000232541.10,0.195802
ENSG00000232542.1,0.0
ENSG00000232543.2,0.0
ENSG00000232545.1,0.0
ENSG00000232546.1,0.0
ENSG00000232548.1,0.0
ENSG00000232549.1,0.0
ENSG00000232551.2,0.0
ENSG00000232553.3,0.0
ENSG00000232554.10,0.0
ENSG00000232555.3,0.0
ENSG00000232556.1,0.0
ENSG00000232557.3,0.0
ENSG00000232558.1,0.0
ENSG00000232560.8,0.0
ENSG00000232562.1,0.0
ENSG00000232563.1,0.0
ENSG00000232564.4,0.0
ENSG00000232568.2,0.0
ENSG00000232569.8,3.710257
ENSG00000232572.1,0.0
ENSG00000232573.1,0.0
ENSG00000232576.2,0.0
ENSG00000232578.4,0.0
ENSG00000232579.1,0.0
ENSG00000232581.2,0.0
ENSG00000232582.1,0.0
ENSG00000232583.1,0.0
ENSG00000232585.1,0.0
ENSG00000232586.1,2.137261
ENSG00000232587.1,0.0
ENSG00000232590.2,0.0
ENSG00000232591.4,0.569727
ENSG00000232593.8,1.38689
ENSG00000232594.1,0.0
ENSG00000232595.1,0.0
ENSG00000232596.3,0.0
ENSG00000232598.2,0.0
ENSG00000232599.1,0.0
ENSG00000232600.3,0.0
ENSG00000232601.1,0.0
ENSG00000232603.1,0.0
ENSG00000232604.1,0.0
ENSG00000232605.2,0.0
ENSG00000232606.4,0.0
ENSG00000232608.1,0.0
ENSG00000232610.1,0.0
ENSG00000232611.1,0.078654
ENSG00000232612.1,0.0
ENSG00000232613.8,0.212095
ENSG00000232614.1,0.0
ENSG00000232615.4,0.0
ENSG00000232616.9,9.036726
ENSG00000232617.1,0.0
ENSG00000232618.2,0.359668
ENSG00000232620.1,0.0
ENSG00000232621.1,0.0
ENSG00000232622.1,0.0
ENSG00000232623.2,0.0
ENSG00000232624.9,0.0
ENSG00000232625.1,0.0
ENSG00000232626.4,0.0
ENSG00000232627.1,0.0
ENSG00000232628.8,0.0
ENSG00000232629.9,0.0
ENSG00000232630.1,0.0
ENSG00000232631.1,0.0
ENSG00000232632.8,13.748419
ENSG00000232633.5,0.0
ENSG00000232634.1,0.0
ENSG00000232638.2,0.0
ENSG00000232640.1,0.0
ENSG00000232641.10,0.0
ENSG00000232642.2,0.0
ENSG00000232643.3,0.0
ENSG00000232644.1,0.0
ENSG00000232645.8,0.8467
ENSG00000232646.1,0.0
ENSG00000232647.1,0.0
ENSG00000232648.5,0.0
ENSG00000232650.6,0.0
ENSG00000232653.9,1.023008
ENSG00000232654.1,0.0
ENSG00000232655.2,0.0
ENSG00000232656.11,0.0
ENSG00000232658.1,0.0
ENSG00000232659.1,0.0
ENSG00000232661.1,0.0
ENSG00000232662.2,0.460038
ENSG00000232663.2,0.0
ENSG00000232664.2,0.0
ENSG00000232665.2,0.0
ENSG00000232667.13,0.0
ENSG00000232668.1,0.0
ENSG00000232671.9,1.778023
ENSG00000232672.1,0.0
ENSG00000232675.7,0.0
ENSG00000232676.1,0.0
ENSG00000232677.12,2.6770300000000002
ENSG00000232678.2,0.0
ENSG00000232679.4,0.317075
ENSG00000232682.3,0.0
ENSG00000232684.1,0.0
ENSG00000232685.6,0.0
ENSG00000232687.1,0.0
ENSG00000232688.3,0.0
ENSG00000232690.1,0.0
ENSG00000232691.6,0.8625479999999999
ENSG00000232693.2,0.0
ENSG00000232695.1,0.0
ENSG00000232696.1,0.0
ENSG00000232699.3,0.0
ENSG00000232701.1,0.0
ENSG00000232702.3,0.0
ENSG00000232706.3,0.0
ENSG00000232707.1,0.0
ENSG00000232708.1,2.373047
ENSG00000232709.1,0.0
ENSG00000232710.1,0.0
ENSG00000232712.6,0.042927
ENSG00000232713.2,0.0
ENSG00000232714.1,0.0
ENSG00000232715.2,0.0
ENSG00000232716.2,0.0
ENSG00000232717.2,0.0
ENSG00000232718.1,0.0
ENSG00000232719.1,0.206384
ENSG00000232721.4,2.00793
ENSG00000232722.4,0.0
ENSG00000232723.1,0.0
ENSG00000232724.1,0.0
ENSG00000232725.2,0.0
ENSG00000232727.2,0.0
ENSG00000232728.1,0.0
ENSG00000232729.9,0.0
ENSG00000232730.1,0.0
ENSG00000232732.12,1.102303
ENSG00000232734.1,0.0
ENSG00000232735.2,0.0
ENSG00000232736.1,0.0
ENSG00000232738.1,0.0
ENSG00000232739.2,0.0
ENSG00000232740.1,0.0
ENSG00000232742.3,0.0
ENSG00000232743.2,0.0
ENSG00000232744.1,0.0
ENSG00000232746.2,0.0
ENSG00000232747.2,0.0
ENSG00000232748.3,0.071817
ENSG00000232750.2,0.0
ENSG00000232751.1,0.0
ENSG00000232752.1,0.0
ENSG00000232756.1,0.0
ENSG00000232757.1,0.0
ENSG00000232758.1,0.0
ENSG00000232759.2,0.0
ENSG00000232760.1,0.0
ENSG00000232762.1,0.0
ENSG00000232764.1,0.0
ENSG00000232765.7,0.0
ENSG00000232766.1,0.0
ENSG00000232767.3,0.0
ENSG00000232768.1,0.0
ENSG00000232771.2,0.0
ENSG00000232772.1,0.0
ENSG00000232773.2,0.0
ENSG00000232774.8,2.432005
ENSG00000232775.7,0.0
ENSG00000232777.1,0.0
ENSG00000232778.1,0.0
ENSG00000232780.3,0.0
ENSG00000232783.6,0.0
ENSG00000232786.1,0.0
ENSG00000232787.2,0.0
ENSG00000232788.3,4.5619499999999995
ENSG00000232789.1,0.0
ENSG00000232790.4,0.0
ENSG00000232791.4,0.0
ENSG00000232792.2,0.0
ENSG00000232793.2,0.0
ENSG00000232794.1,0.0
ENSG00000232795.1,0.0
ENSG00000232797.1,0.0
ENSG00000232798.1,0.0
ENSG00000232799.1,0.0
ENSG00000232800.1,0.0
ENSG00000232801.1,0.0
ENSG00000232802.1,0.0
ENSG00000232803.1,0.0
ENSG00000232804.5,15.242135999999999
ENSG00000232805.1,0.0
ENSG00000232806.1,0.0
ENSG00000232807.3,0.202436
ENSG00000232808.1,0.0
ENSG00000232809.1,0.0
ENSG00000232810.5,0.0
ENSG00000232811.1,0.205145
ENSG00000232812.3,0.0
ENSG00000232813.1,0.0
ENSG00000232814.2,0.0
ENSG00000232815.1,1.699874
ENSG00000232816.1,0.0
ENSG00000232817.2,0.0
ENSG00000232818.2,0.317528
ENSG00000232821.1,0.0
ENSG00000232823.2,0.0
ENSG00000232824.1,0.0
ENSG00000232825.4,0.0
ENSG00000232827.4,0.204781
ENSG00000232828.2,0.769264
ENSG00000232829.3,0.0
ENSG00000232830.5,0.0
ENSG00000232832.2,1.200882
ENSG00000232834.1,0.0
ENSG00000232835.2,0.0
ENSG00000232837.1,0.0
ENSG00000232838.4,0.712307
ENSG00000232841.1,0.0
ENSG00000232842.2,0.0
ENSG00000232843.2,0.0
ENSG00000232845.1,0.0
ENSG00000232846.1,0.0
ENSG00000232848.1,0.0
ENSG00000232849.3,0.0
ENSG00000232850.3,1.18967
ENSG00000232851.3,0.0
ENSG00000232852.1,0.0
ENSG00000232853.1,0.0
ENSG00000232855.8,0.484359
ENSG00000232857.2,0.0
ENSG00000232858.1,0.0
ENSG00000232859.10,3.504328
ENSG00000232860.11,0.194467
ENSG00000232862.6,0.0
ENSG00000232864.1,0.0
ENSG00000232867.1,0.0
ENSG00000232869.2,45.198917
ENSG00000232871.10,0.0
ENSG00000232872.2,0.0
ENSG00000232873.1,0.0
ENSG00000232874.2,0.45265
ENSG00000232875.1,0.0
ENSG00000232876.2,0.0
ENSG00000232878.3,0.0
ENSG00000232879.2,0.0
ENSG00000232880.1,0.0
ENSG00000232881.2,0.0
ENSG00000232882.1,0.0
ENSG00000232883.1,0.0
ENSG00000232884.12,0.069591
ENSG00000232885.3,0.0
ENSG00000232886.1,0.0
ENSG00000232887.1,0.0
ENSG00000232888.4,0.0
ENSG00000232889.2,0.0
ENSG00000232891.1,0.0
ENSG00000232892.2,0.0
ENSG00000232893.1,0.0
ENSG00000232894.1,0.0
ENSG00000232895.2,0.0
ENSG00000232896.2,0.0
ENSG00000232897.2,0.0
ENSG00000232900.2,0.0
ENSG00000232901.1,0.0
ENSG00000232903.3,0.0
ENSG00000232905.2,0.0
ENSG00000232906.1,0.0
ENSG00000232907.10,0.149781
ENSG00000232908.3,0.0
ENSG00000232909.2,0.0
ENSG00000232910.1,0.0
ENSG00000232912.6,13.657093999999999
ENSG00000232913.9,0.0
ENSG00000232914.1,0.0
ENSG00000232915.1,0.0
ENSG00000232916.1,0.0
ENSG00000232917.5,0.0
ENSG00000232918.2,0.0
ENSG00000232920.2,0.0
ENSG00000232922.1,0.0
ENSG00000232924.1,0.0
ENSG00000232925.2,0.0
ENSG00000232926.1,0.0
ENSG00000232927.1,0.0
ENSG00000232928.2,0.0
ENSG00000232930.3,0.0
ENSG00000232931.7,5.098478999999999
ENSG00000232934.8,0.0
ENSG00000232935.2,0.0
ENSG00000232936.7,0.0
ENSG00000232937.1,0.0
ENSG00000232938.3,0.0
ENSG00000232939.4,0.0
ENSG00000232940.9,0.791559
ENSG00000232943.1,0.0
ENSG00000232944.1,0.0
ENSG00000232946.1,0.0
ENSG00000232947.1,0.0
ENSG00000232950.1,0.0
ENSG00000232951.1,0.0
ENSG00000232952.1,0.0
ENSG00000232953.1,0.0
ENSG00000232954.2,0.0
ENSG00000232956.11,12.731201
ENSG00000232957.11,7.562416
ENSG00000232958.1,0.0
ENSG00000232959.1,0.0
ENSG00000232962.11,0.0
ENSG00000232963.1,0.0
ENSG00000232964.2,0.0
ENSG00000232965.1,0.0
ENSG00000232968.1,0.0
ENSG00000232969.2,0.501666
ENSG00000232970.1,0.0
ENSG00000232971.2,0.0
ENSG00000232973.15,0.846221
ENSG00000232975.1,0.0
ENSG00000232976.1,0.0
ENSG00000232977.7,0.242659
ENSG00000232978.2,0.0
ENSG00000232979.1,0.0
ENSG00000232981.1,0.0
ENSG00000232982.1,0.0
ENSG00000232983.2,0.0
ENSG00000232984.8,0.0
ENSG00000232985.2,0.0
ENSG00000232986.1,0.0
ENSG00000232987.3,0.0
ENSG00000232988.1,0.0
ENSG00000232989.1,0.0
ENSG00000232990.2,0.0
ENSG00000232991.5,0.0
ENSG00000232992.2,0.0
ENSG00000232993.1,0.0
ENSG00000232994.1,0.0
ENSG00000232995.7,0.345672
ENSG00000232998.4,0.0
ENSG00000232999.1,0.0
ENSG00000233002.3,0.984942
ENSG00000233003.4,0.0
ENSG00000233006.9,0.23740499999999998
ENSG00000233007.1,0.0
ENSG00000233008.9,2.121212
ENSG00000233009.2,0.0
ENSG00000233010.1,0.0
ENSG00000233011.1,0.0
ENSG00000233012.3,0.0
ENSG00000233013.11,0.0
ENSG00000233014.1,0.0
ENSG00000233015.1,0.0
ENSG00000233016.10,30.999848
ENSG00000233017.4,0.0
ENSG00000233018.1,0.0
ENSG00000233020.1,0.0
ENSG00000233021.2,0.0
ENSG00000233024.7,51.059028000000005
ENSG00000233025.1,0.0
ENSG00000233026.1,0.0
ENSG00000233028.1,0.0
ENSG00000233030.2,0.397986
ENSG00000233031.1,0.0
ENSG00000233033.1,0.0
ENSG00000233036.1,0.0
ENSG00000233037.2,0.0
ENSG00000233038.8,6.192061
ENSG00000233039.1,0.0
ENSG00000233040.2,0.0
ENSG00000233041.8,0.0
ENSG00000233043.1,0.0
ENSG00000233044.1,0.0
ENSG00000233045.1,0.0
ENSG00000233046.8,0.0
ENSG00000233047.7,0.0
ENSG00000233048.1,0.0
ENSG00000233049.6,0.0
ENSG00000233050.1,0.0
ENSG00000233051.9,22.783124
ENSG00000233052.1,0.0
ENSG00000233054.3,0.0
ENSG00000233055.1,0.0
ENSG00000233056.4,0.086086
ENSG00000233057.1,0.0
ENSG00000233058.4,1.021182
ENSG00000233060.2,0.0
ENSG00000233061.1,0.081449
ENSG00000233063.2,0.0
ENSG00000233064.3,0.0
ENSG00000233067.5,0.0
ENSG00000233068.4,0.0
ENSG00000233069.2,0.0
ENSG00000233070.2,0.0
ENSG00000233071.3,0.0
ENSG00000233072.1,0.0
ENSG00000233073.3,0.0
ENSG00000233076.6,3.468151
ENSG00000233077.3,0.0
ENSG00000233078.1,0.0
ENSG00000233079.4,0.114841
ENSG00000233080.4,0.0
ENSG00000233081.2,0.0
ENSG00000233082.1,0.0
ENSG00000233083.1,0.0
ENSG00000233084.2,0.0
ENSG00000233085.6,0.0
ENSG00000233086.9,0.081034
ENSG00000233087.8,0.0
ENSG00000233089.6,41.678402000000006
ENSG00000233090.1,0.0
ENSG00000233093.9,2.252837
ENSG00000233095.8,0.0
ENSG00000233096.1,0.0
ENSG00000233098.11,0.391308
ENSG00000233099.2,0.0
ENSG00000233101.11,0.0
ENSG00000233103.2,0.0
ENSG00000233105.1,0.0
ENSG00000233106.1,0.0
ENSG00000233107.1,0.0
ENSG00000233108.2,0.0
ENSG00000233109.4,0.0
ENSG00000233110.1,0.0
ENSG00000233111.1,0.0
ENSG00000233113.4,0.0
ENSG00000233114.2,0.0
ENSG00000233115.5,0.0
ENSG00000233117.5,0.0
ENSG00000233118.2,0.0
ENSG00000233120.1,0.0
ENSG00000233121.1,0.0
ENSG00000233122.2,0.0
ENSG00000233123.3,0.0
ENSG00000233124.3,0.0
ENSG00000233125.3,0.0
ENSG00000233126.3,0.0
ENSG00000233128.3,0.0
ENSG00000233129.1,0.0
ENSG00000233131.1,0.0
ENSG00000233132.4,0.0
ENSG00000233133.1,0.0
ENSG00000233134.1,0.0
ENSG00000233135.1,0.0
ENSG00000233136.3,0.0
ENSG00000233138.1,0.0
ENSG00000233139.1,0.0
ENSG00000233140.6,0.0
ENSG00000233144.2,0.0
ENSG00000233145.2,0.0
ENSG00000233146.1,0.0
ENSG00000233148.2,0.0
ENSG00000233151.6,0.125676
ENSG00000233153.7,0.0
ENSG00000233154.6,0.0
ENSG00000233155.1,1.603725
ENSG00000233157.1,0.0
ENSG00000233158.1,0.0
ENSG00000233159.1,0.0
ENSG00000233161.1,0.0
ENSG00000233162.1,0.0
ENSG00000233163.1,0.0
ENSG00000233164.9,0.0
ENSG00000233167.1,0.0
ENSG00000233168.1,0.0
ENSG00000233170.4,0.0
ENSG00000233173.1,0.0
ENSG00000233175.3,0.368208
ENSG00000233176.3,0.0
ENSG00000233178.8,0.0
ENSG00000233179.2,0.0
ENSG00000233183.4,0.335832
ENSG00000233184.10,0.905197
ENSG00000233186.2,0.0
ENSG00000233189.1,0.0
ENSG00000233190.1,0.0
ENSG00000233191.3,0.223842
ENSG00000233192.7,0.0
ENSG00000233196.2,0.0
ENSG00000233197.1,0.0
ENSG00000233198.4,0.0
ENSG00000233203.8,0.0
ENSG00000233204.1,0.0
ENSG00000233205.1,0.0
ENSG00000233206.1,0.0
ENSG00000233208.7,0.339858
ENSG00000233209.6,0.0
ENSG00000233210.6,0.0
ENSG00000233211.2,0.0
ENSG00000233215.7,0.0
ENSG00000233216.1,1.593776
ENSG00000233217.3,0.0
ENSG00000233219.2,0.0
ENSG00000233220.4,0.0
ENSG00000233221.7,0.0
ENSG00000233222.2,0.0
ENSG00000233223.6,2.1553519999999997
ENSG00000233225.3,0.0
ENSG00000233228.1,0.0
ENSG00000233229.1,0.0
ENSG00000233230.4,2.147456
ENSG00000233231.1,0.0
ENSG00000233232.8,1.109445
ENSG00000233234.1,0.0
ENSG00000233235.1,0.0
ENSG00000233236.2,0.330757
ENSG00000233237.10,0.0
ENSG00000233238.1,0.0
ENSG00000233239.1,0.0
ENSG00000233240.1,0.0
ENSG00000233242.4,0.0
ENSG00000233243.1,0.0
ENSG00000233246.2,0.0
ENSG00000233247.3,0.0
ENSG00000233248.1,0.0
ENSG00000233250.1,0.0
ENSG00000233251.9,0.695906
ENSG00000233252.1,0.0
ENSG00000233254.1,0.763541
ENSG00000233258.1,0.0
ENSG00000233259.4,0.0
ENSG00000233260.1,0.0
ENSG00000233261.4,0.0
ENSG00000233262.1,0.0
ENSG00000233263.1,0.0
ENSG00000233264.2,0.0
ENSG00000233266.1,0.0
ENSG00000233268.3,0.0
ENSG00000233270.1,0.0
ENSG00000233271.1,0.0
ENSG00000233272.1,0.0
ENSG00000233273.1,0.0
ENSG00000233275.1,0.0
ENSG00000233276.9,1435.2120510000002
ENSG00000233277.2,0.0
ENSG00000233278.1,0.0
ENSG00000233285.1,0.0
ENSG00000233286.1,0.0
ENSG00000233287.1,1.026637
ENSG00000233288.3,0.087201
ENSG00000233290.5,0.0
ENSG00000233291.1,0.0
ENSG00000233292.1,0.0
ENSG00000233293.2,0.0
ENSG00000233295.3,0.0
ENSG00000233296.3,0.0
ENSG00000233297.4,4.454045
ENSG00000233299.1,0.0
ENSG00000233300.1,0.0
ENSG00000233301.1,0.0
ENSG00000233303.1,0.0
ENSG00000233304.8,0.0
ENSG00000233306.2,1.262022
ENSG00000233307.1,0.0
ENSG00000233308.3,0.0
ENSG00000233309.1,0.0
ENSG00000233311.1,0.0
ENSG00000233312.9,7.367718
ENSG00000233313.2,0.0
ENSG00000233314.6,115.508725
ENSG00000233316.4,0.0
ENSG00000233317.1,0.0
ENSG00000233318.2,0.0
ENSG00000233319.1,0.0
ENSG00000233321.5,0.0
ENSG00000233323.10,0.0
ENSG00000233324.1,0.0
ENSG00000233325.6,0.0
ENSG00000233327.12,0.0
ENSG00000233328.3,0.0
ENSG00000233329.1,0.0
ENSG00000233330.1,0.0
ENSG00000233332.1,0.0
ENSG00000233333.2,0.0
ENSG00000233334.4,0.241603
ENSG00000233335.1,0.0
ENSG00000233336.1,0.0
ENSG00000233337.1,0.0
ENSG00000233338.1,0.192113
ENSG00000233339.1,0.0
ENSG00000233340.1,0.0
ENSG00000233343.1,0.0
ENSG00000233345.9,2.672231
ENSG00000233347.1,0.0
ENSG00000233348.10,0.0
ENSG00000233349.1,0.0
ENSG00000233350.1,0.0
ENSG00000233351.1,0.0
ENSG00000233352.1,0.0
ENSG00000233353.1,0.0
ENSG00000233354.2,0.0
ENSG00000233355.8,8.651522
ENSG00000233357.2,0.0
ENSG00000233358.3,0.0
ENSG00000233359.3,0.0
ENSG00000233360.5,0.0
ENSG00000233363.1,0.0
ENSG00000233365.3,0.0
ENSG00000233366.1,0.0
ENSG00000233367.1,0.0
ENSG00000233369.8,17.270278
ENSG00000233370.1,0.0
ENSG00000233372.1,0.618765
ENSG00000233377.1,0.0
ENSG00000233378.1,0.0
ENSG00000233379.2,0.0
ENSG00000233380.1,0.0
ENSG00000233381.4,0.0
ENSG00000233382.11,0.0
ENSG00000233383.1,0.0
ENSG00000233384.4,0.295107
ENSG00000233385.1,0.0
ENSG00000233387.4,4.711036
ENSG00000233388.2,0.0
ENSG00000233392.6,15.423815
ENSG00000233393.3,0.092692
ENSG00000233395.3,0.0
ENSG00000233396.10,0.607475
ENSG00000233397.3,0.0
ENSG00000233399.2,0.0
ENSG00000233401.1,0.0
ENSG00000233402.1,0.0
ENSG00000233403.2,0.0
ENSG00000233405.3,0.0
ENSG00000233406.5,0.0
ENSG00000233407.1,0.0
ENSG00000233409.1,0.0
ENSG00000233410.2,0.0
ENSG00000233411.1,0.0
ENSG00000233412.6,0.0
ENSG00000233416.1,0.0
ENSG00000233417.3,0.0
ENSG00000233419.3,0.0
ENSG00000233420.2,0.0
ENSG00000233421.6,0.0
ENSG00000233423.1,0.0
ENSG00000233424.2,0.0
ENSG00000233425.1,0.0
ENSG00000233426.3,0.988023
ENSG00000233427.1,0.0
ENSG00000233428.1,0.0
ENSG00000233429.9,93.956429
ENSG00000233430.3,0.0
ENSG00000233431.2,1.389169
ENSG00000233432.2,0.0
ENSG00000233433.1,0.0
ENSG00000233435.2,0.0
ENSG00000233436.8,0.0
ENSG00000233437.2,0.0
ENSG00000233439.8,0.0
ENSG00000233440.2,0.0
ENSG00000233441.7,0.0
ENSG00000233442.2,0.0
ENSG00000233444.1,0.0
ENSG00000233445.1,0.0
ENSG00000233446.2,0.0
ENSG00000233447.1,0.0
ENSG00000233448.2,0.0
ENSG00000233449.1,0.0
ENSG00000233450.7,0.0
ENSG00000233451.1,0.0
ENSG00000233452.10,1.82703
ENSG00000233454.1,0.0
ENSG00000233455.2,0.0
ENSG00000233456.2,0.282074
ENSG00000233457.1,0.0
ENSG00000233459.1,0.0
ENSG00000233460.1,0.0
ENSG00000233461.6,20.186213000000002
ENSG00000233464.2,0.0
ENSG00000233466.1,0.0
ENSG00000233467.2,0.0
ENSG00000233469.1,0.0
ENSG00000233470.2,0.0
ENSG00000233471.2,0.0
ENSG00000233472.1,0.0
ENSG00000233473.2,0.0
ENSG00000233476.3,0.50279
ENSG00000233477.1,0.0
ENSG00000233478.1,0.0
ENSG00000233479.1,0.0
ENSG00000233480.3,0.0
ENSG00000233482.1,0.0
ENSG00000233483.5,0.0
ENSG00000233484.2,0.0
ENSG00000233485.2,0.0
ENSG00000233486.3,0.0
ENSG00000233487.7,0.0
ENSG00000233489.1,0.0
ENSG00000233490.7,0.0
ENSG00000233491.9,0.0
ENSG00000233492.2,0.0
ENSG00000233493.4,2.208038
ENSG00000233494.1,0.0
ENSG00000233496.1,0.0
ENSG00000233497.4,0.0
ENSG00000233499.1,0.0
ENSG00000233502.2,0.0
ENSG00000233503.1,0.0
ENSG00000233506.2,0.0
ENSG00000233508.5,0.0
ENSG00000233511.1,0.0
ENSG00000233514.1,0.0
ENSG00000233515.3,0.0
ENSG00000233516.2,0.0
ENSG00000233518.1,0.0
ENSG00000233519.1,0.0
ENSG00000233521.9,0.0
ENSG00000233522.2,0.0
ENSG00000233523.1,0.0
ENSG00000233524.1,0.0
ENSG00000233526.1,0.0
ENSG00000233527.11,4.493648
ENSG00000233528.5,0.0
ENSG00000233529.1,0.0
ENSG00000233531.1,0.0
ENSG00000233532.7,0.0
ENSG00000233533.1,0.0
ENSG00000233534.3,0.0
ENSG00000233535.2,0.0
ENSG00000233537.1,0.0
ENSG00000233538.2,0.880867
ENSG00000233539.5,0.0
ENSG00000233540.1,0.0
ENSG00000233541.4,0.0
ENSG00000233542.3,0.0
ENSG00000233543.1,0.0
ENSG00000233544.1,0.0
ENSG00000233545.1,0.0
ENSG00000233547.2,1.593776
ENSG00000233548.1,0.0
ENSG00000233549.2,0.0
ENSG00000233550.1,0.0
ENSG00000233551.2,0.0
ENSG00000233553.1,0.0
ENSG00000233554.7,0.476474
ENSG00000233555.2,0.0
ENSG00000233557.2,0.0
ENSG00000233558.1,0.0
ENSG00000233559.3,0.127671
ENSG00000233560.2,0.0
ENSG00000233561.6,0.0
ENSG00000233562.1,0.0
ENSG00000233563.1,0.0
ENSG00000233565.1,0.0
ENSG00000233569.2,0.0
ENSG00000233570.3,0.0
ENSG00000233571.1,0.0
ENSG00000233573.9,0.0
ENSG00000233574.2,0.0
ENSG00000233575.2,0.0
ENSG00000233576.1,0.0
ENSG00000233577.7,0.0
ENSG00000233578.1,0.0
ENSG00000233579.1,0.0
ENSG00000233581.1,0.0
ENSG00000233583.1,0.0
ENSG00000233584.10,0.0
ENSG00000233585.3,0.0
ENSG00000233586.1,1.383118
ENSG00000233587.3,0.0
ENSG00000233588.1,0.0
ENSG00000233589.1,0.0
ENSG00000233590.1,0.0
ENSG00000233593.13,0.23722
ENSG00000233594.2,0.0
ENSG00000233595.2,0.0
ENSG00000233597.3,0.0
ENSG00000233599.8,0.0
ENSG00000233601.1,0.0
ENSG00000233602.1,0.0
ENSG00000233603.1,0.0
ENSG00000233604.1,0.0
ENSG00000233605.4,0.0
ENSG00000233606.3,0.0
ENSG00000233607.2,0.0
ENSG00000233608.5,0.193283
ENSG00000233609.4,0.0
ENSG00000233610.3,0.0
ENSG00000233611.5,0.313056
ENSG00000233613.6,0.0
ENSG00000233614.7,0.0
ENSG00000233615.1,0.0
ENSG00000233616.3,0.0
ENSG00000233617.1,0.069548
ENSG00000233619.1,0.0
ENSG00000233620.6,0.0
ENSG00000233621.4,0.9061089999999999
ENSG00000233622.4,0.0
ENSG00000233623.2,0.0
ENSG00000233625.1,0.0
ENSG00000233626.2,0.0
ENSG00000233627.2,0.0
ENSG00000233632.1,0.0
ENSG00000233633.3,0.0
ENSG00000233634.1,0.0
ENSG00000233635.2,0.0
ENSG00000233639.10,0.0
ENSG00000233640.2,0.0
ENSG00000233641.9,10.006622
ENSG00000233642.2,0.0
ENSG00000233643.3,0.0
ENSG00000233644.1,0.0
ENSG00000233645.1,0.0
ENSG00000233646.1,0.0
ENSG00000233647.2,0.0
ENSG00000233648.1,0.0
ENSG00000233651.2,0.0
ENSG00000233652.1,0.0
ENSG00000233653.3,0.0
ENSG00000233654.3,0.0
ENSG00000233656.3,0.0
ENSG00000233659.1,0.0
ENSG00000233661.1,0.0
ENSG00000233662.1,0.0
ENSG00000233663.1,0.0
ENSG00000233664.1,0.0
ENSG00000233665.8,0.0
ENSG00000233668.1,0.0
ENSG00000233670.7,0.0
ENSG00000233671.1,0.0
ENSG00000233672.10,0.207153
ENSG00000233673.8,0.0
ENSG00000233674.2,0.0
ENSG00000233676.2,0.0
ENSG00000233677.1,0.0
ENSG00000233680.4,0.0
ENSG00000233681.1,0.0
ENSG00000233682.4,0.0
ENSG00000233683.1,0.0
ENSG00000233684.4,2.708985
ENSG00000233685.1,0.0
ENSG00000233686.3,0.0
ENSG00000233688.1,0.0
ENSG00000233689.3,0.0
ENSG00000233690.1,0.632799
ENSG00000233691.2,0.0
ENSG00000233693.1,0.0
ENSG00000233694.7,0.0
ENSG00000233695.2,0.700881
ENSG00000233697.2,0.0
ENSG00000233699.3,0.0
ENSG00000233701.3,0.0
ENSG00000233702.1,0.0
ENSG00000233703.1,0.0
ENSG00000233705.10,0.120284
ENSG00000233706.1,0.0
ENSG00000233707.3,0.0
ENSG00000233708.1,0.0
ENSG00000233709.1,0.0
ENSG00000233710.1,0.0
ENSG00000233711.1,0.0
ENSG00000233712.2,0.0
ENSG00000233713.2,0.0
ENSG00000233714.2,0.0
ENSG00000233716.1,0.0
ENSG00000233717.1,0.0
ENSG00000233718.10,0.0
ENSG00000233719.4,0.0
ENSG00000233720.1,0.0
ENSG00000233721.2,0.0
ENSG00000233723.12,0.256373
ENSG00000233724.1,0.0
ENSG00000233725.8,0.0
ENSG00000233727.1,0.0
ENSG00000233728.1,0.0
ENSG00000233729.1,0.0
ENSG00000233730.3,0.0
ENSG00000233732.5,0.0
ENSG00000233733.1,0.0
ENSG00000233734.8,0.0
ENSG00000233735.5,0.0
ENSG00000233737.3,0.0
ENSG00000233739.1,0.0
ENSG00000233740.1,0.0
ENSG00000233741.1,0.0
ENSG00000233744.1,0.0
ENSG00000233746.3,0.343271
ENSG00000233747.1,0.0
ENSG00000233750.3,0.0
ENSG00000233751.1,0.0
ENSG00000233752.1,0.0
ENSG00000233754.2,0.0
ENSG00000233755.2,0.0
ENSG00000233756.5,0.0
ENSG00000233757.7,0.134603
ENSG00000233760.4,0.0
ENSG00000233762.3,0.0
ENSG00000233764.1,0.0
ENSG00000233765.1,0.0
ENSG00000233766.9,0.0
ENSG00000233767.1,0.0
ENSG00000233771.2,0.0
ENSG00000233774.1,0.0
ENSG00000233775.2,0.457591
ENSG00000233778.3,0.0
ENSG00000233780.4,0.0
ENSG00000233782.1,0.0
ENSG00000233783.9,0.0
ENSG00000233785.2,0.48366499999999996
ENSG00000233786.1,0.0
ENSG00000233787.3,0.0
ENSG00000233791.8,1.6492909999999998
ENSG00000233792.4,0.0
ENSG00000233795.6,0.0
ENSG00000233797.5,0.251159
ENSG00000233802.8,0.0
ENSG00000233803.9,0.0
ENSG00000233805.1,0.0
ENSG00000233806.11,5.575196999999999
ENSG00000233807.1,0.0
ENSG00000233810.1,0.0
ENSG00000233814.1,0.0
ENSG00000233816.4,0.0
ENSG00000233817.1,0.0
ENSG00000233819.1,0.0
ENSG00000233820.3,0.0
ENSG00000233821.1,0.0
ENSG00000233822.6,2.037935
ENSG00000233823.1,0.0
ENSG00000233824.3,0.0
ENSG00000233825.1,0.0
ENSG00000233827.2,0.0
ENSG00000233828.6,0.355858
ENSG00000233829.1,0.0
ENSG00000233830.2,0.0
ENSG00000233831.4,0.0
ENSG00000233832.1,0.0
ENSG00000233833.1,0.0
ENSG00000233834.8,0.334238
ENSG00000233835.2,0.0
ENSG00000233836.8,0.0
ENSG00000233837.1,0.0
ENSG00000233838.5,0.0
ENSG00000233839.1,0.0
ENSG00000233841.11,2722.1795920000004
ENSG00000233842.3,0.0
ENSG00000233843.1,0.0
ENSG00000233845.1,0.0
ENSG00000233846.2,0.0
ENSG00000233847.2,0.0
ENSG00000233848.1,0.0
ENSG00000233849.2,0.0
ENSG00000233850.2,4.674636
ENSG00000233851.1,0.0
ENSG00000233853.1,0.0
ENSG00000233854.3,0.0
ENSG00000233857.5,0.0
ENSG00000233858.5,0.0
ENSG00000233859.2,0.0
ENSG00000233860.3,0.0
ENSG00000233861.1,0.0
ENSG00000233862.9,0.197812
ENSG00000233866.1,0.0
ENSG00000233867.2,0.0
ENSG00000233868.1,0.0
ENSG00000233869.1,0.0
ENSG00000233870.1,0.0
ENSG00000233871.3,0.0
ENSG00000233872.1,0.0
ENSG00000233873.1,0.0
ENSG00000233874.2,0.0
ENSG00000233875.1,1.603725
ENSG00000233876.2,0.0
ENSG00000233877.2,0.0
ENSG00000233880.1,0.0
ENSG00000233882.3,0.0
ENSG00000233884.2,0.0
ENSG00000233885.7,0.44623100000000004
ENSG00000233887.2,0.0
ENSG00000233888.2,0.0
ENSG00000233890.6,0.0
ENSG00000233891.9,0.0
ENSG00000233892.1,0.0
ENSG00000233893.2,0.0
ENSG00000233894.1,0.0
ENSG00000233896.2,0.0
ENSG00000233900.1,0.0
ENSG00000233901.9,12.333555
ENSG00000233902.1,0.0
ENSG00000233904.6,3963.0504260000002
ENSG00000233905.1,0.0
ENSG00000233907.1,0.086725
ENSG00000233908.1,0.0
ENSG00000233909.1,0.0
ENSG00000233910.1,0.0
ENSG00000233911.9,0.0
ENSG00000233912.2,0.0
ENSG00000233913.7,31.698149
ENSG00000233915.4,0.0
ENSG00000233916.1,0.0
ENSG00000233917.9,0.0
ENSG00000233918.1,0.0
ENSG00000233919.2,0.0
ENSG00000233920.3,0.0
ENSG00000233921.2,0.0
ENSG00000233922.5,0.032852
ENSG00000233924.1,0.0
ENSG00000233926.3,0.0
ENSG00000233927.5,1933.196587
ENSG00000233928.8,0.344206
ENSG00000233929.1,0.0
ENSG00000233930.5,0.0
ENSG00000233931.7,0.017505
ENSG00000233932.6,0.0
ENSG00000233933.2,0.0
ENSG00000233934.2,0.0
ENSG00000233935.1,0.069548
ENSG00000233936.1,0.0
ENSG00000233939.1,0.0
ENSG00000233940.1,0.0
ENSG00000233941.1,0.0
ENSG00000233942.2,0.0
ENSG00000233943.1,0.0
ENSG00000233944.1,0.0
ENSG00000233945.3,0.0
ENSG00000233946.2,0.0
ENSG00000233947.1,0.0
ENSG00000233948.10,18.140584
ENSG00000233950.1,0.0
ENSG00000233951.3,0.0
ENSG00000233952.1,0.0
ENSG00000233953.1,0.0
ENSG00000233954.7,0.4538
ENSG00000233955.1,0.0
ENSG00000233956.1,0.722812
ENSG00000233960.1,0.0
ENSG00000233962.1,0.0
ENSG00000233963.2,0.0
ENSG00000233964.2,0.0
ENSG00000233966.1,0.0
ENSG00000233967.8,0.255881
ENSG00000233968.10,5.3730210000000005
ENSG00000233969.3,0.0
ENSG00000233971.1,0.0
ENSG00000233973.8,0.0
ENSG00000233974.4,0.0
ENSG00000233975.3,0.0
ENSG00000233977.1,0.0
ENSG00000233978.1,0.0
ENSG00000233979.1,0.0
ENSG00000233980.1,0.0
ENSG00000233981.2,0.0
ENSG00000233983.2,0.0
ENSG00000233984.1,0.0
ENSG00000233985.3,0.0
ENSG00000233990.1,0.0
ENSG00000233993.1,0.0
ENSG00000233994.2,0.0
ENSG00000233995.1,0.0
ENSG00000233996.1,0.0
ENSG00000233997.6,0.0
ENSG00000233998.1,0.0
ENSG00000233999.3,0.0
ENSG00000234001.1,0.0
ENSG00000234003.1,0.0
ENSG00000234004.4,0.0
ENSG00000234005.3,0.0
ENSG00000234006.1,0.0
ENSG00000234008.5,0.0
ENSG00000234009.1,0.0
ENSG00000234012.9,0.0
ENSG00000234015.1,0.0
ENSG00000234016.1,0.0
ENSG00000234017.1,0.0
ENSG00000234019.1,0.0
ENSG00000234020.1,0.0
ENSG00000234021.1,0.0
ENSG00000234022.2,0.0
ENSG00000234025.1,0.0
ENSG00000234026.2,0.725172
ENSG00000234028.5,1.059841
ENSG00000234030.1,0.0
ENSG00000234031.1,0.0
ENSG00000234032.11,3.469274
ENSG00000234033.1,0.0
ENSG00000234034.1,0.0
ENSG00000234036.4,0.0
ENSG00000234039.2,0.0
ENSG00000234040.3,0.0
ENSG00000234041.1,0.0
ENSG00000234042.1,0.0
ENSG00000234043.3,0.40192
ENSG00000234044.1,0.0
ENSG00000234046.7,6.184148
ENSG00000234048.1,0.0
ENSG00000234050.1,0.0
ENSG00000234052.3,0.0
ENSG00000234055.1,0.0
ENSG00000234056.4,0.0
ENSG00000234059.1,0.0
ENSG00000234060.1,0.0
ENSG00000234061.1,0.0
ENSG00000234062.11,0.0
ENSG00000234063.5,0.0
ENSG00000234064.1,0.0
ENSG00000234065.2,0.0
ENSG00000234066.1,0.0
ENSG00000234067.1,0.0
ENSG00000234068.7,0.0
ENSG00000234069.1,0.0
ENSG00000234070.2,0.0
ENSG00000234071.1,0.0
ENSG00000234072.2,11.114254
ENSG00000234073.1,0.627464
ENSG00000234075.1,0.0
ENSG00000234076.3,0.54928
ENSG00000234078.10,0.0
ENSG00000234079.2,0.0
ENSG00000234080.3,0.0
ENSG00000234081.1,0.0
ENSG00000234084.2,0.0
ENSG00000234085.1,0.0
ENSG00000234087.1,0.0
ENSG00000234088.1,0.0
ENSG00000234089.3,0.0
ENSG00000234091.1,0.0
ENSG00000234092.1,0.0
ENSG00000234093.3,0.0
ENSG00000234096.9,0.0
ENSG00000234099.1,0.0
ENSG00000234102.1,0.0
ENSG00000234104.2,0.0
ENSG00000234105.2,0.0
ENSG00000234106.3,0.0
ENSG00000234107.1,0.0
ENSG00000234108.1,0.0
ENSG00000234109.1,0.0
ENSG00000234110.1,0.0
ENSG00000234111.7,0.0
ENSG00000234112.2,0.0
ENSG00000234114.8,0.0
ENSG00000234115.2,0.0
ENSG00000234116.1,0.0
ENSG00000234117.2,0.0
ENSG00000234118.1,0.0
ENSG00000234119.1,0.0
ENSG00000234120.1,0.0
ENSG00000234121.1,0.0
ENSG00000234122.1,0.0
ENSG00000234123.1,0.0
ENSG00000234124.7,0.0
ENSG00000234125.5,0.0
ENSG00000234127.9,0.0
ENSG00000234129.11,0.0
ENSG00000234130.2,0.0
ENSG00000234132.3,0.705263
ENSG00000234135.2,0.0
ENSG00000234136.1,0.0
ENSG00000234137.5,0.0
ENSG00000234139.7,0.0
ENSG00000234140.1,0.0
ENSG00000234142.3,0.408569
ENSG00000234143.1,0.0
ENSG00000234144.1,0.0
ENSG00000234145.1,0.0
ENSG00000234146.1,0.0
ENSG00000234147.5,1.5450780000000002
ENSG00000234148.4,0.0
ENSG00000234149.1,0.0
ENSG00000234152.1,0.0
ENSG00000234154.10,0.0
ENSG00000234155.2,0.0
ENSG00000234156.4,0.0
ENSG00000234158.1,0.0
ENSG00000234159.1,0.0
ENSG00000234160.1,3.970687
ENSG00000234161.2,0.0
ENSG00000234162.4,0.0
ENSG00000234163.1,0.0
ENSG00000234164.2,0.0
ENSG00000234167.1,0.0
ENSG00000234168.2,0.0
ENSG00000234169.2,0.0
ENSG00000234170.7,0.0
ENSG00000234171.6,1.380207
ENSG00000234172.2,0.0
ENSG00000234173.2,0.0
ENSG00000234174.2,0.401195
ENSG00000234175.1,0.0
ENSG00000234176.1,0.0
ENSG00000234178.1,0.0
ENSG00000234179.1,0.0
ENSG00000234181.2,0.0
ENSG00000234182.2,0.0
ENSG00000234183.2,0.0
ENSG00000234184.9,0.0
ENSG00000234185.2,0.0
ENSG00000234186.5,0.0
ENSG00000234187.1,0.0
ENSG00000234189.1,0.0
ENSG00000234190.1,0.0
ENSG00000234191.1,0.0
ENSG00000234192.1,0.0
ENSG00000234193.1,0.0
ENSG00000234196.2,0.264142
ENSG00000234197.1,0.0
ENSG00000234199.4,0.0
ENSG00000234200.2,0.0
ENSG00000234201.1,0.0
ENSG00000234202.2,0.0
ENSG00000234203.2,0.0
ENSG00000234204.1,0.0
ENSG00000234206.6,0.0
ENSG00000234207.1,0.0
ENSG00000234208.1,0.0
ENSG00000234210.2,0.0
ENSG00000234211.2,0.785382
ENSG00000234213.1,0.0
ENSG00000234215.4,0.0
ENSG00000234216.1,0.0
ENSG00000234217.2,0.0
ENSG00000234218.9,0.0
ENSG00000234219.1,0.0
ENSG00000234222.7,0.391308
ENSG00000234224.3,0.0
ENSG00000234225.2,0.0
ENSG00000234226.5,0.0
ENSG00000234227.1,0.0
ENSG00000234228.1,0.0
ENSG00000234230.1,0.0
ENSG00000234231.4,0.0
ENSG00000234232.8,0.0
ENSG00000234233.2,0.0
ENSG00000234234.1,0.0
ENSG00000234235.2,0.0
ENSG00000234238.3,0.0
ENSG00000234239.1,0.0
ENSG00000234241.1,0.0
ENSG00000234244.3,0.0
ENSG00000234247.1,0.0
ENSG00000234251.1,0.0
ENSG00000234253.1,0.0
ENSG00000234255.9,0.0
ENSG00000234256.2,0.0
ENSG00000234257.1,0.0
ENSG00000234258.6,2.004734
ENSG00000234259.3,0.0
ENSG00000234260.1,0.0
ENSG00000234261.7,0.831626
ENSG00000234262.1,0.0
ENSG00000234263.3,0.0
ENSG00000234264.2,0.0
ENSG00000234265.3,0.0
ENSG00000234267.5,0.0
ENSG00000234268.1,0.0
ENSG00000234269.2,0.0
ENSG00000234270.1,0.0
ENSG00000234271.1,0.0
ENSG00000234272.1,0.0
ENSG00000234273.2,0.0
ENSG00000234274.1,0.0
ENSG00000234275.5,0.0
ENSG00000234276.1,0.0
ENSG00000234277.4,0.0
ENSG00000234279.3,0.0
ENSG00000234280.6,0.0
ENSG00000234281.6,0.0
ENSG00000234282.1,0.0
ENSG00000234284.7,0.584166
ENSG00000234285.1,0.0
ENSG00000234286.4,0.0
ENSG00000234287.1,0.0
ENSG00000234288.2,0.0
ENSG00000234289.6,0.0
ENSG00000234292.4,0.395156
ENSG00000234293.1,0.0
ENSG00000234297.2,0.0
ENSG00000234300.2,0.0
ENSG00000234303.4,0.0
ENSG00000234304.2,0.0
ENSG00000234305.1,0.0
ENSG00000234308.3,0.0
ENSG00000234309.1,0.0
ENSG00000234311.2,0.0
ENSG00000234312.1,0.0
ENSG00000234315.1,0.0
ENSG00000234318.1,0.0
ENSG00000234319.1,0.0
ENSG00000234322.1,0.0
ENSG00000234323.11,0.330931
ENSG00000234324.1,0.0
ENSG00000234325.1,0.0
ENSG00000234327.11,1.072069
ENSG00000234329.1,1.118781
ENSG00000234331.1,0.0
ENSG00000234332.1,0.461097
ENSG00000234333.2,0.0
ENSG00000234335.1,0.0
ENSG00000234336.8,1.091959
ENSG00000234337.4,0.0
ENSG00000234338.1,0.0
ENSG00000234340.1,0.0
ENSG00000234345.2,0.0
ENSG00000234347.8,0.0
ENSG00000234349.1,0.0
ENSG00000234350.8,0.0
ENSG00000234352.10,0.0
ENSG00000234353.3,0.0
ENSG00000234354.3,0.0
ENSG00000234355.3,0.0
ENSG00000234356.1,0.0
ENSG00000234358.1,0.0
ENSG00000234359.3,0.0
ENSG00000234360.1,0.0
ENSG00000234361.2,0.0
ENSG00000234362.7,0.0
ENSG00000234363.1,0.0
ENSG00000234367.1,0.0
ENSG00000234369.1,0.0
ENSG00000234370.10,0.0
ENSG00000234371.7,0.0
ENSG00000234372.1,0.0
ENSG00000234373.1,0.0
ENSG00000234376.4,0.0
ENSG00000234377.9,0.0
ENSG00000234378.2,0.0
ENSG00000234379.1,0.0
ENSG00000234380.4,0.0
ENSG00000234381.1,0.0
ENSG00000234382.2,0.0
ENSG00000234383.1,0.0
ENSG00000234384.2,0.0
ENSG00000234385.1,0.0
ENSG00000234386.4,0.0
ENSG00000234387.2,0.0
ENSG00000234388.2,0.0
ENSG00000234389.1,3.919552
ENSG00000234390.5,0.083437
ENSG00000234391.1,0.0
ENSG00000234393.1,0.0
ENSG00000234394.9,0.0
ENSG00000234396.3,0.0
ENSG00000234397.3,0.0
ENSG00000234398.1,0.0
ENSG00000234399.1,0.0
ENSG00000234402.1,0.0
ENSG00000234404.2,0.0
ENSG00000234406.1,0.0
ENSG00000234409.7,0.0
ENSG00000234411.1,0.0
ENSG00000234413.1,0.0
ENSG00000234414.8,0.0
ENSG00000234415.1,0.0
ENSG00000234417.1,0.0
ENSG00000234418.4,0.0
ENSG00000234419.1,0.0
ENSG00000234420.10,0.0
ENSG00000234421.2,0.0
ENSG00000234422.1,0.0
ENSG00000234423.3,0.0
ENSG00000234424.2,0.0
ENSG00000234425.2,0.0
ENSG00000234426.4,2.540161
ENSG00000234427.2,0.0
ENSG00000234428.2,0.0
ENSG00000234429.1,0.0
ENSG00000234431.2,0.0
ENSG00000234432.4,0.180785
ENSG00000234435.4,0.0
ENSG00000234436.1,2.071599
ENSG00000234438.5,0.0
ENSG00000234439.1,0.0
ENSG00000234441.1,0.0
ENSG00000234442.5,0.0
ENSG00000234444.10,0.684391
ENSG00000234445.2,0.0
ENSG00000234446.4,0.0
ENSG00000234448.1,0.0
ENSG00000234450.1,0.0
ENSG00000234451.1,0.0
ENSG00000234452.6,0.0
ENSG00000234455.2,0.0
ENSG00000234456.11,0.307853
ENSG00000234457.1,0.0
ENSG00000234458.4,0.0
ENSG00000234459.1,0.0
ENSG00000234460.3,0.0
ENSG00000234463.1,0.0
ENSG00000234464.3,0.0
ENSG00000234465.11,0.0
ENSG00000234466.1,0.0
ENSG00000234467.1,0.0
ENSG00000234469.4,0.0
ENSG00000234470.1,0.0
ENSG00000234471.2,0.0
ENSG00000234473.1,0.0
ENSG00000234474.4,0.0
ENSG00000234475.5,0.0
ENSG00000234476.6,0.0
ENSG00000234477.2,0.0
ENSG00000234478.2,0.0
ENSG00000234479.3,0.0
ENSG00000234480.1,0.0
ENSG00000234481.3,0.0
ENSG00000234484.1,0.0
ENSG00000234485.5,0.0
ENSG00000234487.11,624.935699
ENSG00000234488.1,0.0
ENSG00000234489.1,0.0
ENSG00000234491.1,0.0
ENSG00000234492.7,0.0
ENSG00000234493.5,0.0
ENSG00000234494.9,1.550036
ENSG00000234495.7,0.0
ENSG00000234496.2,0.0
ENSG00000234497.6,0.0
ENSG00000234498.3,0.0
ENSG00000234500.1,0.0
ENSG00000234502.2,0.0
ENSG00000234503.1,0.0
ENSG00000234504.3,0.0
ENSG00000234506.8,18.932955
ENSG00000234507.9,45.938981
ENSG00000234509.2,0.515084
ENSG00000234511.11,0.0
ENSG00000234512.1,0.0
ENSG00000234513.1,0.0
ENSG00000234514.8,0.0
ENSG00000234515.2,0.0
ENSG00000234518.2,12.202106
ENSG00000234519.3,0.0
ENSG00000234520.9,0.0
ENSG00000234521.2,0.0
ENSG00000234522.1,0.0
ENSG00000234523.1,0.0
ENSG00000234524.1,0.0
ENSG00000234527.1,0.0
ENSG00000234529.2,0.0
ENSG00000234530.8,12.573514
ENSG00000234534.1,0.0
ENSG00000234535.2,0.0
ENSG00000234537.1,0.0
ENSG00000234538.1,0.0
ENSG00000234539.9,34.311196
ENSG00000234541.2,0.0
ENSG00000234542.1,0.0
ENSG00000234544.2,0.0
ENSG00000234545.8,3.6935029999999998
ENSG00000234546.6,0.123212
ENSG00000234548.8,0.0
ENSG00000234551.2,0.419338
ENSG00000234553.1,0.0
ENSG00000234556.2,0.205051
ENSG00000234557.2,0.0
ENSG00000234558.1,0.0
ENSG00000234559.1,0.0
ENSG00000234560.5,0.0
ENSG00000234562.1,0.0
ENSG00000234564.1,0.0
ENSG00000234565.1,0.0
ENSG00000234566.1,0.0
ENSG00000234567.1,0.0
ENSG00000234568.3,0.0
ENSG00000234569.1,0.0
ENSG00000234570.1,0.0
ENSG00000234571.3,0.0
ENSG00000234572.2,0.434094
ENSG00000234573.1,0.0
ENSG00000234575.2,0.0
ENSG00000234576.2,0.0
ENSG00000234577.2,0.0
ENSG00000234578.1,0.0
ENSG00000234579.2,0.0
ENSG00000234580.1,0.0
ENSG00000234583.1,0.0
ENSG00000234584.2,0.0
ENSG00000234585.7,0.0
ENSG00000234586.2,0.0
ENSG00000234587.1,0.0
ENSG00000234588.1,0.0
ENSG00000234589.4,0.0
ENSG00000234590.1,0.0
ENSG00000234592.1,0.0
ENSG00000234593.4,0.0
ENSG00000234594.1,0.0
ENSG00000234595.2,0.0
ENSG00000234597.2,0.0
ENSG00000234599.1,0.0
ENSG00000234601.2,0.0
ENSG00000234602.9,0.0
ENSG00000234604.2,0.0
ENSG00000234605.2,0.0
ENSG00000234607.2,0.0
ENSG00000234608.10,12.46094
ENSG00000234611.1,0.0
ENSG00000234612.1,0.0
ENSG00000234613.1,0.0
ENSG00000234614.2,0.751946
ENSG00000234616.9,4.862511
ENSG00000234617.2,1.112612
ENSG00000234618.1,0.0
ENSG00000234619.1,0.0
ENSG00000234620.1,0.0
ENSG00000234622.6,0.0
ENSG00000234623.9,0.0
ENSG00000234624.2,1.708768
ENSG00000234625.2,0.0
ENSG00000234626.2,0.0
ENSG00000234627.3,0.0
ENSG00000234629.1,0.0
ENSG00000234630.1,0.0
ENSG00000234632.1,0.0
ENSG00000234634.3,0.0
ENSG00000234636.3,0.7256
ENSG00000234637.1,0.0
ENSG00000234638.1,0.0
ENSG00000234639.1,0.0
ENSG00000234640.2,0.0
ENSG00000234642.9,0.0
ENSG00000234644.2,0.0
ENSG00000234645.3,0.0
ENSG00000234646.8,0.0
ENSG00000234647.3,0.0
ENSG00000234648.1,0.0
ENSG00000234650.7,0.0
ENSG00000234651.10,0.649999
ENSG00000234652.1,0.0
ENSG00000234653.1,0.0
ENSG00000234655.3,0.0
ENSG00000234658.1,0.0
ENSG00000234660.2,0.0
ENSG00000234661.2,0.0
ENSG00000234663.8,0.097996
ENSG00000234664.1,0.0
ENSG00000234665.10,1.00777
ENSG00000234667.2,0.0
ENSG00000234668.3,0.0
ENSG00000234670.1,0.0
ENSG00000234671.1,0.0
ENSG00000234673.1,0.0
ENSG00000234675.1,0.0
ENSG00000234676.2,0.0
ENSG00000234678.3,0.146907
ENSG00000234680.1,0.0
ENSG00000234682.1,0.0
ENSG00000234683.1,0.0
ENSG00000234684.9,2.554287
ENSG00000234685.1,0.0
ENSG00000234686.1,0.0
ENSG00000234688.4,0.0
ENSG00000234690.8,0.0
ENSG00000234692.2,0.0
ENSG00000234693.2,0.0
ENSG00000234694.3,0.0
ENSG00000234695.2,0.0
ENSG00000234696.2,0.0
ENSG00000234699.2,0.141938
ENSG00000234700.1,0.0
ENSG00000234701.1,0.0
ENSG00000234702.1,0.0
ENSG00000234703.1,0.0
ENSG00000234704.9,26.696146
ENSG00000234705.4,2.965489
ENSG00000234706.1,0.0
ENSG00000234707.6,0.304727
ENSG00000234709.2,0.0
ENSG00000234710.4,0.0
ENSG00000234711.1,0.256669
ENSG00000234712.1,0.0
ENSG00000234713.3,0.0
ENSG00000234714.1,0.0
ENSG00000234715.3,0.0
ENSG00000234716.1,0.0
ENSG00000234717.3,0.0
ENSG00000234718.8,0.0
ENSG00000234719.9,3.8621309999999998
ENSG00000234720.3,0.0
ENSG00000234721.4,0.0
ENSG00000234722.6,0.0
ENSG00000234723.1,0.0
ENSG00000234724.1,0.0
ENSG00000234726.1,0.0
ENSG00000234728.9,0.0
ENSG00000234729.9,0.548109
ENSG00000234730.1,0.0
ENSG00000234731.2,0.0
ENSG00000234732.1,0.0
ENSG00000234735.1,0.0
ENSG00000234736.7,0.0
ENSG00000234737.1,0.0
ENSG00000234740.2,0.0
ENSG00000234741.11,26.835505
ENSG00000234742.1,0.0
ENSG00000234743.1,0.0
ENSG00000234744.1,0.0
ENSG00000234745.14,33.59687
ENSG00000234746.4,0.0
ENSG00000234748.1,0.0
ENSG00000234749.5,0.0
ENSG00000234750.1,0.0
ENSG00000234751.1,0.0
ENSG00000234752.2,1.340793
ENSG00000234753.8,0.477944
ENSG00000234754.3,0.0
ENSG00000234756.1,0.0
ENSG00000234758.1,0.0
ENSG00000234761.2,0.0
ENSG00000234763.4,0.0
ENSG00000234764.2,0.0
ENSG00000234765.1,0.0
ENSG00000234766.3,0.149983
ENSG00000234767.3,0.0
ENSG00000234768.1,0.0
ENSG00000234769.7,2.220699
ENSG00000234770.1,0.0
ENSG00000234771.3,2.689243
ENSG00000234772.4,0.0
ENSG00000234773.9,0.0
ENSG00000234775.2,0.0
ENSG00000234776.5,0.0
ENSG00000234777.4,0.0
ENSG00000234779.2,0.0
ENSG00000234780.1,0.0
ENSG00000234781.2,0.0
ENSG00000234782.3,0.0
ENSG00000234784.2,0.0
ENSG00000234785.1,0.0
ENSG00000234786.1,0.0
ENSG00000234787.10,0.0
ENSG00000234788.1,0.0
ENSG00000234789.2,0.0
ENSG00000234790.1,0.0
ENSG00000234791.2,0.0
ENSG00000234792.1,0.0
ENSG00000234793.1,0.0
ENSG00000234795.11,0.0
ENSG00000234796.1,0.0
ENSG00000234797.5,0.0
ENSG00000234800.2,0.0
ENSG00000234801.3,0.0
ENSG00000234805.1,0.0
ENSG00000234806.1,0.0
ENSG00000234807.10,5.112059
ENSG00000234811.1,0.0
ENSG00000234812.1,0.0
ENSG00000234813.1,0.0
ENSG00000234814.9,0.0
ENSG00000234816.2,0.0
ENSG00000234817.3,0.106607
ENSG00000234818.2,0.0
ENSG00000234819.1,0.0
ENSG00000234821.1,0.0
ENSG00000234825.3,0.0
ENSG00000234826.1,0.0
ENSG00000234828.9,0.0
ENSG00000234829.4,0.0
ENSG00000234830.9,0.0
ENSG00000234831.1,0.0
ENSG00000234832.2,0.923662
ENSG00000234835.1,0.0
ENSG00000234836.7,0.0
ENSG00000234837.1,0.0
ENSG00000234838.3,0.0
ENSG00000234839.1,0.0
ENSG00000234840.3,0.0
ENSG00000234841.4,0.0
ENSG00000234842.1,0.0
ENSG00000234844.1,0.0
ENSG00000234846.7,5.318794
ENSG00000234848.1,0.441858
ENSG00000234849.1,0.0
ENSG00000234850.1,0.0
ENSG00000234851.4,1421.808473
ENSG00000234853.2,0.0
ENSG00000234854.2,0.0
ENSG00000234855.3,0.0
ENSG00000234857.2,17.010258
ENSG00000234858.1,0.0
ENSG00000234859.6,0.0
ENSG00000234860.3,0.0
ENSG00000234861.2,0.0
ENSG00000234862.2,0.0
ENSG00000234863.1,0.0
ENSG00000234864.3,0.0
ENSG00000234865.3,0.0
ENSG00000234869.2,2.483368
ENSG00000234872.2,0.0
ENSG00000234876.5,0.0
ENSG00000234877.3,0.0
ENSG00000234878.1,0.0
ENSG00000234880.1,0.0
ENSG00000234881.1,0.0
ENSG00000234882.1,0.0
ENSG00000234883.8,0.35734
ENSG00000234884.3,0.443622
ENSG00000234886.1,0.0
ENSG00000234888.1,0.0
ENSG00000234889.2,0.0
ENSG00000234890.1,0.0
ENSG00000234891.1,0.0
ENSG00000234892.1,0.0
ENSG00000234893.6,0.0
ENSG00000234894.1,0.0
ENSG00000234895.1,0.0
ENSG00000234896.1,0.0
ENSG00000234898.1,0.0
ENSG00000234899.12,0.051885
ENSG00000234900.2,0.0
ENSG00000234901.1,0.0
ENSG00000234903.1,0.0
ENSG00000234904.1,0.0
ENSG00000234906.11,0.0
ENSG00000234907.1,0.0
ENSG00000234910.2,0.0
ENSG00000234911.5,0.0
ENSG00000234912.12,6.328881
ENSG00000234913.1,0.096599
ENSG00000234915.1,0.0
ENSG00000234917.2,0.543315
ENSG00000234918.1,0.0
ENSG00000234919.2,0.0
ENSG00000234921.2,0.0
ENSG00000234922.1,0.0
ENSG00000234925.2,0.0
ENSG00000234927.1,0.0
ENSG00000234928.4,0.0
ENSG00000234929.4,0.0
ENSG00000234931.1,0.0
ENSG00000234932.2,0.0
ENSG00000234933.1,0.0
ENSG00000234934.1,0.0
ENSG00000234937.1,0.0
ENSG00000234938.3,0.0
ENSG00000234939.1,0.0
ENSG00000234940.1,0.0
ENSG00000234941.1,0.0
ENSG00000234942.3,0.0
ENSG00000234943.2,0.0
ENSG00000234944.2,0.0
ENSG00000234945.9,0.0
ENSG00000234946.1,0.0
ENSG00000234947.8,1.041704
ENSG00000234948.3,0.0
ENSG00000234949.3,0.0
ENSG00000234950.1,0.0
ENSG00000234952.3,0.0
ENSG00000234953.2,0.0
ENSG00000234954.3,0.0
ENSG00000234956.8,0.0
ENSG00000234958.6,0.0
ENSG00000234961.1,0.0
ENSG00000234962.7,0.0
ENSG00000234964.4,0.0
ENSG00000234965.3,0.0
ENSG00000234966.1,0.0
ENSG00000234967.3,0.0
ENSG00000234968.1,0.0
ENSG00000234969.1,0.0
ENSG00000234970.1,0.0
ENSG00000234973.6,0.0
ENSG00000234975.6,0.0
ENSG00000234977.1,0.0
ENSG00000234979.1,0.0
ENSG00000234980.1,0.0
ENSG00000234981.1,0.0
ENSG00000234982.1,0.0
ENSG00000234983.1,0.0
ENSG00000234984.1,0.0
ENSG00000234985.2,0.0
ENSG00000234986.1,0.0
ENSG00000234988.5,0.0
ENSG00000234992.1,0.0
ENSG00000234993.1,0.0
ENSG00000234995.1,0.0
ENSG00000234996.5,0.0
ENSG00000234997.4,1.011238
ENSG00000234999.1,0.0
ENSG00000235001.3,0.216383
ENSG00000235002.1,0.0
ENSG00000235004.1,0.0
ENSG00000235005.2,0.0
ENSG00000235007.3,0.0
ENSG00000235008.1,0.0
ENSG00000235009.2,0.798833
ENSG00000235010.1,0.0
ENSG00000235011.2,0.0
ENSG00000235012.1,0.0
ENSG00000235013.1,0.0
ENSG00000235014.1,0.0
ENSG00000235015.1,0.0
ENSG00000235016.2,0.0
ENSG00000235017.9,0.0
ENSG00000235018.1,0.0
ENSG00000235020.6,0.0
ENSG00000235021.2,0.0
ENSG00000235023.1,0.0
ENSG00000235024.3,0.0
ENSG00000235026.9,0.0
ENSG00000235027.1,0.0
ENSG00000235028.3,0.0
ENSG00000235029.1,0.0
ENSG00000235032.2,0.0
ENSG00000235033.8,0.0
ENSG00000235034.7,0.0
ENSG00000235035.1,0.0
ENSG00000235036.4,0.0
ENSG00000235038.1,0.0
ENSG00000235039.1,0.0
ENSG00000235040.1,0.0
ENSG00000235042.2,0.0
ENSG00000235043.3,0.0
ENSG00000235044.1,0.0
ENSG00000235045.2,0.0
ENSG00000235049.1,0.0
ENSG00000235050.7,0.0
ENSG00000235051.3,0.0
ENSG00000235052.2,0.0
ENSG00000235054.5,0.0
ENSG00000235055.3,0.0
ENSG00000235056.1,0.0
ENSG00000235058.1,0.0
ENSG00000235059.7,0.0
ENSG00000235060.1,0.0
ENSG00000235061.3,0.0
ENSG00000235062.4,0.0
ENSG00000235064.1,0.0
ENSG00000235065.1,0.0
ENSG00000235066.8,0.0
ENSG00000235069.2,0.0
ENSG00000235070.4,0.0
ENSG00000235071.1,0.0
ENSG00000235072.3,0.490313
ENSG00000235076.2,0.0
ENSG00000235077.2,0.0
ENSG00000235078.2,0.529542
ENSG00000235079.2,0.0
ENSG00000235080.2,0.0
ENSG00000235081.1,0.0
ENSG00000235082.2,0.0
ENSG00000235083.1,0.0
ENSG00000235084.3,0.0
ENSG00000235085.3,0.0
ENSG00000235086.1,0.0
ENSG00000235088.1,0.0
ENSG00000235089.1,0.0
ENSG00000235090.1,0.0
ENSG00000235091.3,0.0
ENSG00000235092.8,1.067388
ENSG00000235094.3,0.0
ENSG00000235095.1,0.0
ENSG00000235096.2,0.0
ENSG00000235097.1,0.0
ENSG00000235098.9,0.0
ENSG00000235099.1,0.0
ENSG00000235100.7,0.0
ENSG00000235101.1,0.0
ENSG00000235102.1,0.0
ENSG00000235105.1,0.0
ENSG00000235106.11,3.9126890000000003
ENSG00000235107.3,21.33593
ENSG00000235108.1,0.0
ENSG00000235109.8,1.17245
ENSG00000235110.5,0.0
ENSG00000235112.1,0.0
ENSG00000235113.1,0.0
ENSG00000235115.3,0.0
ENSG00000235116.1,0.0
ENSG00000235118.9,0.0
ENSG00000235119.1,0.0
ENSG00000235120.1,0.0
ENSG00000235121.2,0.0
ENSG00000235122.5,0.0
ENSG00000235123.6,0.111304
ENSG00000235124.1,0.0
ENSG00000235125.8,0.0
ENSG00000235126.2,0.0
ENSG00000235127.1,0.0
ENSG00000235128.1,0.0
ENSG00000235129.1,0.0
ENSG00000235131.1,0.0
ENSG00000235132.8,0.0
ENSG00000235133.1,0.0
ENSG00000235134.7,0.0
ENSG00000235136.1,0.0
ENSG00000235137.2,0.0
ENSG00000235138.1,0.0
ENSG00000235139.3,0.0
ENSG00000235140.3,0.0
ENSG00000235141.1,0.0
ENSG00000235142.13,0.0
ENSG00000235143.1,0.0
ENSG00000235144.1,0.0
ENSG00000235145.2,0.0
ENSG00000235146.3,0.0
ENSG00000235147.1,0.0
ENSG00000235148.2,0.0
ENSG00000235149.2,0.0
ENSG00000235150.1,0.0
ENSG00000235151.2,0.0
ENSG00000235152.2,0.0
ENSG00000235154.1,0.0
ENSG00000235156.6,0.0
ENSG00000235158.1,0.0
ENSG00000235159.3,0.170849
ENSG00000235160.4,0.0
ENSG00000235162.9,8.828182
ENSG00000235163.2,0.0
ENSG00000235165.2,0.0
ENSG00000235166.9,0.0
ENSG00000235168.1,0.0
ENSG00000235169.11,21.902641
ENSG00000235170.1,0.0
ENSG00000235171.1,0.0
ENSG00000235172.10,0.0
ENSG00000235173.7,13.365653
ENSG00000235174.1,0.0
ENSG00000235175.1,0.0
ENSG00000235176.6,0.277166
ENSG00000235180.2,0.0
ENSG00000235181.1,0.0
ENSG00000235182.1,0.0
ENSG00000235183.3,0.0
ENSG00000235184.1,0.0
ENSG00000235185.2,0.0
ENSG00000235186.1,0.0
ENSG00000235189.3,0.896786
ENSG00000235190.1,0.0
ENSG00000235191.2,0.0
ENSG00000235192.2,5.860527
ENSG00000235194.9,12.156773
ENSG00000235196.3,0.0
ENSG00000235197.1,0.0
ENSG00000235198.1,0.0
ENSG00000235199.1,0.0
ENSG00000235200.6,0.0
ENSG00000235201.1,0.0
ENSG00000235202.3,0.0
ENSG00000235203.2,0.0
ENSG00000235204.1,0.0
ENSG00000235205.1,0.0
ENSG00000235207.1,0.0
ENSG00000235208.2,0.0
ENSG00000235211.4,0.0
ENSG00000235213.1,0.0
ENSG00000235214.2,0.0
ENSG00000235218.2,0.0
ENSG00000235219.1,0.0
ENSG00000235220.10,9.007425
ENSG00000235221.3,0.0
ENSG00000235222.12,1.439486
ENSG00000235224.1,0.0
ENSG00000235225.1,0.0
ENSG00000235226.1,0.0
ENSG00000235227.1,0.0
ENSG00000235232.1,0.0
ENSG00000235233.9,0.334593
ENSG00000235235.6,0.0
ENSG00000235236.2,0.39619
ENSG00000235237.2,0.0
ENSG00000235238.1,0.0
ENSG00000235239.1,0.0
ENSG00000235240.1,0.0
ENSG00000235241.1,0.0
ENSG00000235243.1,0.0
ENSG00000235244.7,0.114339
ENSG00000235246.1,0.0
ENSG00000235248.4,0.0
ENSG00000235250.1,0.0
ENSG00000235251.2,0.0
ENSG00000235253.1,0.0
ENSG00000235254.3,0.0
ENSG00000235256.1,0.0
ENSG00000235257.12,0.0
ENSG00000235258.1,0.0
ENSG00000235259.8,0.0
ENSG00000235262.1,0.789566
ENSG00000235263.2,0.0
ENSG00000235264.1,0.0
ENSG00000235266.1,0.0
ENSG00000235267.1,0.0
ENSG00000235268.2,0.0
ENSG00000235269.3,0.0
ENSG00000235272.3,0.074579
ENSG00000235274.1,0.0
ENSG00000235275.3,0.0
ENSG00000235277.2,0.0
ENSG00000235278.2,0.0
ENSG00000235279.1,0.0
ENSG00000235280.2,1.282253
ENSG00000235281.3,0.0
ENSG00000235282.3,0.0
ENSG00000235284.1,0.0
ENSG00000235286.1,0.0
ENSG00000235288.4,0.0
ENSG00000235289.1,0.0
ENSG00000235290.1,0.0
ENSG00000235292.3,0.0
ENSG00000235293.2,0.0
ENSG00000235294.1,0.0
ENSG00000235295.3,0.0
ENSG00000235296.3,0.0
ENSG00000235297.3,0.0
ENSG00000235298.2,0.0
ENSG00000235299.2,0.0
ENSG00000235300.5,0.0
ENSG00000235301.1,0.0
ENSG00000235302.9,0.0
ENSG00000235303.2,0.0
ENSG00000235304.3,0.140591
ENSG00000235306.2,0.0
ENSG00000235307.12,0.0
ENSG00000235308.1,0.0
ENSG00000235309.8,0.0
ENSG00000235310.1,0.0
ENSG00000235312.1,0.0
ENSG00000235313.1,5.241159
ENSG00000235314.2,17.339838999999998
ENSG00000235315.2,0.0
ENSG00000235316.1,0.0
ENSG00000235318.3,0.0
ENSG00000235319.1,0.0
ENSG00000235321.1,1.753898
ENSG00000235323.2,0.0
ENSG00000235324.4,0.0
ENSG00000235325.1,0.0
ENSG00000235328.1,0.0
ENSG00000235329.2,0.0
ENSG00000235330.3,0.0
ENSG00000235332.2,0.0
ENSG00000235333.3,0.0
ENSG00000235334.1,0.0
ENSG00000235335.4,0.0
ENSG00000235336.8,0.0
ENSG00000235338.1,0.0
ENSG00000235339.1,0.0
ENSG00000235343.3,0.0
ENSG00000235346.9,0.301643
ENSG00000235347.1,0.0
ENSG00000235349.1,0.0
ENSG00000235350.1,0.0
ENSG00000235351.1,0.0
ENSG00000235352.1,0.0
ENSG00000235354.1,6.809183
ENSG00000235356.2,0.0
ENSG00000235357.5,0.0
ENSG00000235358.3,0.0
ENSG00000235360.2,0.0
ENSG00000235361.2,0.716022
ENSG00000235363.1,0.0
ENSG00000235366.3,0.0
ENSG00000235368.1,0.0
ENSG00000235369.1,0.0
ENSG00000235370.7,0.0
ENSG00000235371.1,0.0
ENSG00000235372.1,0.0
ENSG00000235374.3,0.0
ENSG00000235376.5,0.0
ENSG00000235377.1,0.0
ENSG00000235378.2,0.0
ENSG00000235379.1,0.0
ENSG00000235380.1,0.0
ENSG00000235381.1,0.566752
ENSG00000235382.1,0.0
ENSG00000235385.4,0.0
ENSG00000235386.1,0.0
ENSG00000235387.5,0.0
ENSG00000235389.2,0.0
ENSG00000235390.4,0.524119
ENSG00000235391.1,0.0
ENSG00000235394.6,0.0
ENSG00000235396.5,0.0
ENSG00000235397.1,0.0
ENSG00000235399.2,0.0
ENSG00000235400.1,0.0
ENSG00000235403.1,0.0
ENSG00000235407.2,0.0
ENSG00000235408.6,2.255503
ENSG00000235410.2,0.0
ENSG00000235411.1,0.0
ENSG00000235413.3,0.0
ENSG00000235414.3,0.0
ENSG00000235415.2,0.0
ENSG00000235416.1,0.0
ENSG00000235419.6,0.0
ENSG00000235420.8,0.0
ENSG00000235421.1,0.0
ENSG00000235422.1,0.0
ENSG00000235424.1,0.0
ENSG00000235425.2,0.0
ENSG00000235426.2,0.0
ENSG00000235427.1,0.0
ENSG00000235429.1,0.0
ENSG00000235430.1,0.0
ENSG00000235431.2,0.0
ENSG00000235432.1,0.0
ENSG00000235433.1,0.0
ENSG00000235434.2,0.0
ENSG00000235435.1,0.0
ENSG00000235436.12,0.0
ENSG00000235437.11,9.366967
ENSG00000235438.8,0.0
ENSG00000235439.10,0.0
ENSG00000235440.1,0.0
ENSG00000235441.5,0.0
ENSG00000235443.6,0.0
ENSG00000235444.2,0.0
ENSG00000235445.1,0.0
ENSG00000235446.3,0.0
ENSG00000235447.2,0.0
ENSG00000235448.4,0.0
ENSG00000235449.2,0.0
ENSG00000235451.1,0.0
ENSG00000235453.12,26.205628
ENSG00000235454.1,0.0
ENSG00000235455.1,0.0
ENSG00000235459.5,0.0
ENSG00000235461.3,0.0
ENSG00000235462.2,0.0
ENSG00000235463.1,0.0
ENSG00000235464.1,0.0
ENSG00000235467.1,0.0
ENSG00000235469.1,0.0
ENSG00000235470.6,0.0
ENSG00000235472.1,0.0
ENSG00000235478.7,0.93
ENSG00000235479.1,0.0
ENSG00000235480.2,0.0
ENSG00000235481.5,0.0
ENSG00000235482.1,0.0
ENSG00000235483.1,0.0
ENSG00000235485.1,0.0
ENSG00000235486.1,0.0
ENSG00000235487.8,0.0
ENSG00000235488.1,0.0
ENSG00000235489.4,0.0
ENSG00000235492.2,0.0
ENSG00000235493.3,0.0
ENSG00000235494.3,0.0
ENSG00000235495.2,0.0
ENSG00000235497.6,0.0
ENSG00000235499.1,0.0
ENSG00000235500.2,0.0
ENSG00000235501.10,0.625706
ENSG00000235503.2,0.0
ENSG00000235505.10,0.0
ENSG00000235507.1,0.0
ENSG00000235508.3,0.0
ENSG00000235510.1,0.0
ENSG00000235511.1,0.0
ENSG00000235512.1,0.0
ENSG00000235513.2,0.269686
ENSG00000235514.1,0.0
ENSG00000235516.1,0.0
ENSG00000235518.3,0.0
ENSG00000235519.4,0.0
ENSG00000235521.1,0.0
ENSG00000235522.6,0.0
ENSG00000235523.1,0.0
ENSG00000235524.1,0.0
ENSG00000235525.1,0.0
ENSG00000235526.1,0.0
ENSG00000235527.8,0.0
ENSG00000235528.1,0.0
ENSG00000235529.3,0.0
ENSG00000235530.8,0.0
ENSG00000235531.12,0.7276009999999999
ENSG00000235532.3,2.209534
ENSG00000235533.1,0.0
ENSG00000235534.1,0.0
ENSG00000235535.10,2.710057
ENSG00000235537.4,0.0
ENSG00000235538.6,0.0
ENSG00000235539.1,0.0
ENSG00000235540.6,0.0
ENSG00000235544.1,0.0
ENSG00000235545.2,0.0
ENSG00000235546.2,0.0
ENSG00000235547.3,0.0
ENSG00000235548.1,0.0
ENSG00000235549.1,0.0
ENSG00000235550.1,0.0
ENSG00000235552.7,0.0
ENSG00000235554.1,0.0
ENSG00000235555.1,0.0
ENSG00000235558.3,0.0
ENSG00000235559.1,0.0
ENSG00000235560.5,0.925183
ENSG00000235563.2,0.0
ENSG00000235564.2,0.0
ENSG00000235568.7,277.617519
ENSG00000235569.12,0.0
ENSG00000235570.2,0.0
ENSG00000235571.1,0.0
ENSG00000235572.4,0.0
ENSG00000235573.2,0.0
ENSG00000235574.1,0.0
ENSG00000235575.1,0.0
ENSG00000235576.4,4.063353
ENSG00000235577.2,0.0
ENSG00000235579.1,0.0
ENSG00000235581.1,0.0
ENSG00000235582.2,0.0
ENSG00000235583.2,0.0
ENSG00000235584.4,0.0
ENSG00000235586.1,0.0
ENSG00000235587.2,0.0
ENSG00000235590.10,0.0
ENSG00000235592.1,0.0
ENSG00000235593.1,0.0
ENSG00000235594.1,0.0
ENSG00000235595.1,0.0
ENSG00000235597.4,0.206384
ENSG00000235598.1,0.0
ENSG00000235600.1,0.0
ENSG00000235601.2,0.0
ENSG00000235602.5,0.0
ENSG00000235605.1,0.0
ENSG00000235606.3,0.0
ENSG00000235608.2,0.0
ENSG00000235610.2,0.0
ENSG00000235612.2,0.0
ENSG00000235613.2,0.0
ENSG00000235615.2,0.110201
ENSG00000235616.1,0.0
ENSG00000235617.1,0.0
ENSG00000235618.9,0.0
ENSG00000235619.1,0.0
ENSG00000235620.1,0.0
ENSG00000235621.11,0.348714
ENSG00000235623.2,0.0
ENSG00000235625.1,0.0
ENSG00000235626.2,0.0
ENSG00000235627.1,0.0
ENSG00000235628.1,0.0
ENSG00000235629.2,0.0
ENSG00000235631.2,0.0
ENSG00000235635.2,0.0
ENSG00000235636.1,0.0
ENSG00000235637.1,0.0
ENSG00000235638.1,0.0
ENSG00000235639.1,0.0
ENSG00000235640.1,0.0
ENSG00000235641.6,0.0
ENSG00000235642.1,0.0
ENSG00000235643.2,0.0
ENSG00000235644.1,0.0
ENSG00000235645.3,0.0
ENSG00000235646.1,0.0
ENSG00000235647.1,0.0
ENSG00000235649.2,0.0
ENSG00000235650.6,0.0
ENSG00000235651.1,0.0
ENSG00000235652.12,0.653374
ENSG00000235653.1,0.0
ENSG00000235655.3,1875.698918
ENSG00000235656.1,0.0
ENSG00000235657.9,3887.411719
ENSG00000235659.2,0.0
ENSG00000235660.3,0.0
ENSG00000235661.4,1.772674
ENSG00000235663.1,0.0
ENSG00000235669.1,0.0
ENSG00000235670.1,0.0
ENSG00000235672.1,0.0
ENSG00000235673.1,0.0
ENSG00000235674.2,0.0
ENSG00000235676.9,29.83251
ENSG00000235677.1,0.0
ENSG00000235678.3,0.0
ENSG00000235679.1,0.0
ENSG00000235680.8,0.301643
ENSG00000235681.1,0.0
ENSG00000235683.1,0.0
ENSG00000235684.1,0.0
ENSG00000235685.2,0.0
ENSG00000235686.1,0.0
ENSG00000235687.10,0.0
ENSG00000235688.4,0.0
ENSG00000235689.1,0.0
ENSG00000235690.2,0.0
ENSG00000235692.8,1.473313
ENSG00000235695.1,0.0
ENSG00000235696.8,0.0
ENSG00000235697.1,0.0
ENSG00000235698.1,0.0
ENSG00000235699.3,0.0
ENSG00000235700.1,0.0
ENSG00000235701.1,0.0
ENSG00000235703.8,2.129283
ENSG00000235705.7,0.0
ENSG00000235706.10,2.5122169999999997
ENSG00000235707.2,0.0
ENSG00000235708.8,0.0
ENSG00000235710.6,0.0
ENSG00000235711.5,0.0
ENSG00000235712.10,14.777303
ENSG00000235713.1,0.0
ENSG00000235715.6,53.350458
ENSG00000235716.1,0.0
ENSG00000235717.1,0.0
ENSG00000235718.9,0.0
ENSG00000235720.1,0.0
ENSG00000235721.1,0.0
ENSG00000235722.1,0.0
ENSG00000235724.11,0.0
ENSG00000235725.1,0.971863
ENSG00000235726.8,0.0
ENSG00000235727.7,1.151168
ENSG00000235728.1,0.0
ENSG00000235729.1,0.0
ENSG00000235730.2,0.0
ENSG00000235731.4,0.0
ENSG00000235734.4,0.0
ENSG00000235735.1,0.0
ENSG00000235737.1,0.0
ENSG00000235738.1,0.0
ENSG00000235740.2,0.0
ENSG00000235741.2,0.0
ENSG00000235742.1,0.0
ENSG00000235743.3,0.0
ENSG00000235744.11,0.0
ENSG00000235746.1,0.0
ENSG00000235747.1,0.0
ENSG00000235748.1,0.0
ENSG00000235749.4,0.0
ENSG00000235750.10,56.689203
ENSG00000235754.7,0.0
ENSG00000235756.2,0.0
ENSG00000235757.4,0.0
ENSG00000235759.1,0.0
ENSG00000235760.5,0.314385
ENSG00000235761.2,0.0
ENSG00000235763.1,0.0
ENSG00000235768.1,0.0
ENSG00000235770.7,0.139285
ENSG00000235772.1,0.0
ENSG00000235774.3,0.0
ENSG00000235775.1,0.0
ENSG00000235776.2,0.0
ENSG00000235777.1,0.0
ENSG00000235778.1,0.0
ENSG00000235779.9,0.0
ENSG00000235781.2,0.0
ENSG00000235782.2,0.0
ENSG00000235784.2,0.0
ENSG00000235785.2,0.0
ENSG00000235786.1,0.0
ENSG00000235787.1,0.0
ENSG00000235788.5,0.0
ENSG00000235790.8,0.303639
ENSG00000235794.1,0.0
ENSG00000235797.2,0.0
ENSG00000235801.1,0.0
ENSG00000235802.2,0.281005
ENSG00000235803.1,0.0
ENSG00000235804.2,0.0
ENSG00000235805.1,0.0
ENSG00000235806.2,0.0
ENSG00000235808.1,0.0
ENSG00000235809.1,0.0
ENSG00000235810.1,0.0
ENSG00000235811.1,0.0
ENSG00000235812.5,0.0
ENSG00000235813.1,0.0
ENSG00000235814.6,0.0
ENSG00000235816.3,0.0
ENSG00000235817.2,0.0
ENSG00000235818.3,0.0
ENSG00000235819.3,0.644713
ENSG00000235820.1,0.0
ENSG00000235821.1,1.932891
ENSG00000235823.6,2.250968
ENSG00000235824.6,0.0
ENSG00000235827.2,0.0
ENSG00000235828.5,0.0
ENSG00000235829.1,0.0
ENSG00000235830.3,0.0
ENSG00000235831.9,3.7053900000000004
ENSG00000235832.2,0.0
ENSG00000235833.1,0.0
ENSG00000235834.1,0.0
ENSG00000235836.1,0.0
ENSG00000235837.2,0.0
ENSG00000235838.1,0.0
ENSG00000235840.2,0.947741
ENSG00000235843.1,0.0
ENSG00000235844.8,52.502761
ENSG00000235845.1,0.0
ENSG00000235847.2,0.0
ENSG00000235848.4,0.0
ENSG00000235849.1,0.0
ENSG00000235855.3,0.0
ENSG00000235857.1,0.0
ENSG00000235858.1,0.0
ENSG00000235859.5,3.413056
ENSG00000235861.1,0.0
ENSG00000235862.2,0.0
ENSG00000235863.4,1.096702
ENSG00000235864.1,0.0
ENSG00000235865.2,0.0
ENSG00000235868.3,0.0
ENSG00000235869.1,0.0
ENSG00000235871.1,0.0
ENSG00000235872.2,0.0
ENSG00000235875.4,0.0
ENSG00000235876.2,0.0
ENSG00000235879.1,0.0
ENSG00000235880.1,0.0
ENSG00000235881.2,0.0
ENSG00000235885.9,0.0
ENSG00000235886.1,0.0
ENSG00000235887.2,0.0
ENSG00000235888.6,0.995812
ENSG00000235890.3,0.095984
ENSG00000235892.1,0.0
ENSG00000235893.5,0.636404
ENSG00000235895.1,0.0
ENSG00000235897.2,0.0
ENSG00000235899.5,0.0
ENSG00000235901.2,0.0
ENSG00000235902.1,0.0
ENSG00000235903.12,0.5773699999999999
ENSG00000235904.4,0.145088
ENSG00000235905.8,0.0
ENSG00000235907.2,0.0
ENSG00000235908.1,0.0
ENSG00000235910.3,0.265245
ENSG00000235911.2,0.0
ENSG00000235912.1,0.0
ENSG00000235914.3,0.0
ENSG00000235915.8,355.498933
ENSG00000235916.1,0.0
ENSG00000235917.1,0.455432
ENSG00000235919.6,1.0901450000000001
ENSG00000235920.1,0.0
ENSG00000235922.1,0.0
ENSG00000235924.1,0.0
ENSG00000235925.3,0.0
ENSG00000235926.1,0.0
ENSG00000235927.4,0.211691
ENSG00000235929.1,0.0
ENSG00000235930.3,0.0
ENSG00000235931.3,0.0
ENSG00000235932.2,0.0
ENSG00000235933.3,0.0
ENSG00000235937.1,0.0
ENSG00000235939.2,0.0
ENSG00000235940.1,0.0
ENSG00000235941.5,106.031197
ENSG00000235942.3,0.0
ENSG00000235943.1,0.0
ENSG00000235944.11,2.363001
ENSG00000235945.1,0.0
ENSG00000235946.2,1.3288
ENSG00000235947.1,0.0
ENSG00000235951.1,0.0
ENSG00000235952.1,0.0
ENSG00000235954.10,3.268819
ENSG00000235955.1,0.0
ENSG00000235957.1,0.0
ENSG00000235958.6,0.0
ENSG00000235961.6,0.181828
ENSG00000235962.5,0.0
ENSG00000235963.1,0.0
ENSG00000235964.1,0.0
ENSG00000235965.2,0.0
ENSG00000235966.4,0.0
ENSG00000235967.1,0.0
ENSG00000235968.1,0.0
ENSG00000235969.1,0.0
ENSG00000235972.1,0.0
ENSG00000235974.2,0.0
ENSG00000235975.1,0.0
ENSG00000235976.2,0.0
ENSG00000235978.9,8.371457
ENSG00000235979.10,0.0
ENSG00000235981.2,0.0
ENSG00000235984.5,0.0
ENSG00000235985.7,79.688625
ENSG00000235986.9,3.419219
ENSG00000235988.1,0.0
ENSG00000235989.5,0.485317
ENSG00000235990.2,0.0
ENSG00000235991.4,0.0
ENSG00000235992.1,0.0
ENSG00000235993.1,0.0
ENSG00000235995.1,0.0
ENSG00000235996.1,0.0
ENSG00000235997.5,0.0
ENSG00000235998.1,0.0
ENSG00000236003.1,0.0
ENSG00000236004.2,0.0
ENSG00000236005.1,0.0
ENSG00000236006.5,0.0
ENSG00000236007.1,0.0
ENSG00000236009.1,0.0
ENSG00000236011.6,0.0
ENSG00000236012.2,0.0
ENSG00000236013.9,0.0
ENSG00000236014.10,0.760482
ENSG00000236015.1,0.0
ENSG00000236017.9,5.514419
ENSG00000236018.2,0.0
ENSG00000236019.1,0.0
ENSG00000236021.5,0.557208
ENSG00000236022.7,0.0
ENSG00000236024.2,0.0
ENSG00000236025.1,0.0
ENSG00000236026.1,0.0
ENSG00000236027.3,0.0
ENSG00000236028.2,0.0
ENSG00000236031.1,0.0
ENSG00000236032.3,0.0
ENSG00000236033.3,0.139096
ENSG00000236035.2,0.0
ENSG00000236036.3,0.0
ENSG00000236039.4,0.0
ENSG00000236040.1,0.0
ENSG00000236041.1,0.0
ENSG00000236042.2,0.0
ENSG00000236044.1,0.0
ENSG00000236045.1,0.0
ENSG00000236046.1,0.0
ENSG00000236047.1,0.0
ENSG00000236048.2,0.0
ENSG00000236049.1,0.0
ENSG00000236051.7,0.0
ENSG00000236052.3,0.0
ENSG00000236053.1,0.0
ENSG00000236054.2,0.0
ENSG00000236056.1,0.895054
ENSG00000236058.3,0.0
ENSG00000236060.2,0.0
ENSG00000236062.1,0.0
ENSG00000236064.4,0.0
ENSG00000236065.3,0.0
ENSG00000236068.2,0.0
ENSG00000236069.3,0.0
ENSG00000236072.1,0.0
ENSG00000236073.2,0.0
ENSG00000236075.1,0.0
ENSG00000236076.2,0.0
ENSG00000236077.2,0.0
ENSG00000236078.3,0.0
ENSG00000236079.1,0.0
ENSG00000236080.2,0.0
ENSG00000236081.2,0.0
ENSG00000236083.2,0.0
ENSG00000236085.1,0.0
ENSG00000236086.4,0.0
ENSG00000236088.13,0.515421
ENSG00000236090.2,0.0
ENSG00000236091.2,0.0
ENSG00000236095.1,0.0
ENSG00000236097.1,0.0
ENSG00000236098.2,0.0
ENSG00000236099.1,0.0
ENSG00000236101.1,0.0
ENSG00000236102.3,0.0
ENSG00000236104.4,0.0
ENSG00000236105.1,0.0
ENSG00000236106.4,0.0
ENSG00000236107.12,0.0
ENSG00000236108.1,0.0
ENSG00000236109.3,0.0
ENSG00000236110.1,0.0
ENSG00000236111.5,0.0
ENSG00000236114.1,0.125579
ENSG00000236115.2,0.0
ENSG00000236116.1,0.0
ENSG00000236117.2,0.0
ENSG00000236118.1,0.0
ENSG00000236119.1,0.0
ENSG00000236120.8,0.0
ENSG00000236121.1,0.0
ENSG00000236122.1,0.0
ENSG00000236123.1,0.0
ENSG00000236124.1,0.0
ENSG00000236125.3,0.0
ENSG00000236130.3,0.0
ENSG00000236131.1,0.0
ENSG00000236132.1,0.0
ENSG00000236133.3,0.0
ENSG00000236136.1,0.0
ENSG00000236137.2,0.0
ENSG00000236138.4,0.0
ENSG00000236140.2,0.753012
ENSG00000236141.3,0.0
ENSG00000236144.10,3.03772
ENSG00000236145.1,0.0
ENSG00000236146.2,0.0
ENSG00000236148.5,0.0
ENSG00000236149.9,22.144894
ENSG00000236151.1,0.0
ENSG00000236152.1,0.0
ENSG00000236153.2,0.0
ENSG00000236154.4,0.0
ENSG00000236155.9,0.0
ENSG00000236156.2,0.0
ENSG00000236158.1,0.0
ENSG00000236159.1,0.0
ENSG00000236160.1,0.0
ENSG00000236162.2,0.170456
ENSG00000236164.1,0.0
ENSG00000236165.1,0.0
ENSG00000236167.1,0.0
ENSG00000236168.1,0.0
ENSG00000236170.1,0.0
ENSG00000236171.1,0.0
ENSG00000236172.8,0.0
ENSG00000236173.1,0.0
ENSG00000236175.3,0.0
ENSG00000236176.2,0.0
ENSG00000236177.9,9.360112
ENSG00000236178.11,0.0
ENSG00000236179.1,0.0
ENSG00000236180.2,0.0
ENSG00000236182.1,0.0
ENSG00000236183.2,0.0
ENSG00000236184.1,0.0
ENSG00000236185.1,0.0
ENSG00000236187.1,0.0
ENSG00000236188.1,0.0
ENSG00000236189.2,0.0
ENSG00000236190.1,0.0
ENSG00000236191.3,0.0
ENSG00000236193.4,0.0
ENSG00000236194.3,0.170456
ENSG00000236195.1,0.0
ENSG00000236197.6,0.0
ENSG00000236199.1,0.0
ENSG00000236200.8,0.069483
ENSG00000236202.2,0.0
ENSG00000236203.1,0.0
ENSG00000236204.8,0.0
ENSG00000236205.1,0.0
ENSG00000236206.3,0.0
ENSG00000236208.4,0.0
ENSG00000236209.1,0.0
ENSG00000236211.1,0.0
ENSG00000236212.3,0.0
ENSG00000236213.5,2.395276
ENSG00000236216.5,0.0
ENSG00000236217.4,0.0
ENSG00000236221.9,0.0
ENSG00000236222.8,0.0
ENSG00000236225.1,0.0
ENSG00000236226.1,0.0
ENSG00000236227.8,0.0
ENSG00000236229.1,0.0
ENSG00000236230.3,0.576691
ENSG00000236231.2,0.0
ENSG00000236232.1,0.0
ENSG00000236234.1,0.0
ENSG00000236235.1,0.0
ENSG00000236236.9,0.0
ENSG00000236238.2,0.0
ENSG00000236240.1,0.0
ENSG00000236241.1,0.0
ENSG00000236242.1,1.145317
ENSG00000236243.2,0.0
ENSG00000236244.2,0.0
ENSG00000236246.2,0.0
ENSG00000236248.1,0.0
ENSG00000236251.6,0.0
ENSG00000236252.3,0.0
ENSG00000236253.8,0.0
ENSG00000236254.1,0.191287
ENSG00000236255.3,0.933902
ENSG00000236256.10,0.0
ENSG00000236257.1,0.0
ENSG00000236258.1,0.0
ENSG00000236259.1,0.0
ENSG00000236261.1,0.0
ENSG00000236264.6,0.0
ENSG00000236266.2,0.0
ENSG00000236267.2,0.0
ENSG00000236268.7,0.173112
ENSG00000236271.8,44.649853
ENSG00000236272.1,0.0
ENSG00000236273.1,0.0
ENSG00000236274.1,0.0
ENSG00000236276.2,0.0
ENSG00000236277.1,0.0
ENSG00000236278.2,0.0
ENSG00000236279.7,0.830004
ENSG00000236281.1,0.0
ENSG00000236283.6,0.0
ENSG00000236284.1,0.0
ENSG00000236285.1,0.0
ENSG00000236287.8,10.036802
ENSG00000236289.5,0.0
ENSG00000236290.1,0.0
ENSG00000236292.2,0.0
ENSG00000236295.1,0.0
ENSG00000236296.9,0.0
ENSG00000236297.2,0.541992
ENSG00000236299.9,0.0
ENSG00000236300.2,0.0
ENSG00000236301.6,0.0
ENSG00000236303.5,0.0
ENSG00000236304.3,32.098857
ENSG00000236305.4,0.0
ENSG00000236306.4,0.0
ENSG00000236307.2,0.0
ENSG00000236308.1,0.0
ENSG00000236311.7,0.0
ENSG00000236312.3,0.0
ENSG00000236313.1,0.0
ENSG00000236315.6,0.0
ENSG00000236316.2,0.0
ENSG00000236317.1,0.0
ENSG00000236318.2,0.0
ENSG00000236319.3,0.0
ENSG00000236320.4,0.222929
ENSG00000236323.1,0.0
ENSG00000236324.2,0.0
ENSG00000236325.1,0.0
ENSG00000236326.1,0.0
ENSG00000236327.2,0.0
ENSG00000236330.1,0.0
ENSG00000236332.3,0.0
ENSG00000236333.5,0.512053
ENSG00000236334.3,0.0
ENSG00000236335.2,0.0
ENSG00000236336.2,0.0
ENSG00000236337.1,1.407514
ENSG00000236339.1,0.0
ENSG00000236340.6,0.0
ENSG00000236341.2,0.0
ENSG00000236343.1,0.0
ENSG00000236345.4,2.402109
ENSG00000236347.2,0.0
ENSG00000236348.1,0.0
ENSG00000236349.1,0.0
ENSG00000236352.2,0.7131970000000001
ENSG00000236353.7,4.352583
ENSG00000236354.2,0.0
ENSG00000236355.3,0.0
ENSG00000236356.1,0.0
ENSG00000236357.1,0.0
ENSG00000236358.1,0.0
ENSG00000236359.1,0.0
ENSG00000236360.2,0.0
ENSG00000236362.9,0.0
ENSG00000236364.4,0.0
ENSG00000236365.1,0.0
ENSG00000236366.4,0.0
ENSG00000236371.6,0.0
ENSG00000236372.1,0.0
ENSG00000236373.3,0.0
ENSG00000236374.1,0.0
ENSG00000236375.3,0.0
ENSG00000236376.1,0.0
ENSG00000236377.2,0.235461
ENSG00000236378.2,0.0
ENSG00000236379.2,0.0
ENSG00000236380.5,0.0
ENSG00000236382.1,0.0
ENSG00000236383.9,0.0
ENSG00000236384.8,0.0
ENSG00000236385.2,3.658943
ENSG00000236386.1,0.0
ENSG00000236387.2,0.0
ENSG00000236388.1,0.0
ENSG00000236389.2,0.0
ENSG00000236390.1,0.0
ENSG00000236391.4,0.0
ENSG00000236393.3,0.079096
ENSG00000236394.2,0.0
ENSG00000236395.1,0.0
ENSG00000236396.8,0.0
ENSG00000236397.3,0.0
ENSG00000236398.2,0.0
ENSG00000236399.7,0.017505
ENSG00000236400.1,0.0
ENSG00000236401.1,0.0
ENSG00000236403.3,3.516584
ENSG00000236404.13,0.0
ENSG00000236405.1,0.0
ENSG00000236407.1,0.0
ENSG00000236408.1,0.0
ENSG00000236409.3,0.0
ENSG00000236411.1,0.0
ENSG00000236413.2,0.0
ENSG00000236414.1,0.0
ENSG00000236415.4,0.0
ENSG00000236417.2,0.0
ENSG00000236418.8,2.970054
ENSG00000236420.1,0.0
ENSG00000236423.9,1.6765590000000001
ENSG00000236424.7,0.0
ENSG00000236425.1,0.0
ENSG00000236426.6,0.0
ENSG00000236427.3,0.0
ENSG00000236428.10,131.35135
ENSG00000236430.1,0.0
ENSG00000236431.1,0.0
ENSG00000236432.8,0.219939
ENSG00000236433.1,0.0
ENSG00000236434.2,0.0
ENSG00000236435.1,0.0
ENSG00000236436.1,0.0
ENSG00000236437.3,0.938798
ENSG00000236438.8,0.0
ENSG00000236439.4,0.0
ENSG00000236440.1,0.0
ENSG00000236442.1,0.0
ENSG00000236444.5,0.0
ENSG00000236445.6,0.083808
ENSG00000236446.4,0.0
ENSG00000236447.2,0.0
ENSG00000236449.3,0.252873
ENSG00000236450.1,0.0
ENSG00000236452.1,0.0
ENSG00000236456.1,0.0
ENSG00000236457.2,0.0
ENSG00000236459.1,0.0
ENSG00000236460.1,0.0
ENSG00000236461.2,0.0
ENSG00000236463.2,0.0
ENSG00000236464.2,0.0
ENSG00000236466.3,0.0
ENSG00000236467.8,0.0
ENSG00000236468.1,0.0
ENSG00000236469.2,0.899171
ENSG00000236471.1,0.0
ENSG00000236472.1,0.0
ENSG00000236473.1,0.0
ENSG00000236474.1,0.0
ENSG00000236475.1,0.0
ENSG00000236476.2,0.0
ENSG00000236477.1,0.0
ENSG00000236478.2,0.0
ENSG00000236480.1,0.0
ENSG00000236481.3,0.0
ENSG00000236483.1,0.0
ENSG00000236484.2,0.0
ENSG00000236485.2,0.0
ENSG00000236487.2,0.0
ENSG00000236489.1,0.0
ENSG00000236490.9,0.0
ENSG00000236491.1,0.0
ENSG00000236493.2,0.0
ENSG00000236494.4,0.0
ENSG00000236495.2,0.0
ENSG00000236496.2,0.281473
ENSG00000236497.3,0.0
ENSG00000236498.1,0.0
ENSG00000236499.4,1.524149
ENSG00000236500.1,0.0
ENSG00000236502.4,0.0
ENSG00000236503.1,0.0
ENSG00000236504.2,0.0
ENSG00000236505.1,0.0
ENSG00000236507.3,0.0
ENSG00000236508.1,0.0
ENSG00000236509.2,0.0
ENSG00000236510.1,0.0
ENSG00000236511.3,0.0
ENSG00000236512.1,0.835442
ENSG00000236513.1,0.0
ENSG00000236514.1,0.0
ENSG00000236515.3,4.2271
ENSG00000236516.1,0.0
ENSG00000236519.3,0.0
ENSG00000236520.2,0.0
ENSG00000236521.1,0.0
ENSG00000236523.2,0.0
ENSG00000236525.1,0.220511
ENSG00000236526.2,0.0
ENSG00000236527.1,0.0
ENSG00000236528.4,0.151002
ENSG00000236529.2,0.0
ENSG00000236530.2,0.0
ENSG00000236531.2,0.0
ENSG00000236532.7,0.051764
ENSG00000236533.1,0.0
ENSG00000236534.1,0.0
ENSG00000236535.1,0.0
ENSG00000236536.3,0.0
ENSG00000236538.1,0.0
ENSG00000236539.3,0.023977
ENSG00000236540.7,0.0
ENSG00000236541.1,0.0
ENSG00000236542.1,0.0
ENSG00000236543.3,0.0
ENSG00000236544.2,0.0
ENSG00000236545.1,0.0
ENSG00000236546.2,0.0
ENSG00000236548.4,0.781742
ENSG00000236549.1,0.0
ENSG00000236550.1,0.0
ENSG00000236552.2,0.0
ENSG00000236554.1,0.0
ENSG00000236555.1,0.0
ENSG00000236556.1,0.0
ENSG00000236559.2,1.043322
ENSG00000236560.6,0.0
ENSG00000236561.9,0.0
ENSG00000236562.4,0.0
ENSG00000236564.1,0.0
ENSG00000236565.3,0.0
ENSG00000236567.2,0.127378
ENSG00000236569.3,0.0
ENSG00000236570.1,0.0
ENSG00000236571.1,0.0
ENSG00000236572.1,0.0
ENSG00000236574.1,0.0
ENSG00000236576.1,0.0
ENSG00000236577.1,0.0
ENSG00000236579.2,0.0
ENSG00000236580.1,0.0
ENSG00000236581.10,0.0
ENSG00000236582.1,0.0
ENSG00000236583.1,0.0
ENSG00000236587.1,0.0
ENSG00000236590.1,0.0
ENSG00000236591.2,0.0
ENSG00000236592.5,0.0
ENSG00000236594.2,0.0
ENSG00000236595.1,0.0
ENSG00000236596.1,0.0
ENSG00000236597.1,0.0
ENSG00000236598.6,0.0
ENSG00000236601.3,0.0
ENSG00000236603.2,0.0
ENSG00000236604.1,0.0
ENSG00000236605.1,0.0
ENSG00000236606.1,0.0
ENSG00000236607.3,0.0
ENSG00000236608.1,0.0
ENSG00000236609.4,1.694907
ENSG00000236610.1,0.0
ENSG00000236611.1,0.0
ENSG00000236612.1,0.0
ENSG00000236615.1,0.0
ENSG00000236616.3,0.0
ENSG00000236617.3,0.0
ENSG00000236618.4,3.735253
ENSG00000236620.1,0.0
ENSG00000236625.8,0.0
ENSG00000236626.1,0.0
ENSG00000236627.1,0.0
ENSG00000236629.1,0.0
ENSG00000236632.5,0.0
ENSG00000236634.1,0.0
ENSG00000236635.4,0.197403
ENSG00000236636.2,0.0
ENSG00000236637.5,0.0
ENSG00000236638.1,0.0
ENSG00000236641.2,0.0
ENSG00000236642.1,0.0
ENSG00000236643.2,0.0
ENSG00000236646.1,0.0
ENSG00000236647.1,0.0
ENSG00000236648.2,0.0
ENSG00000236649.10,1.785953
ENSG00000236651.2,0.0
ENSG00000236653.4,0.0
ENSG00000236654.2,0.0
ENSG00000236655.1,0.0
ENSG00000236656.2,0.0
ENSG00000236658.2,0.0
ENSG00000236662.1,0.0
ENSG00000236663.3,0.0
ENSG00000236664.1,0.0
ENSG00000236665.1,0.0
ENSG00000236666.1,0.0
ENSG00000236667.1,0.0
ENSG00000236668.4,0.0
ENSG00000236670.1,0.202252
ENSG00000236671.10,0.182201
ENSG00000236672.6,0.0
ENSG00000236674.1,0.0
ENSG00000236675.1,0.0
ENSG00000236676.1,0.0
ENSG00000236677.2,0.0
ENSG00000236678.10,0.0
ENSG00000236679.2,0.0
ENSG00000236680.1,0.0
ENSG00000236681.1,0.0
ENSG00000236682.5,2.173131
ENSG00000236683.3,0.0
ENSG00000236686.1,0.0
ENSG00000236687.2,0.0
ENSG00000236689.1,0.0
ENSG00000236690.2,0.0
ENSG00000236691.3,0.0
ENSG00000236692.2,0.0
ENSG00000236693.11,0.274507
ENSG00000236695.1,0.0
ENSG00000236698.1,0.0
ENSG00000236699.9,0.0
ENSG00000236700.9,0.468875
ENSG00000236701.3,0.0
ENSG00000236703.1,0.0
ENSG00000236704.1,0.0
ENSG00000236706.1,0.0
ENSG00000236708.2,0.0
ENSG00000236709.1,0.0
ENSG00000236710.1,0.0
ENSG00000236711.2,0.0
ENSG00000236712.1,0.0
ENSG00000236713.1,0.0
ENSG00000236717.2,0.0
ENSG00000236718.5,0.0
ENSG00000236719.6,0.0
ENSG00000236720.3,0.0
ENSG00000236722.1,0.0
ENSG00000236723.2,0.0
ENSG00000236724.1,0.0
ENSG00000236729.6,0.0
ENSG00000236731.1,0.0
ENSG00000236732.1,0.0
ENSG00000236733.2,0.0
ENSG00000236735.3,0.0
ENSG00000236736.1,0.0
ENSG00000236737.1,0.0
ENSG00000236739.3,0.0
ENSG00000236741.4,0.0
ENSG00000236744.2,0.0
ENSG00000236745.2,0.0
ENSG00000236746.1,0.392757
ENSG00000236747.3,0.0
ENSG00000236748.1,0.0
ENSG00000236750.1,0.0
ENSG00000236751.5,0.126652
ENSG00000236753.8,2.0062480000000003
ENSG00000236754.6,0.13508
ENSG00000236756.5,3.9170339999999997
ENSG00000236758.5,0.0
ENSG00000236759.7,2.4476080000000002
ENSG00000236761.6,0.0
ENSG00000236762.1,0.0
ENSG00000236763.2,0.0
ENSG00000236764.4,0.0
ENSG00000236765.6,0.0
ENSG00000236768.1,0.0
ENSG00000236769.4,0.0
ENSG00000236770.1,0.668476
ENSG00000236772.1,0.0
ENSG00000236773.1,0.0
ENSG00000236775.1,0.0
ENSG00000236776.1,0.0
ENSG00000236777.1,0.0
ENSG00000236778.10,4.344164
ENSG00000236779.1,0.0
ENSG00000236780.8,0.0
ENSG00000236782.8,0.0
ENSG00000236783.1,0.0
ENSG00000236785.1,0.0
ENSG00000236786.1,0.0
ENSG00000236790.8,6.80573
ENSG00000236791.2,0.0
ENSG00000236792.1,0.0
ENSG00000236794.5,0.0
ENSG00000236795.1,0.0
ENSG00000236796.1,0.224068
ENSG00000236797.1,0.0
ENSG00000236798.1,0.0
ENSG00000236799.1,0.0
ENSG00000236800.1,0.0
ENSG00000236801.1,0.0
ENSG00000236803.1,0.0
ENSG00000236804.1,0.0
ENSG00000236806.1,0.0
ENSG00000236807.1,0.0
ENSG00000236808.6,0.0
ENSG00000236809.2,0.0
ENSG00000236810.9,5.6474910000000005
ENSG00000236811.1,0.0
ENSG00000236813.1,0.0
ENSG00000236814.1,0.0
ENSG00000236816.5,0.0
ENSG00000236817.6,0.0
ENSG00000236818.1,0.0
ENSG00000236819.3,0.0
ENSG00000236822.1,0.0
ENSG00000236823.2,0.0
ENSG00000236824.2,0.0
ENSG00000236825.2,0.0
ENSG00000236826.7,0.888436
ENSG00000236827.3,0.16142
ENSG00000236828.1,0.0
ENSG00000236829.10,0.0
ENSG00000236830.9,0.157063
ENSG00000236831.1,0.0
ENSG00000236832.1,0.0
ENSG00000236833.2,0.0
ENSG00000236834.2,0.0
ENSG00000236836.1,0.0
ENSG00000236837.1,0.0
ENSG00000236838.3,0.0
ENSG00000236841.9,0.0
ENSG00000236842.2,0.0
ENSG00000236844.1,0.0
ENSG00000236846.2,0.0
ENSG00000236847.1,0.0
ENSG00000236848.2,0.0
ENSG00000236849.7,0.0
ENSG00000236851.1,0.0
ENSG00000236852.1,0.0
ENSG00000236853.2,0.0
ENSG00000236854.3,0.0
ENSG00000236857.3,0.0
ENSG00000236858.2,0.0
ENSG00000236859.9,2.366869
ENSG00000236860.1,0.0
ENSG00000236861.7,0.0
ENSG00000236862.1,0.0
ENSG00000236863.2,0.0
ENSG00000236864.1,0.0
ENSG00000236866.6,0.0
ENSG00000236867.1,0.0
ENSG00000236869.5,0.15843
ENSG00000236870.2,0.0
ENSG00000236871.8,2.548738
ENSG00000236872.1,0.0
ENSG00000236873.9,0.0
ENSG00000236874.2,0.0
ENSG00000236875.3,0.0
ENSG00000236876.3,0.0
ENSG00000236877.2,0.0
ENSG00000236878.1,0.0
ENSG00000236880.1,0.0
ENSG00000236881.1,0.069548
ENSG00000236882.10,0.5669299999999999
ENSG00000236883.1,0.0
ENSG00000236884.8,0.0
ENSG00000236885.2,0.0
ENSG00000236887.1,0.0
ENSG00000236888.1,0.0
ENSG00000236889.1,0.0
ENSG00000236890.2,0.0
ENSG00000236892.3,0.0
ENSG00000236893.1,0.0
ENSG00000236894.4,0.0
ENSG00000236895.10,0.139602
ENSG00000236896.2,0.0
ENSG00000236897.1,0.0
ENSG00000236898.1,0.0
ENSG00000236900.1,0.0
ENSG00000236901.6,1.022501
ENSG00000236905.2,0.0
ENSG00000236907.1,0.0
ENSG00000236908.3,0.0
ENSG00000236909.1,0.0
ENSG00000236911.6,0.0
ENSG00000236913.1,0.0
ENSG00000236914.5,0.0
ENSG00000236915.3,0.74807
ENSG00000236917.1,0.0
ENSG00000236919.3,0.0
ENSG00000236920.2,0.0
ENSG00000236921.2,0.0
ENSG00000236922.11,0.0
ENSG00000236924.4,0.093906
ENSG00000236927.4,0.0
ENSG00000236928.3,0.0
ENSG00000236929.2,0.0
ENSG00000236930.1,0.0
ENSG00000236932.2,0.0
ENSG00000236935.4,11.431488
ENSG00000236936.2,0.418569
ENSG00000236937.2,0.0
ENSG00000236939.5,0.0
ENSG00000236940.1,0.0
ENSG00000236941.6,0.0
ENSG00000236942.1,0.0
ENSG00000236944.1,0.0
ENSG00000236946.2,0.0
ENSG00000236950.2,0.0
ENSG00000236951.7,0.0
ENSG00000236953.1,0.0
ENSG00000236956.2,0.0
ENSG00000236957.8,0.0
ENSG00000236958.4,0.0
ENSG00000236959.1,0.0
ENSG00000236960.1,0.0
ENSG00000236961.2,0.0
ENSG00000236963.10,0.0
ENSG00000236965.4,0.0
ENSG00000236966.1,0.0
ENSG00000236967.8,0.0
ENSG00000236968.2,0.0
ENSG00000236969.2,0.0
ENSG00000236972.2,0.0
ENSG00000236973.2,0.0
ENSG00000236975.3,0.104551
ENSG00000236976.1,0.0
ENSG00000236977.2,0.0
ENSG00000236978.1,0.0
ENSG00000236980.10,0.0
ENSG00000236981.1,0.0
ENSG00000236982.1,0.0
ENSG00000236985.1,0.0
ENSG00000236986.6,0.0
ENSG00000236987.2,0.0
ENSG00000236988.2,0.0
ENSG00000236989.6,0.0
ENSG00000236990.2,0.0
ENSG00000236991.7,0.0
ENSG00000236992.2,0.0
ENSG00000236993.2,0.0
ENSG00000236994.1,0.0
ENSG00000236998.2,0.0
ENSG00000236999.1,0.0
ENSG00000237000.1,0.0
ENSG00000237001.7,0.0
ENSG00000237002.7,0.0
ENSG00000237003.1,3.20745
ENSG00000237004.5,0.0
ENSG00000237005.1,0.0
ENSG00000237007.4,0.0
ENSG00000237008.2,0.0
ENSG00000237009.3,0.0
ENSG00000237011.1,0.0
ENSG00000237013.2,0.0
ENSG00000237014.1,0.0
ENSG00000237015.1,0.0
ENSG00000237016.1,0.0
ENSG00000237017.1,0.056045
ENSG00000237019.1,0.0
ENSG00000237020.1,0.0
ENSG00000237022.10,20.334606
ENSG00000237023.1,0.0
ENSG00000237024.1,0.0
ENSG00000237025.1,0.0
ENSG00000237026.1,0.0
ENSG00000237027.1,0.0
ENSG00000237031.7,0.0
ENSG00000237032.1,0.0
ENSG00000237033.2,0.0
ENSG00000237035.1,0.0
ENSG00000237036.8,0.943723
ENSG00000237037.9,3.460674
ENSG00000237038.5,0.0
ENSG00000237039.1,0.0
ENSG00000237040.6,0.0
ENSG00000237041.1,0.0
ENSG00000237042.1,0.0
ENSG00000237046.8,0.017505
ENSG00000237048.5,0.0
ENSG00000237049.1,0.0
ENSG00000237051.8,0.0
ENSG00000237052.7,27.299691
ENSG00000237053.1,0.0
ENSG00000237054.10,0.0
ENSG00000237055.1,0.0
ENSG00000237056.5,4.342733
ENSG00000237057.4,0.404382
ENSG00000237058.2,0.0
ENSG00000237061.1,0.0
ENSG00000237062.3,0.0
ENSG00000237063.1,0.0
ENSG00000237064.1,0.0
ENSG00000237065.2,0.0
ENSG00000237068.1,0.0
ENSG00000237070.1,0.0
ENSG00000237071.7,0.313698
ENSG00000237072.1,0.0
ENSG00000237073.2,0.0
ENSG00000237074.2,0.0
ENSG00000237076.3,0.0
ENSG00000237077.2,0.0
ENSG00000237080.3,0.0
ENSG00000237082.1,0.0
ENSG00000237083.1,0.0
ENSG00000237085.2,0.0
ENSG00000237087.2,0.0
ENSG00000237088.1,0.0
ENSG00000237089.2,0.0
ENSG00000237090.1,0.0
ENSG00000237092.3,0.0
ENSG00000237094.13,0.0
ENSG00000237098.1,0.0
ENSG00000237099.1,0.0
ENSG00000237101.2,0.468935
ENSG00000237105.2,0.0
ENSG00000237106.2,0.0
ENSG00000237107.3,0.0
ENSG00000237108.1,0.0
ENSG00000237109.1,0.0
ENSG00000237110.3,0.0
ENSG00000237111.1,0.0
ENSG00000237112.8,0.0
ENSG00000237114.2,0.0
ENSG00000237115.2,0.0
ENSG00000237118.4,0.0
ENSG00000237119.1,0.0
ENSG00000237121.1,0.0
ENSG00000237123.2,0.0
ENSG00000237124.1,0.0
ENSG00000237125.14,0.32783
ENSG00000237126.9,0.0
ENSG00000237127.1,0.0
ENSG00000237128.2,0.0
ENSG00000237129.1,0.0
ENSG00000237130.1,0.0
ENSG00000237131.1,0.0
ENSG00000237135.1,0.127671
ENSG00000237136.8,0.0
ENSG00000237137.1,0.0
ENSG00000237138.1,0.0
ENSG00000237139.1,0.0
ENSG00000237140.2,0.0
ENSG00000237141.1,0.0
ENSG00000237145.1,0.0
ENSG00000237148.1,0.0
ENSG00000237149.6,0.242394
ENSG00000237153.5,0.058371
ENSG00000237154.2,0.0
ENSG00000237155.3,9.08913
ENSG00000237158.1,0.0
ENSG00000237159.7,0.0
ENSG00000237160.2,0.0
ENSG00000237161.4,0.0
ENSG00000237162.1,0.0
ENSG00000237163.1,0.0
ENSG00000237164.1,0.0
ENSG00000237165.2,0.0
ENSG00000237166.5,0.0
ENSG00000237167.2,0.0
ENSG00000237169.1,0.0
ENSG00000237170.3,0.0
ENSG00000237171.1,0.0
ENSG00000237172.4,2.657091
ENSG00000237173.1,0.0
ENSG00000237174.8,0.922195
ENSG00000237175.1,0.0
ENSG00000237176.4,0.0
ENSG00000237178.2,0.0
ENSG00000237179.7,0.0
ENSG00000237180.1,0.0
ENSG00000237181.3,5.096548
ENSG00000237182.1,0.0
ENSG00000237183.1,0.0
ENSG00000237185.1,0.0
ENSG00000237186.1,0.0
ENSG00000237187.10,1.601949
ENSG00000237188.6,0.187416
ENSG00000237190.4,6.1279710000000005
ENSG00000237192.8,0.0
ENSG00000237193.1,0.0
ENSG00000237194.1,0.0
ENSG00000237195.1,0.0
ENSG00000237196.1,0.0
ENSG00000237197.1,0.0
ENSG00000237200.1,0.0
ENSG00000237202.1,0.0
ENSG00000237205.1,0.0
ENSG00000237206.1,0.0
ENSG00000237207.2,0.0
ENSG00000237208.1,0.0
ENSG00000237210.1,0.0
ENSG00000237211.2,0.0
ENSG00000237212.2,0.160487
ENSG00000237213.2,0.0
ENSG00000237214.3,0.0
ENSG00000237215.3,0.0
ENSG00000237217.1,0.931177
ENSG00000237218.3,0.0
ENSG00000237220.1,0.0
ENSG00000237221.2,0.0
ENSG00000237222.5,0.444509
ENSG00000237223.7,0.0
ENSG00000237224.4,0.0
ENSG00000237225.2,0.0
ENSG00000237226.1,0.0
ENSG00000237227.1,0.0
ENSG00000237230.1,0.0
ENSG00000237232.10,0.0
ENSG00000237233.3,0.0
ENSG00000237234.8,0.0
ENSG00000237235.2,0.0
ENSG00000237236.1,0.0
ENSG00000237238.4,0.0
ENSG00000237242.1,0.0
ENSG00000237243.1,0.0
ENSG00000237247.6,0.0
ENSG00000237248.7,0.82645
ENSG00000237249.1,0.0
ENSG00000237250.4,0.0
ENSG00000237251.2,0.0
ENSG00000237252.1,0.0
ENSG00000237254.2,12.143311
ENSG00000237256.1,0.0
ENSG00000237257.1,0.0
ENSG00000237259.1,0.0
ENSG00000237260.1,0.0
ENSG00000237261.2,0.0
ENSG00000237263.1,0.0
ENSG00000237264.4,0.0
ENSG00000237265.8,0.0
ENSG00000237266.3,0.0
ENSG00000237267.2,0.0
ENSG00000237268.4,0.0
ENSG00000237269.1,0.0
ENSG00000237271.3,0.0
ENSG00000237272.2,0.0
ENSG00000237273.1,0.0
ENSG00000237274.2,0.0
ENSG00000237275.1,0.0
ENSG00000237276.10,0.0
ENSG00000237278.2,0.0
ENSG00000237279.2,0.0
ENSG00000237280.1,0.0
ENSG00000237281.2,0.219857
ENSG00000237282.4,0.0
ENSG00000237283.2,0.0
ENSG00000237285.1,0.0
ENSG00000237286.2,0.0
ENSG00000237289.10,0.0
ENSG00000237290.2,0.0
ENSG00000237292.2,0.655075
ENSG00000237293.1,0.0
ENSG00000237294.1,0.0
ENSG00000237296.12,0.231188
ENSG00000237297.1,0.0
ENSG00000237298.12,10.012831
ENSG00000237299.1,0.0
ENSG00000237300.2,0.0
ENSG00000237301.2,0.0
ENSG00000237302.1,0.0
ENSG00000237303.2,0.0
ENSG00000237306.1,0.0
ENSG00000237307.2,0.0
ENSG00000237308.1,0.0
ENSG00000237309.1,0.0
ENSG00000237310.4,0.638225
ENSG00000237311.3,0.0
ENSG00000237312.3,0.0
ENSG00000237313.1,0.0
ENSG00000237314.2,0.0
ENSG00000237316.2,0.0
ENSG00000237317.2,0.0
ENSG00000237319.1,0.0
ENSG00000237320.2,0.0
ENSG00000237321.1,0.0
ENSG00000237322.1,0.0
ENSG00000237323.1,0.0
ENSG00000237324.3,0.0
ENSG00000237325.3,0.0
ENSG00000237326.1,0.0
ENSG00000237328.2,0.0
ENSG00000237329.2,0.0
ENSG00000237330.3,0.0
ENSG00000237331.1,0.0
ENSG00000237333.13,0.0
ENSG00000237335.8,3.015283
ENSG00000237336.1,0.0
ENSG00000237337.2,0.0
ENSG00000237338.1,0.0
ENSG00000237339.5,0.0
ENSG00000237341.2,0.0
ENSG00000237342.1,0.0
ENSG00000237343.2,0.0
ENSG00000237344.7,0.0
ENSG00000237345.1,0.0
ENSG00000237346.3,0.0
ENSG00000237347.2,0.0
ENSG00000237349.1,0.0
ENSG00000237350.1,0.0
ENSG00000237351.1,0.0
ENSG00000237353.7,0.0
ENSG00000237354.1,0.0
ENSG00000237357.3,2.629819
ENSG00000237358.1,0.0
ENSG00000237360.2,0.0
ENSG00000237361.6,0.0
ENSG00000237363.1,0.0
ENSG00000237365.1,0.0
ENSG00000237369.1,0.0
ENSG00000237370.1,0.0
ENSG00000237371.1,0.0
ENSG00000237372.6,0.262271
ENSG00000237373.1,0.0
ENSG00000237377.3,0.0
ENSG00000237378.3,0.0
ENSG00000237379.1,0.0
ENSG00000237380.8,0.0
ENSG00000237381.2,0.0
ENSG00000237382.2,0.0
ENSG00000237383.1,0.0
ENSG00000237385.1,0.0
ENSG00000237387.1,0.0
ENSG00000237388.3,0.0
ENSG00000237389.1,0.0
ENSG00000237390.2,0.0
ENSG00000237395.1,0.0
ENSG00000237396.2,0.0
ENSG00000237398.1,0.0
ENSG00000237399.7,0.116802
ENSG00000237400.1,0.0
ENSG00000237401.9,0.0
ENSG00000237402.2,0.0
ENSG00000237406.1,0.0
ENSG00000237407.1,0.0
ENSG00000237408.1,0.0
ENSG00000237409.2,0.0
ENSG00000237410.1,0.0
ENSG00000237412.7,0.0
ENSG00000237413.6,0.0
ENSG00000237414.2,0.0
ENSG00000237415.2,0.0
ENSG00000237417.1,0.0
ENSG00000237418.1,0.0
ENSG00000237419.2,0.315847
ENSG00000237421.1,0.0
ENSG00000237423.4,0.0
ENSG00000237424.1,1.630848
ENSG00000237425.1,0.0
ENSG00000237426.1,0.0
ENSG00000237427.1,0.0
ENSG00000237428.1,0.0
ENSG00000237429.2,1.10551
ENSG00000237432.2,0.0
ENSG00000237433.1,0.0
ENSG00000237434.1,0.0
ENSG00000237435.11,0.0
ENSG00000237436.2,0.0
ENSG00000237437.1,0.0
ENSG00000237438.8,0.0
ENSG00000237439.1,0.0
ENSG00000237440.9,1.616181
ENSG00000237441.10,92.827178
ENSG00000237442.4,0.0
ENSG00000237443.1,0.0
ENSG00000237444.1,0.0
ENSG00000237445.2,0.0
ENSG00000237446.1,0.0
ENSG00000237447.1,0.0
ENSG00000237448.3,0.0
ENSG00000237449.1,0.0
ENSG00000237450.5,0.0
ENSG00000237451.3,0.0
ENSG00000237452.3,0.0
ENSG00000237453.2,0.0
ENSG00000237455.1,0.0
ENSG00000237456.3,0.0
ENSG00000237457.7,0.0
ENSG00000237458.1,0.0
ENSG00000237460.4,0.0
ENSG00000237462.10,20.877539
ENSG00000237463.8,0.0
ENSG00000237464.2,0.0
ENSG00000237466.1,0.0
ENSG00000237467.1,0.0
ENSG00000237468.3,0.0
ENSG00000237469.2,0.0
ENSG00000237470.3,0.0
ENSG00000237471.3,0.995385
ENSG00000237472.1,0.0
ENSG00000237473.3,0.0
ENSG00000237475.2,0.0
ENSG00000237476.3,0.920287
ENSG00000237477.1,0.0
ENSG00000237478.2,0.0
ENSG00000237479.2,0.0
ENSG00000237480.4,0.0
ENSG00000237481.1,0.0
ENSG00000237483.1,0.0
ENSG00000237484.8,0.163678
ENSG00000237487.1,0.0
ENSG00000237489.5,1.583671
ENSG00000237490.3,0.0
ENSG00000237491.11,1.039312
ENSG00000237492.1,0.0
ENSG00000237493.3,0.0
ENSG00000237494.2,0.0
ENSG00000237498.3,0.0
ENSG00000237499.8,2.4661619999999997
ENSG00000237500.1,0.0
ENSG00000237501.1,0.0
ENSG00000237503.2,0.0
ENSG00000237505.9,0.0
ENSG00000237506.3,0.0
ENSG00000237508.10,1.406493
ENSG00000237510.8,0.0
ENSG00000237512.8,0.0
ENSG00000237514.3,0.0
ENSG00000237515.10,0.064329
ENSG00000237517.10,0.0
ENSG00000237520.3,0.843895
ENSG00000237521.4,0.0
ENSG00000237522.1,0.0
ENSG00000237523.3,0.0
ENSG00000237524.11,0.0
ENSG00000237525.8,0.0
ENSG00000237527.1,0.0
ENSG00000237528.1,0.0
ENSG00000237529.2,0.245067
ENSG00000237530.2,0.0
ENSG00000237531.7,0.0
ENSG00000237532.1,0.0
ENSG00000237539.1,0.0
ENSG00000237540.1,0.0
ENSG00000237541.4,0.0
ENSG00000237542.1,0.0
ENSG00000237545.1,0.0
ENSG00000237546.1,0.0
ENSG00000237547.1,0.0
ENSG00000237549.1,0.0
ENSG00000237550.8,0.0
ENSG00000237551.1,0.0
ENSG00000237552.2,0.0
ENSG00000237553.1,0.0
ENSG00000237554.4,0.0
ENSG00000237555.1,0.0
ENSG00000237556.1,0.0
ENSG00000237557.1,0.0
ENSG00000237558.1,0.0
ENSG00000237560.10,0.0
ENSG00000237566.1,0.0
ENSG00000237567.2,0.0
ENSG00000237568.1,0.0
ENSG00000237569.1,0.0
ENSG00000237571.2,0.0
ENSG00000237572.1,0.0
ENSG00000237574.2,1.821093
ENSG00000237575.5,0.0
ENSG00000237576.3,0.475899
ENSG00000237577.1,0.0
ENSG00000237579.3,0.0
ENSG00000237580.1,0.0
ENSG00000237581.1,0.0
ENSG00000237583.1,0.0
ENSG00000237584.1,0.0
ENSG00000237586.3,0.0
ENSG00000237588.2,0.282783
ENSG00000237589.1,0.0
ENSG00000237590.1,0.0
ENSG00000237591.1,0.0
ENSG00000237592.2,0.0
ENSG00000237593.1,0.0
ENSG00000237594.2,0.0
ENSG00000237595.8,0.0
ENSG00000237596.8,0.475455
ENSG00000237599.9,39.529126000000005
ENSG00000237601.1,0.0
ENSG00000237603.1,0.0
ENSG00000237604.1,1.413456
ENSG00000237605.4,0.0
ENSG00000237606.2,0.0
ENSG00000237609.1,0.0
ENSG00000237610.1,0.0
ENSG00000237611.2,0.0
ENSG00000237612.2,0.0
ENSG00000237613.3,0.0
ENSG00000237614.3,0.0
ENSG00000237617.1,0.0
ENSG00000237618.1,0.0
ENSG00000237619.2,0.0
ENSG00000237620.1,0.0
ENSG00000237621.4,0.0
ENSG00000237622.1,0.0
ENSG00000237623.1,0.0
ENSG00000237624.1,0.0
ENSG00000237626.3,0.722812
ENSG00000237628.2,0.0
ENSG00000237629.1,0.0
ENSG00000237630.1,0.0
ENSG00000237631.2,0.0
ENSG00000237632.3,0.0
ENSG00000237633.4,0.0
ENSG00000237634.1,0.0
ENSG00000237635.2,0.0
ENSG00000237636.4,0.0
ENSG00000237637.2,0.240818
ENSG00000237638.4,3.964616
ENSG00000237639.2,0.0
ENSG00000237640.2,0.0
ENSG00000237641.1,0.0
ENSG00000237642.1,0.0
ENSG00000237643.4,0.0
ENSG00000237645.1,0.0
ENSG00000237646.1,0.0
ENSG00000237649.8,0.5054
ENSG00000237650.2,0.0
ENSG00000237651.8,0.759483
ENSG00000237653.2,0.0
ENSG00000237654.7,0.0
ENSG00000237655.1,0.0
ENSG00000237659.1,0.0
ENSG00000237661.1,0.0
ENSG00000237662.1,0.0
ENSG00000237663.2,0.0
ENSG00000237664.2,0.0
ENSG00000237665.1,0.0
ENSG00000237666.2,0.0
ENSG00000237667.8,0.0
ENSG00000237668.1,0.0
ENSG00000237669.1,0.0
ENSG00000237670.1,0.0
ENSG00000237671.4,0.0
ENSG00000237672.1,0.0
ENSG00000237674.1,0.0
ENSG00000237675.6,0.0
ENSG00000237676.1,0.0
ENSG00000237679.2,0.0
ENSG00000237682.2,0.0
ENSG00000237684.1,0.0
ENSG00000237685.1,0.0
ENSG00000237686.9,0.0
ENSG00000237687.3,0.0
ENSG00000237689.2,0.0
ENSG00000237690.1,0.0
ENSG00000237691.1,0.0
ENSG00000237693.5,1.849831
ENSG00000237698.1,0.0
ENSG00000237699.3,0.0
ENSG00000237700.2,0.0
ENSG00000237701.1,0.0
ENSG00000237702.2,12.091341
ENSG00000237703.8,0.0
ENSG00000237704.1,0.0
ENSG00000237705.1,0.0
ENSG00000237706.4,0.254581
ENSG00000237707.2,0.0
ENSG00000237708.1,0.0
ENSG00000237709.1,0.0
ENSG00000237710.10,998.735817
ENSG00000237711.1,0.0
ENSG00000237713.1,0.0
ENSG00000237714.2,0.0
ENSG00000237716.3,0.0
ENSG00000237718.2,0.0
ENSG00000237719.1,0.0
ENSG00000237720.3,0.0
ENSG00000237722.2,0.0
ENSG00000237724.5,0.0
ENSG00000237725.2,0.0
ENSG00000237727.7,17.665291
ENSG00000237728.3,0.0
ENSG00000237729.2,0.0
ENSG00000237730.1,0.0
ENSG00000237731.1,0.0
ENSG00000237732.12,0.0
ENSG00000237733.8,0.0
ENSG00000237734.1,0.0
ENSG00000237735.3,0.0
ENSG00000237737.6,0.0
ENSG00000237738.1,0.0
ENSG00000237740.1,0.0
ENSG00000237741.1,0.0
ENSG00000237742.9,0.402674
ENSG00000237743.4,0.0
ENSG00000237745.1,0.0
ENSG00000237746.1,0.0
ENSG00000237747.1,0.0
ENSG00000237748.1,0.0
ENSG00000237749.4,0.0
ENSG00000237750.3,0.0
ENSG00000237751.3,0.0
ENSG00000237752.2,0.0
ENSG00000237753.3,0.843029
ENSG00000237754.1,1.518692
ENSG00000237756.1,0.0
ENSG00000237757.2,0.0
ENSG00000237758.1,0.0
ENSG00000237759.2,0.0
ENSG00000237760.1,0.0
ENSG00000237761.4,0.0
ENSG00000237763.10,0.0
ENSG00000237765.8,33.071182
ENSG00000237766.2,0.0
ENSG00000237767.5,0.0
ENSG00000237768.2,0.0
ENSG00000237770.2,0.0
ENSG00000237772.3,1.2322899999999999
ENSG00000237773.9,2.299753
ENSG00000237774.3,0.0
ENSG00000237775.1,0.293856
ENSG00000237781.3,9.397297
ENSG00000237782.3,0.0
ENSG00000237783.2,0.0
ENSG00000237784.1,0.0
ENSG00000237786.1,0.0
ENSG00000237787.5,0.0
ENSG00000237788.1,0.152139
ENSG00000237790.1,0.0
ENSG00000237793.3,0.0
ENSG00000237797.4,0.0
ENSG00000237798.1,0.0
ENSG00000237799.2,0.0
ENSG00000237801.6,0.0
ENSG00000237802.7,0.0
ENSG00000237803.7,5.5367820000000005
ENSG00000237804.1,0.0
ENSG00000237806.1,0.0
ENSG00000237807.5,0.0
ENSG00000237808.6,0.869751
ENSG00000237810.3,0.0
ENSG00000237812.2,0.0
ENSG00000237813.5,0.0
ENSG00000237814.2,0.0
ENSG00000237816.1,0.0
ENSG00000237818.1,0.0
ENSG00000237819.8,0.0
ENSG00000237821.1,0.0
ENSG00000237823.1,0.0
ENSG00000237824.2,0.0
ENSG00000237827.1,0.0
ENSG00000237828.1,0.0
ENSG00000237829.6,0.0
ENSG00000237832.1,0.0
ENSG00000237833.1,0.0
ENSG00000237834.9,0.0
ENSG00000237835.1,0.0
ENSG00000237836.6,0.476644
ENSG00000237837.1,0.0
ENSG00000237840.7,0.0
ENSG00000237841.1,0.0
ENSG00000237842.2,0.0
ENSG00000237843.3,0.0
ENSG00000237844.2,0.0
ENSG00000237846.1,0.0
ENSG00000237848.1,0.0
ENSG00000237849.1,0.0
ENSG00000237850.8,0.0
ENSG00000237851.1,0.0
ENSG00000237852.1,0.0
ENSG00000237853.7,0.0
ENSG00000237854.6,0.0
ENSG00000237856.1,0.0
ENSG00000237859.2,0.0
ENSG00000237860.1,0.0
ENSG00000237861.1,0.0
ENSG00000237862.4,0.0
ENSG00000237863.4,0.165753
ENSG00000237864.1,0.0
ENSG00000237865.3,0.0
ENSG00000237868.1,0.0
ENSG00000237870.7,0.0
ENSG00000237872.4,0.0
ENSG00000237873.1,0.0
ENSG00000237874.3,0.0
ENSG00000237875.1,0.0
ENSG00000237876.1,0.0
ENSG00000237877.9,0.538061
ENSG00000237879.3,0.240427
ENSG00000237880.3,0.0
ENSG00000237881.6,0.0
ENSG00000237882.1,0.0
ENSG00000237883.5,1.872272
ENSG00000237884.1,0.0
ENSG00000237885.1,0.0
ENSG00000237886.3,3.381341
ENSG00000237887.1,0.0
ENSG00000237888.1,0.0
ENSG00000237889.11,79.231306
ENSG00000237890.5,0.0
ENSG00000237891.1,0.0
ENSG00000237892.1,0.480008
ENSG00000237896.7,0.0
ENSG00000237897.2,0.0
ENSG00000237900.2,0.264142
ENSG00000237901.1,0.0
ENSG00000237902.1,0.0
ENSG00000237903.1,0.0
ENSG00000237904.2,0.0
ENSG00000237905.1,0.0
ENSG00000237906.1,0.0
ENSG00000237910.1,0.0
ENSG00000237911.2,0.0
ENSG00000237913.1,0.0
ENSG00000237914.5,0.0
ENSG00000237916.1,0.0
ENSG00000237917.1,0.0
ENSG00000237918.9,1.204126
ENSG00000237919.5,0.0
ENSG00000237920.2,0.0
ENSG00000237921.2,0.0
ENSG00000237922.1,0.0
ENSG00000237923.3,0.0
ENSG00000237924.1,0.0
ENSG00000237926.1,0.0
ENSG00000237927.1,0.245608
ENSG00000237928.7,0.0
ENSG00000237929.1,0.0
ENSG00000237930.1,0.0
ENSG00000237931.1,0.0
ENSG00000237934.1,0.0
ENSG00000237936.1,0.0
ENSG00000237937.6,0.0
ENSG00000237938.5,0.0
ENSG00000237939.1,0.0
ENSG00000237941.2,0.0
ENSG00000237943.8,18.374739
ENSG00000237945.10,6.942653
ENSG00000237947.1,0.0
ENSG00000237948.1,0.0
ENSG00000237949.4,0.067891
ENSG00000237950.4,3.2583159999999998
ENSG00000237951.1,0.0
ENSG00000237952.1,0.0
ENSG00000237953.1,0.0
ENSG00000237955.1,0.0
ENSG00000237956.1,0.0
ENSG00000237959.1,0.0
ENSG00000237961.4,0.0
ENSG00000237963.1,0.0
ENSG00000237964.3,0.0
ENSG00000237968.1,0.0
ENSG00000237970.1,0.0
ENSG00000237971.1,0.0
ENSG00000237972.1,0.0
ENSG00000237973.1,0.0
ENSG00000237974.1,0.0
ENSG00000237976.3,0.727505
ENSG00000237977.1,0.0
ENSG00000237978.7,0.0
ENSG00000237979.1,0.0
ENSG00000237980.3,0.644899
ENSG00000237982.1,0.0
ENSG00000237984.4,0.0
ENSG00000237986.4,0.0
ENSG00000237987.2,0.0
ENSG00000237988.6,0.148216
ENSG00000237989.3,0.341174
ENSG00000237990.3,0.0
ENSG00000237991.3,0.0
ENSG00000237992.4,0.0
ENSG00000237993.1,0.0
ENSG00000237994.1,0.0
ENSG00000237997.1,0.0
ENSG00000237999.2,0.0
ENSG00000238000.1,0.0
ENSG00000238001.2,0.0
ENSG00000238002.3,0.0
ENSG00000238003.1,0.0
ENSG00000238004.1,0.0
ENSG00000238005.5,11.662401000000001
ENSG00000238007.2,0.0
ENSG00000238008.1,0.0
ENSG00000238010.1,0.0
ENSG00000238012.3,0.0
ENSG00000238013.1,0.0
ENSG00000238015.2,0.0
ENSG00000238018.2,0.0
ENSG00000238019.1,0.0
ENSG00000238020.1,0.0
ENSG00000238021.7,0.0
ENSG00000238022.3,0.0
ENSG00000238024.1,0.0
ENSG00000238025.1,0.0
ENSG00000238026.1,0.0
ENSG00000238029.1,0.0
ENSG00000238031.1,0.0
ENSG00000238032.1,0.0
ENSG00000238034.3,0.0
ENSG00000238035.8,102.123229
ENSG00000238037.1,0.0
ENSG00000238038.1,0.0
ENSG00000238039.1,1.920031
ENSG00000238040.1,0.0
ENSG00000238041.3,0.0
ENSG00000238043.2,0.0
ENSG00000238045.10,3.235014
ENSG00000238046.1,0.0
ENSG00000238047.1,0.0
ENSG00000238048.1,0.0
ENSG00000238049.2,0.0
ENSG00000238051.1,0.0
ENSG00000238054.3,0.0
ENSG00000238055.1,0.0
ENSG00000238056.9,0.0
ENSG00000238057.11,2.274101
ENSG00000238058.3,0.886265
ENSG00000238059.1,0.0
ENSG00000238061.2,0.0
ENSG00000238062.7,0.0
ENSG00000238063.4,0.0
ENSG00000238064.5,0.459193
ENSG00000238065.1,0.0
ENSG00000238066.1,0.0
ENSG00000238067.1,0.0
ENSG00000238069.1,0.0
ENSG00000238072.1,0.0
ENSG00000238073.1,0.0
ENSG00000238074.6,0.0
ENSG00000238075.1,0.0
ENSG00000238076.1,0.0
ENSG00000238077.1,0.0
ENSG00000238078.1,0.0
ENSG00000238079.1,0.0
ENSG00000238081.1,0.0
ENSG00000238082.1,0.0
ENSG00000238083.10,5.386208
ENSG00000238084.4,0.0
ENSG00000238085.1,0.0
ENSG00000238086.5,0.0
ENSG00000238087.3,0.0
ENSG00000238088.1,0.0
ENSG00000238090.1,0.0
ENSG00000238092.1,0.0
ENSG00000238094.1,0.0
ENSG00000238097.4,0.0
ENSG00000238098.10,0.0
ENSG00000238099.4,0.105644
ENSG00000238101.1,0.0
ENSG00000238103.4,0.0
ENSG00000238105.8,0.410043
ENSG00000238107.2,0.0
ENSG00000238108.1,0.0
ENSG00000238109.1,0.0
ENSG00000238110.1,0.0
ENSG00000238111.1,0.0
ENSG00000238113.8,28.450331
ENSG00000238116.2,0.0
ENSG00000238117.2,0.0
ENSG00000238118.1,0.0
ENSG00000238120.3,0.0
ENSG00000238121.9,5.571753
ENSG00000238122.2,0.0
ENSG00000238123.2,0.958101
ENSG00000238124.1,0.0
ENSG00000238125.1,0.0
ENSG00000238129.6,0.0
ENSG00000238130.8,7.1438820000000005
ENSG00000238131.3,0.0
ENSG00000238132.2,0.0
ENSG00000238133.6,0.0
ENSG00000238135.1,0.0
ENSG00000238137.2,0.0
ENSG00000238138.1,0.0
ENSG00000238139.2,0.0
ENSG00000238140.1,0.0
ENSG00000238141.3,0.506322
ENSG00000238142.5,12.255904
ENSG00000238143.1,0.0
ENSG00000238145.2,0.0
ENSG00000238148.2,0.0
ENSG00000238149.1,0.0
ENSG00000238150.1,0.0
ENSG00000238151.1,0.0
ENSG00000238152.2,0.0
ENSG00000238153.1,0.0
ENSG00000238154.1,0.0
ENSG00000238156.1,0.0
ENSG00000238160.3,20.484499
ENSG00000238161.1,0.0
ENSG00000238162.1,0.0
ENSG00000238164.7,6.737221
ENSG00000238165.1,0.0
ENSG00000238166.3,0.0
ENSG00000238168.5,0.0
ENSG00000238169.3,0.0
ENSG00000238171.1,0.0
ENSG00000238172.2,0.0
ENSG00000238173.1,0.0
ENSG00000238176.2,0.0
ENSG00000238178.8,0.0
ENSG00000238180.1,0.0
ENSG00000238181.2,0.0
ENSG00000238183.2,0.0
ENSG00000238184.1,0.0
ENSG00000238185.2,0.0
ENSG00000238186.1,0.0
ENSG00000238188.1,0.0
ENSG00000238189.3,0.0
ENSG00000238190.1,0.0
ENSG00000238191.3,0.0
ENSG00000238192.2,0.0
ENSG00000238193.1,0.0
ENSG00000238194.2,0.0
ENSG00000238195.2,0.0
ENSG00000238196.5,0.570042
ENSG00000238197.9,1.461135
ENSG00000238198.3,1.634024
ENSG00000238199.1,0.0
ENSG00000238200.1,0.0
ENSG00000238201.2,1.990412
ENSG00000238203.8,0.578626
ENSG00000238205.4,0.0
ENSG00000238207.3,0.0
ENSG00000238210.4,0.0
ENSG00000238211.1,0.0
ENSG00000238212.4,0.0
ENSG00000238213.1,0.0
ENSG00000238215.1,0.0
ENSG00000238216.5,0.25173
ENSG00000238217.8,0.0
ENSG00000238220.1,0.0
ENSG00000238221.2,0.0
ENSG00000238223.1,0.0
ENSG00000238224.1,0.0
ENSG00000238225.1,0.0
ENSG00000238226.1,0.0
ENSG00000238227.8,31.465347
ENSG00000238228.1,0.0
ENSG00000238230.4,0.0
ENSG00000238231.2,0.0
ENSG00000238232.1,0.0
ENSG00000238235.1,0.0
ENSG00000238236.1,0.0
ENSG00000238241.3,0.0
ENSG00000238242.3,0.0
ENSG00000238243.3,18.301277
ENSG00000238244.3,0.0
ENSG00000238245.2,0.0
ENSG00000238246.1,0.0
ENSG00000238247.2,0.0
ENSG00000238248.4,0.0
ENSG00000238249.2,0.0
ENSG00000238250.1,0.0
ENSG00000238251.2,0.0
ENSG00000238254.3,0.0
ENSG00000238256.1,0.0
ENSG00000238257.1,0.0
ENSG00000238258.2,0.0
ENSG00000238259.1,0.0
ENSG00000238260.4,2.557826
ENSG00000238262.1,0.0
ENSG00000238263.1,0.0
ENSG00000238265.1,0.0
ENSG00000238267.1,0.0
ENSG00000238269.9,0.638225
ENSG00000238270.1,0.0
ENSG00000238271.2,0.0
ENSG00000238272.1,0.0
ENSG00000238273.3,0.0
ENSG00000238275.2,0.0
ENSG00000238276.8,0.0
ENSG00000238277.2,0.0
ENSG00000238278.3,0.0
ENSG00000238279.4,0.0
ENSG00000238280.3,0.0
ENSG00000238282.1,0.0
ENSG00000238283.3,0.0
ENSG00000238284.2,0.0
ENSG00000238285.1,0.0
ENSG00000238286.1,0.0
ENSG00000238287.2,2.028807
ENSG00000238288.1,0.0
ENSG00000238289.9,0.0
ENSG00000238290.2,0.0
ENSG00000238291.1,0.0
ENSG00000238295.1,0.0
ENSG00000238297.2,0.0
ENSG00000238300.1,0.0
ENSG00000238302.1,0.0
ENSG00000238304.1,0.0
ENSG00000238311.1,0.0
ENSG00000238316.1,0.0
ENSG00000238317.2,0.0
ENSG00000238324.1,0.0
ENSG00000238326.1,0.0
ENSG00000238344.1,0.0
ENSG00000238357.1,0.0
ENSG00000238363.1,0.0
ENSG00000238364.1,0.0
ENSG00000238365.3,0.0
ENSG00000238366.1,0.0
ENSG00000238367.1,0.0
ENSG00000238370.1,0.0
ENSG00000238371.1,0.0
ENSG00000238372.1,0.0
ENSG00000238374.1,0.0
ENSG00000238379.1,0.0
ENSG00000238380.1,0.0
ENSG00000238382.1,0.0
ENSG00000238386.1,0.0
ENSG00000238387.1,0.0
ENSG00000238390.1,0.0
ENSG00000238391.1,0.0
ENSG00000238399.1,0.0
ENSG00000238405.1,0.0
ENSG00000238406.1,0.0
ENSG00000238410.1,0.0
ENSG00000238417.1,0.0
ENSG00000238419.1,0.0
ENSG00000238420.1,0.0
ENSG00000238423.1,0.0
ENSG00000238426.1,0.0
ENSG00000238427.1,0.0
ENSG00000238431.1,0.0
ENSG00000238440.1,0.0
ENSG00000238441.1,0.0
ENSG00000238443.1,0.0
ENSG00000238444.1,0.0
ENSG00000238446.1,0.0
ENSG00000238447.1,0.0
ENSG00000238452.1,0.0
ENSG00000238456.1,0.0
ENSG00000238457.1,0.0
ENSG00000238468.1,0.0
ENSG00000238478.1,0.0
ENSG00000238482.1,0.0
ENSG00000238485.1,0.0
ENSG00000238489.1,0.0
ENSG00000238490.1,0.0
ENSG00000238493.1,0.0
ENSG00000238498.1,0.0
ENSG00000238500.1,0.0
ENSG00000238503.1,0.0
ENSG00000238509.1,0.0
ENSG00000238516.1,0.0
ENSG00000238517.1,0.0
ENSG00000238519.1,0.0
ENSG00000238523.1,0.0
ENSG00000238529.1,0.0
ENSG00000238531.1,0.0
ENSG00000238540.1,0.0
ENSG00000238542.1,0.0
ENSG00000238554.1,0.0
ENSG00000238558.1,0.0
ENSG00000238561.1,0.0
ENSG00000238562.1,0.0
ENSG00000238570.1,0.0
ENSG00000238575.1,0.0
ENSG00000238578.1,0.0
ENSG00000238584.1,0.0
ENSG00000238585.1,0.0
ENSG00000238590.1,0.0
ENSG00000238594.1,0.0
ENSG00000238597.1,0.0
ENSG00000238606.1,0.0
ENSG00000238609.1,0.0
ENSG00000238610.1,0.0
ENSG00000238616.1,0.0
ENSG00000238619.1,0.0
ENSG00000238622.1,0.0
ENSG00000238627.1,0.0
ENSG00000238628.1,0.0
ENSG00000238632.1,0.0
ENSG00000238645.1,0.0
ENSG00000238649.1,0.0
ENSG00000238650.1,0.0
ENSG00000238653.1,0.0
ENSG00000238658.1,0.0
ENSG00000238669.1,0.0
ENSG00000238680.1,0.0
ENSG00000238685.1,0.0
ENSG00000238694.1,0.0
ENSG00000238697.1,0.0
ENSG00000238698.1,0.0
ENSG00000238704.1,0.0
ENSG00000238705.1,0.0
ENSG00000238707.1,0.0
ENSG00000238709.1,0.0
ENSG00000238711.1,0.0
ENSG00000238713.1,0.0
ENSG00000238719.1,0.0
ENSG00000238721.1,0.0
ENSG00000238723.1,0.0
ENSG00000238724.1,0.0
ENSG00000238728.1,0.0
ENSG00000238730.1,0.0
ENSG00000238731.1,0.0
ENSG00000238735.1,0.0
ENSG00000238741.1,0.0
ENSG00000238745.1,0.0
ENSG00000238750.1,0.0
ENSG00000238754.1,0.0
ENSG00000238755.3,0.0
ENSG00000238759.1,0.0
ENSG00000238761.1,0.0
ENSG00000238764.1,0.0
ENSG00000238765.1,0.0
ENSG00000238777.1,0.0
ENSG00000238778.1,0.0
ENSG00000238782.1,0.0
ENSG00000238783.1,0.0
ENSG00000238785.1,0.0
ENSG00000238788.1,0.0
ENSG00000238789.1,0.0
ENSG00000238793.1,0.0
ENSG00000238795.1,0.0
ENSG00000238797.1,0.0
ENSG00000238804.1,0.0
ENSG00000238808.1,0.0
ENSG00000238812.1,0.0
ENSG00000238813.1,0.0
ENSG00000238819.1,0.0
ENSG00000238825.1,0.0
ENSG00000238829.1,0.0
ENSG00000238830.1,0.0
ENSG00000238832.1,0.0
ENSG00000238833.1,0.0
ENSG00000238835.1,0.0
ENSG00000238837.4,0.0
ENSG00000238840.1,0.0
ENSG00000238842.1,0.0
ENSG00000238845.1,0.0
ENSG00000238854.1,0.0
ENSG00000238862.1,0.0
ENSG00000238875.1,0.0
ENSG00000238880.1,0.0
ENSG00000238882.1,0.0
ENSG00000238884.1,0.0
ENSG00000238886.1,0.0
ENSG00000238898.1,0.0
ENSG00000238901.1,0.0
ENSG00000238902.1,0.0
ENSG00000238904.1,0.0
ENSG00000238906.1,0.0
ENSG00000238908.1,0.0
ENSG00000238912.1,0.0
ENSG00000238913.1,0.0
ENSG00000238917.1,0.0
ENSG00000238923.1,0.0
ENSG00000238924.2,0.0
ENSG00000238926.1,0.0
ENSG00000238933.1,0.0
ENSG00000238934.1,0.0
ENSG00000238936.1,0.0
ENSG00000238941.1,0.0
ENSG00000238942.1,0.0
ENSG00000238943.1,0.0
ENSG00000238949.1,0.0
ENSG00000238950.1,0.0
ENSG00000238959.1,0.0
ENSG00000238961.1,0.0
ENSG00000238962.1,0.0
ENSG00000238963.2,0.0
ENSG00000238964.1,0.0
ENSG00000238965.1,0.0
ENSG00000238966.1,0.0
ENSG00000238987.1,0.0
ENSG00000238998.1,0.0
ENSG00000239001.1,0.0
ENSG00000239002.3,0.0
ENSG00000239003.1,0.0
ENSG00000239005.1,0.0
ENSG00000239007.1,0.0
ENSG00000239008.1,0.0
ENSG00000239010.1,0.0
ENSG00000239014.1,0.0
ENSG00000239021.1,0.0
ENSG00000239023.1,0.0
ENSG00000239030.1,0.0
ENSG00000239035.1,0.0
ENSG00000239039.1,0.0
ENSG00000239040.1,0.0
ENSG00000239041.1,0.0
ENSG00000239043.1,0.0
ENSG00000239053.1,0.0
ENSG00000239057.2,0.0
ENSG00000239075.1,0.0
ENSG00000239078.1,0.0
ENSG00000239079.1,0.0
ENSG00000239080.1,0.0
ENSG00000239081.1,0.0
ENSG00000239082.1,0.0
ENSG00000239093.1,0.0
ENSG00000239096.1,0.0
ENSG00000239099.1,0.0
ENSG00000239102.1,0.0
ENSG00000239105.1,0.0
ENSG00000239106.1,0.0
ENSG00000239108.1,0.0
ENSG00000239112.1,0.0
ENSG00000239115.1,0.0
ENSG00000239119.1,0.0
ENSG00000239122.1,0.0
ENSG00000239127.1,0.0
ENSG00000239128.1,0.0
ENSG00000239129.1,0.0
ENSG00000239137.1,0.0
ENSG00000239142.1,0.0
ENSG00000239143.1,0.0
ENSG00000239148.1,0.0
ENSG00000239149.1,0.0
ENSG00000239151.1,0.0
ENSG00000239152.1,0.0
ENSG00000239153.1,0.0
ENSG00000239168.1,0.0
ENSG00000239175.1,0.0
ENSG00000239180.1,0.0
ENSG00000239182.1,0.0
ENSG00000239183.1,0.0
ENSG00000239184.1,0.0
ENSG00000239185.1,0.0
ENSG00000239189.1,0.0
ENSG00000239190.1,0.0
ENSG00000239194.1,0.0
ENSG00000239195.1,0.0
ENSG00000239197.1,0.0
ENSG00000239198.1,0.0
ENSG00000239199.1,0.0
ENSG00000239200.1,0.0
ENSG00000239201.1,0.0
ENSG00000239202.3,0.0
ENSG00000239203.1,2.517228
ENSG00000239205.2,0.0
ENSG00000239207.2,0.0
ENSG00000239210.2,0.0
ENSG00000239211.3,0.0
ENSG00000239212.2,0.0
ENSG00000239213.8,1.152166
ENSG00000239215.1,0.0
ENSG00000239218.3,0.0
ENSG00000239219.3,0.0
ENSG00000239221.3,0.0
ENSG00000239223.3,0.0
ENSG00000239224.3,1.971249
ENSG00000239225.2,0.0
ENSG00000239226.1,0.0
ENSG00000239227.1,0.0
ENSG00000239228.3,0.0
ENSG00000239238.1,0.0
ENSG00000239246.3,0.0
ENSG00000239247.3,0.0
ENSG00000239249.3,0.0
ENSG00000239250.3,0.0
ENSG00000239253.1,0.0
ENSG00000239254.1,0.0
ENSG00000239255.1,0.0
ENSG00000239256.1,0.0
ENSG00000239257.1,0.0
ENSG00000239261.1,0.0
ENSG00000239263.1,0.0
ENSG00000239264.9,14.184108
ENSG00000239268.6,0.0
ENSG00000239269.1,0.0
ENSG00000239272.1,0.0
ENSG00000239279.3,0.0
ENSG00000239280.1,0.0
ENSG00000239281.2,0.0
ENSG00000239282.8,3.903996
ENSG00000239285.7,0.0
ENSG00000239288.1,0.0
ENSG00000239291.1,0.0
ENSG00000239293.1,0.0
ENSG00000239300.7,0.577111
ENSG00000239304.1,0.0
ENSG00000239305.7,5.659179
ENSG00000239306.5,33.418229
ENSG00000239311.1,0.0
ENSG00000239314.2,0.0
ENSG00000239315.4,0.0
ENSG00000239316.3,0.0
ENSG00000239317.1,0.0
ENSG00000239319.3,0.0
ENSG00000239320.1,0.0
ENSG00000239322.1,0.0
ENSG00000239323.1,0.0
ENSG00000239327.1,0.0
ENSG00000239329.8,1.672937
ENSG00000239333.3,0.0
ENSG00000239335.4,1.700239
ENSG00000239344.1,0.0
ENSG00000239345.2,0.0
ENSG00000239350.2,0.0
ENSG00000239351.1,0.0
ENSG00000239354.1,0.0
ENSG00000239356.3,0.0
ENSG00000239365.2,0.0
ENSG00000239367.2,0.0
ENSG00000239374.1,0.0
ENSG00000239377.2,0.0
ENSG00000239381.8,0.0
ENSG00000239382.11,12.565743
ENSG00000239383.1,0.0
ENSG00000239388.10,0.0
ENSG00000239389.8,0.0
ENSG00000239390.3,0.0
ENSG00000239392.2,0.0
ENSG00000239393.1,0.0
ENSG00000239395.2,0.0
ENSG00000239396.3,0.0
ENSG00000239397.1,0.0
ENSG00000239398.3,0.0
ENSG00000239402.4,0.0
ENSG00000239405.1,0.0
ENSG00000239408.1,0.0
ENSG00000239412.1,0.0
ENSG00000239413.1,0.0
ENSG00000239415.1,0.0
ENSG00000239419.3,3.779591
ENSG00000239426.4,0.0
ENSG00000239428.2,0.0
ENSG00000239432.1,0.0
ENSG00000239435.3,0.0
ENSG00000239437.3,0.0
ENSG00000239438.1,0.0
ENSG00000239439.1,0.0
ENSG00000239440.7,0.0
ENSG00000239443.1,0.0
ENSG00000239445.7,0.119118
ENSG00000239453.1,0.0
ENSG00000239454.1,0.0
ENSG00000239455.1,0.0
ENSG00000239457.6,0.0
ENSG00000239464.3,0.0
ENSG00000239465.1,0.0
ENSG00000239466.3,0.0
ENSG00000239468.3,0.0
ENSG00000239470.3,0.0
ENSG00000239471.3,0.0
ENSG00000239472.3,0.0
ENSG00000239473.1,0.0
ENSG00000239474.7,0.0
ENSG00000239480.1,0.636404
ENSG00000239481.1,0.0
ENSG00000239482.7,0.0
ENSG00000239483.1,0.0
ENSG00000239486.1,0.0
ENSG00000239490.1,0.0
ENSG00000239494.2,0.0
ENSG00000239503.1,0.0
ENSG00000239504.3,0.0
ENSG00000239508.1,0.0
ENSG00000239510.2,0.0
ENSG00000239511.2,0.0
ENSG00000239513.7,0.0
ENSG00000239516.1,0.0
ENSG00000239517.1,0.0
ENSG00000239519.1,0.0
ENSG00000239521.12,0.0
ENSG00000239523.10,3.131024
ENSG00000239524.2,0.0
ENSG00000239525.1,0.0
ENSG00000239527.1,0.0
ENSG00000239528.1,0.0
ENSG00000239532.1,0.0
ENSG00000239533.7,0.0
ENSG00000239539.1,0.0
ENSG00000239542.3,0.0
ENSG00000239544.1,0.0
ENSG00000239545.3,0.0
ENSG00000239547.3,0.0
ENSG00000239552.2,0.0
ENSG00000239553.3,0.0
ENSG00000239555.3,0.0
ENSG00000239556.4,0.0
ENSG00000239557.1,0.0
ENSG00000239559.2,0.0
ENSG00000239560.3,0.0
ENSG00000239568.1,0.0
ENSG00000239569.6,5.904415
ENSG00000239570.1,0.0
ENSG00000239571.1,1.639784
ENSG00000239572.4,0.0
ENSG00000239576.1,0.0
ENSG00000239577.3,0.0
ENSG00000239579.3,0.0
ENSG00000239580.3,0.0
ENSG00000239586.1,0.0
ENSG00000239589.8,0.0
ENSG00000239590.1,0.0
ENSG00000239593.2,0.0
ENSG00000239595.3,0.0
ENSG00000239600.1,0.0
ENSG00000239602.1,0.0
ENSG00000239605.11,0.155546
ENSG00000239607.3,0.0
ENSG00000239608.1,0.0
ENSG00000239614.1,0.0
ENSG00000239615.1,0.0
ENSG00000239617.1,2.147873
ENSG00000239618.7,0.0
ENSG00000239620.3,0.0
ENSG00000239622.1,0.0
ENSG00000239625.3,0.0
ENSG00000239626.1,0.0
ENSG00000239627.3,0.0
ENSG00000239628.1,0.0
ENSG00000239632.1,0.0
ENSG00000239636.4,9.504814
ENSG00000239640.3,0.0
ENSG00000239641.2,0.0
ENSG00000239642.6,0.178391
ENSG00000239648.1,0.0
ENSG00000239649.4,0.0
ENSG00000239650.4,0.0
ENSG00000239653.1,2.748984
ENSG00000239659.2,0.0
ENSG00000239661.1,0.0
ENSG00000239670.1,0.0
ENSG00000239671.1,0.0
ENSG00000239672.8,11.782204
ENSG00000239677.7,0.0
ENSG00000239679.3,0.0
ENSG00000239683.1,0.0
ENSG00000239684.2,0.0
ENSG00000239686.1,0.0
ENSG00000239689.1,0.0
ENSG00000239690.3,0.0
ENSG00000239694.1,0.0
ENSG00000239696.3,0.0
ENSG00000239697.12,86.68739
ENSG00000239699.1,0.0
ENSG00000239701.1,0.0
ENSG00000239702.3,0.0
ENSG00000239703.3,0.0
ENSG00000239704.12,3.118422
ENSG00000239705.3,0.0
ENSG00000239706.1,0.0
ENSG00000239708.3,0.0
ENSG00000239710.3,0.0
ENSG00000239713.9,73.240925
ENSG00000239715.1,0.0
ENSG00000239716.1,0.0
ENSG00000239718.1,0.0
ENSG00000239719.1,0.0
ENSG00000239722.1,0.0
ENSG00000239726.3,0.0
ENSG00000239731.3,0.0
ENSG00000239732.4,10.241502
ENSG00000239736.3,0.0
ENSG00000239739.1,0.0
ENSG00000239742.3,0.0
ENSG00000239744.3,0.0
ENSG00000239745.3,0.0
ENSG00000239748.3,0.0
ENSG00000239754.9,0.0
ENSG00000239756.5,0.0
ENSG00000239763.2,0.0
ENSG00000239767.3,0.0
ENSG00000239774.2,0.0
ENSG00000239775.1,6.702779
ENSG00000239779.7,59.922218
ENSG00000239780.1,0.0
ENSG00000239783.1,0.0
ENSG00000239789.6,3.625987
ENSG00000239791.3,0.293235
ENSG00000239792.2,0.0
ENSG00000239793.1,0.0
ENSG00000239794.3,0.0
ENSG00000239797.1,0.0
ENSG00000239799.1,0.0
ENSG00000239804.1,0.0
ENSG00000239805.1,0.0
ENSG00000239808.3,0.0
ENSG00000239809.1,0.0
ENSG00000239810.3,0.0
ENSG00000239819.2,0.0
ENSG00000239820.3,0.0
ENSG00000239821.3,0.0
ENSG00000239822.3,0.0
ENSG00000239823.2,0.0
ENSG00000239825.3,0.0
ENSG00000239827.9,0.0
ENSG00000239828.10,0.0
ENSG00000239829.1,0.0
ENSG00000239830.1,0.0
ENSG00000239831.1,0.0
ENSG00000239835.1,0.0
ENSG00000239836.7,1.318408
ENSG00000239839.7,365.789752
ENSG00000239840.1,0.0
ENSG00000239855.1,2.317181
ENSG00000239856.3,0.0
ENSG00000239857.7,33.460897
ENSG00000239861.1,0.0
ENSG00000239862.1,0.0
ENSG00000239865.6,0.0
ENSG00000239868.3,0.0
ENSG00000239870.1,0.0
ENSG00000239872.1,0.0
ENSG00000239873.2,0.0
ENSG00000239877.4,0.0
ENSG00000239880.1,0.0
ENSG00000239881.2,0.0
ENSG00000239882.8,0.17244
ENSG00000239883.10,0.123432
ENSG00000239884.3,2.137717
ENSG00000239886.5,0.0
ENSG00000239887.6,0.056559
ENSG00000239888.3,0.0
ENSG00000239893.4,0.0
ENSG00000239899.3,0.0
ENSG00000239900.14,33.609700000000004
ENSG00000239906.1,0.0
ENSG00000239908.3,0.0
ENSG00000239910.3,0.0
ENSG00000239911.5,1.336529
ENSG00000239912.1,0.0
ENSG00000239917.3,0.0
ENSG00000239919.1,0.0
ENSG00000239920.2,1.26758
ENSG00000239921.7,0.0
ENSG00000239922.3,0.0
ENSG00000239923.3,0.0
ENSG00000239924.1,0.0
ENSG00000239926.1,0.0
ENSG00000239927.6,17.147948
ENSG00000239930.2,0.0
ENSG00000239932.3,0.0
ENSG00000239939.1,0.0
ENSG00000239941.2,0.534186
ENSG00000239942.2,0.0
ENSG00000239944.1,0.0
ENSG00000239945.1,0.0
ENSG00000239946.1,0.0
ENSG00000239948.2,0.0
ENSG00000239951.1,130.338721
ENSG00000239953.3,0.0
ENSG00000239958.3,0.0
ENSG00000239959.1,0.0
ENSG00000239961.3,21.868405
ENSG00000239964.3,0.0
ENSG00000239967.1,0.0
ENSG00000239969.7,0.0
ENSG00000239975.3,0.0
ENSG00000239978.1,0.0
ENSG00000239981.1,0.0
ENSG00000239983.1,0.0
ENSG00000239984.3,0.0
ENSG00000239985.2,0.0
ENSG00000239986.2,0.0
ENSG00000239988.1,0.0
ENSG00000239989.1,0.0
ENSG00000239991.2,0.0
ENSG00000239992.1,0.0
ENSG00000239994.3,0.0
ENSG00000239995.2,0.0
ENSG00000239997.1,0.0
ENSG00000239998.7,28.471556
ENSG00000240002.1,0.0
ENSG00000240003.2,0.0
ENSG00000240005.8,0.0
ENSG00000240006.3,0.0
ENSG00000240008.1,0.0
ENSG00000240012.1,0.0
ENSG00000240014.3,0.0
ENSG00000240015.2,0.0
ENSG00000240021.10,0.0
ENSG00000240023.1,0.0
ENSG00000240024.8,0.0
ENSG00000240027.2,0.0
ENSG00000240031.2,0.0
ENSG00000240032.1,0.0
ENSG00000240033.1,0.0
ENSG00000240034.1,0.0
ENSG00000240036.4,0.0
ENSG00000240038.8,13.200519
ENSG00000240040.6,0.0
ENSG00000240041.1,0.0
ENSG00000240043.1,0.0
ENSG00000240045.2,0.0
ENSG00000240047.2,0.0
ENSG00000240048.1,0.0
ENSG00000240051.1,0.0
ENSG00000240052.1,0.0
ENSG00000240053.9,2.617011
ENSG00000240056.2,0.0
ENSG00000240057.9,0.788209
ENSG00000240058.3,0.0
ENSG00000240063.2,0.0
ENSG00000240065.9,61.227052
ENSG00000240068.1,0.0
ENSG00000240069.1,0.300774
ENSG00000240074.1,0.0
ENSG00000240083.2,0.0
ENSG00000240084.1,0.0
ENSG00000240086.8,0.0
ENSG00000240087.3,0.0
ENSG00000240089.2,0.0
ENSG00000240093.2,0.854835
ENSG00000240095.1,0.0
ENSG00000240096.1,0.0
ENSG00000240097.1,0.0
ENSG00000240098.3,0.0
ENSG00000240100.1,0.0
ENSG00000240103.2,0.0
ENSG00000240106.2,0.0
ENSG00000240107.1,0.0
ENSG00000240108.2,0.0
ENSG00000240116.3,0.0
ENSG00000240118.7,0.0
ENSG00000240121.1,0.0
ENSG00000240122.1,0.0
ENSG00000240125.1,0.0
ENSG00000240128.1,0.0
ENSG00000240131.1,0.0
ENSG00000240132.1,0.159451
ENSG00000240135.1,0.0
ENSG00000240137.9,0.195667
ENSG00000240138.1,0.0
ENSG00000240143.1,4.751645
ENSG00000240151.3,0.0
ENSG00000240152.2,1.25475
ENSG00000240156.1,0.0
ENSG00000240159.1,0.0
ENSG00000240160.3,0.0
ENSG00000240163.1,0.0
ENSG00000240167.1,0.0
ENSG00000240173.3,0.0
ENSG00000240174.1,0.0
ENSG00000240175.1,0.0
ENSG00000240179.1,0.0
ENSG00000240180.1,0.0
ENSG00000240183.3,0.0
ENSG00000240184.7,1.69038
ENSG00000240186.3,0.0
ENSG00000240189.3,0.0
ENSG00000240194.8,0.0
ENSG00000240197.1,0.0
ENSG00000240198.6,0.0
ENSG00000240199.3,0.0
ENSG00000240201.1,0.0
ENSG00000240202.3,0.0
ENSG00000240203.3,0.0
ENSG00000240204.3,0.0
ENSG00000240205.3,0.0
ENSG00000240207.8,0.6515219999999999
ENSG00000240210.3,0.0
ENSG00000240211.2,0.420151
ENSG00000240215.4,0.0
ENSG00000240216.8,0.0
ENSG00000240219.1,7.237372
ENSG00000240225.11,0.0
ENSG00000240230.6,5.0026
ENSG00000240231.1,0.0
ENSG00000240233.3,2.105727
ENSG00000240235.3,0.0
ENSG00000240236.1,0.0
ENSG00000240237.1,0.0
ENSG00000240238.1,0.0
ENSG00000240241.6,0.0
ENSG00000240244.3,0.0
ENSG00000240246.1,0.0
ENSG00000240247.8,0.0
ENSG00000240250.3,0.0
ENSG00000240253.7,0.0
ENSG00000240254.3,0.0
ENSG00000240255.1,0.0
ENSG00000240265.1,0.0
ENSG00000240268.7,0.0
ENSG00000240270.1,0.0
ENSG00000240271.1,0.0
ENSG00000240280.8,0.0
ENSG00000240281.2,0.0
ENSG00000240286.1,0.0
ENSG00000240288.8,1.499107
ENSG00000240291.2,2.88868
ENSG00000240294.2,0.0
ENSG00000240296.1,0.0
ENSG00000240298.3,0.0
ENSG00000240299.3,0.0
ENSG00000240302.3,0.0
ENSG00000240303.8,3.897641
ENSG00000240305.1,0.0
ENSG00000240306.2,0.0
ENSG00000240309.1,0.0
ENSG00000240311.1,0.0
ENSG00000240317.3,0.0
ENSG00000240320.1,0.0
ENSG00000240322.3,0.0
ENSG00000240327.3,0.0
ENSG00000240328.1,0.0
ENSG00000240338.7,0.0
ENSG00000240342.3,225.799291
ENSG00000240344.10,9.080757
ENSG00000240347.3,0.0
ENSG00000240350.4,0.0
ENSG00000240354.2,0.0
ENSG00000240356.7,10.5974
ENSG00000240359.1,0.0
ENSG00000240361.3,0.0
ENSG00000240364.1,0.0
ENSG00000240366.1,0.0
ENSG00000240370.7,0.0
ENSG00000240371.1,0.0
ENSG00000240373.1,0.0
ENSG00000240374.3,0.0
ENSG00000240375.1,0.0
ENSG00000240376.1,0.0
ENSG00000240382.3,10.530248
ENSG00000240385.1,0.0
ENSG00000240386.4,0.0
ENSG00000240388.2,0.0
ENSG00000240389.5,0.0
ENSG00000240392.1,0.0
ENSG00000240393.1,0.0
ENSG00000240395.1,0.0
ENSG00000240399.2,0.0
ENSG00000240403.6,0.0
ENSG00000240404.2,0.0
ENSG00000240405.8,0.0
ENSG00000240409.1,0.0
ENSG00000240411.2,0.0
ENSG00000240412.1,0.0
ENSG00000240416.1,0.0
ENSG00000240418.1,0.0
ENSG00000240419.1,0.0
ENSG00000240423.4,0.0
ENSG00000240424.2,0.0
ENSG00000240426.1,0.0
ENSG00000240427.1,0.0
ENSG00000240429.1,0.108624
ENSG00000240432.4,0.0
ENSG00000240435.2,2.913702
ENSG00000240436.1,0.0
ENSG00000240438.2,0.0
ENSG00000240439.3,0.0
ENSG00000240441.1,0.0
ENSG00000240443.1,0.0
ENSG00000240445.6,0.131835
ENSG00000240449.2,0.169935
ENSG00000240452.1,0.0
ENSG00000240454.1,0.0
ENSG00000240457.3,0.0
ENSG00000240458.1,0.0
ENSG00000240459.2,0.0
ENSG00000240463.1,0.887716
ENSG00000240470.3,0.0
ENSG00000240471.1,0.0
ENSG00000240474.3,0.0
ENSG00000240476.3,4.248884
ENSG00000240477.1,0.0
ENSG00000240478.1,0.0
ENSG00000240480.2,0.0
ENSG00000240481.3,0.0
ENSG00000240484.1,0.0
ENSG00000240486.2,0.0
ENSG00000240487.1,0.0
ENSG00000240489.1,0.0
ENSG00000240490.3,0.0
ENSG00000240494.2,0.0
ENSG00000240497.4,2.299132
ENSG00000240498.10,0.5662419999999999
ENSG00000240499.7,0.0
ENSG00000240502.2,0.0
ENSG00000240505.9,0.181006
ENSG00000240508.7,1.812908
ENSG00000240509.1,0.0
ENSG00000240511.1,0.0
ENSG00000240513.1,0.0
ENSG00000240518.2,0.0
ENSG00000240519.1,0.0
ENSG00000240520.8,0.0
ENSG00000240521.1,0.0
ENSG00000240522.1,0.0
ENSG00000240527.1,0.0
ENSG00000240531.1,0.0
ENSG00000240533.3,0.0
ENSG00000240534.1,0.0
ENSG00000240535.8,0.0
ENSG00000240540.2,0.0
ENSG00000240541.4,0.0
ENSG00000240542.6,0.0
ENSG00000240545.3,0.0
ENSG00000240549.2,0.0
ENSG00000240553.1,0.0
ENSG00000240554.1,0.0
ENSG00000240562.2,0.0
ENSG00000240563.3,0.141707
ENSG00000240566.1,0.0
ENSG00000240567.1,0.0
ENSG00000240568.1,0.0
ENSG00000240571.1,0.0
ENSG00000240572.1,0.0
ENSG00000240573.1,0.0
ENSG00000240577.3,0.0
ENSG00000240578.1,0.0
ENSG00000240579.1,0.0
ENSG00000240583.14,4.853213
ENSG00000240584.3,0.0
ENSG00000240589.3,0.0
ENSG00000240590.1,0.0
ENSG00000240591.2,1.245841
ENSG00000240592.5,0.56692
ENSG00000240596.1,0.0
ENSG00000240601.1,0.0
ENSG00000240602.10,0.0
ENSG00000240606.3,0.0
ENSG00000240611.1,0.0
ENSG00000240613.3,0.0
ENSG00000240616.1,0.0
ENSG00000240621.1,0.0
ENSG00000240622.1,0.0
ENSG00000240624.1,0.0
ENSG00000240625.3,0.0
ENSG00000240626.3,0.0
ENSG00000240627.1,0.0
ENSG00000240631.1,0.0
ENSG00000240632.7,0.0
ENSG00000240634.1,0.0
ENSG00000240637.3,0.0
ENSG00000240639.3,0.0
ENSG00000240641.3,0.0
ENSG00000240647.3,0.0
ENSG00000240651.1,0.0
ENSG00000240652.1,0.0
ENSG00000240654.6,0.0
ENSG00000240661.4,0.0
ENSG00000240663.3,0.0
ENSG00000240665.1,0.0
ENSG00000240666.2,0.349476
ENSG00000240667.1,0.0
ENSG00000240668.1,0.0
ENSG00000240669.1,0.0
ENSG00000240671.4,4.256696
ENSG00000240673.1,0.0
ENSG00000240674.1,0.0
ENSG00000240677.1,0.0
ENSG00000240680.1,0.0
ENSG00000240682.10,19.894127
ENSG00000240684.1,0.0
ENSG00000240687.5,0.0
ENSG00000240692.3,0.0
ENSG00000240694.9,0.048984
ENSG00000240695.1,0.0
ENSG00000240698.1,0.0
ENSG00000240704.1,0.0
ENSG00000240707.4,0.0
ENSG00000240708.3,0.0
ENSG00000240710.1,0.0
ENSG00000240713.3,0.0
ENSG00000240718.3,0.0
ENSG00000240720.10,0.0
ENSG00000240721.2,0.0
ENSG00000240723.3,0.0
ENSG00000240724.2,0.0
ENSG00000240729.1,0.0
ENSG00000240731.1,2.25101
ENSG00000240733.3,0.0
ENSG00000240738.1,0.0
ENSG00000240739.1,0.0
ENSG00000240747.9,0.0
ENSG00000240750.3,0.0
ENSG00000240751.1,0.0
ENSG00000240752.1,0.0
ENSG00000240755.1,0.0
ENSG00000240758.3,0.0
ENSG00000240759.1,0.0
ENSG00000240760.1,0.0
ENSG00000240761.2,0.0
ENSG00000240764.4,0.0
ENSG00000240766.1,0.0
ENSG00000240767.3,0.0
ENSG00000240770.6,0.0
ENSG00000240771.8,0.0
ENSG00000240772.3,0.0
ENSG00000240774.1,0.0
ENSG00000240775.1,0.0
ENSG00000240776.1,0.0
ENSG00000240777.2,0.0
ENSG00000240785.3,0.0
ENSG00000240787.1,0.0
ENSG00000240790.4,0.0
ENSG00000240791.1,0.0
ENSG00000240792.2,0.0
ENSG00000240793.1,0.0
ENSG00000240796.1,0.0
ENSG00000240801.1,0.0
ENSG00000240803.3,0.0
ENSG00000240804.1,0.0
ENSG00000240808.1,0.0
ENSG00000240809.1,2.189227
ENSG00000240813.2,0.0
ENSG00000240821.1,0.0
ENSG00000240823.3,0.0
ENSG00000240824.1,0.0
ENSG00000240827.1,0.0
ENSG00000240828.1,0.0
ENSG00000240837.3,0.0
ENSG00000240842.2,0.0
ENSG00000240846.2,0.0
ENSG00000240847.3,0.0
ENSG00000240849.11,14.659791
ENSG00000240853.3,0.0
ENSG00000240854.1,0.0
ENSG00000240857.2,2.112264
ENSG00000240859.4,5.667876
ENSG00000240861.1,0.0
ENSG00000240863.3,0.0
ENSG00000240864.3,19.785134
ENSG00000240868.1,0.0
ENSG00000240869.3,0.0
ENSG00000240870.2,0.0
ENSG00000240871.7,0.0
ENSG00000240873.1,0.0
ENSG00000240874.1,0.0
ENSG00000240877.3,0.0
ENSG00000240881.1,0.0
ENSG00000240882.1,0.0
ENSG00000240888.1,0.0
ENSG00000240889.2,0.457984
ENSG00000240890.2,0.108163
ENSG00000240891.8,0.442837
ENSG00000240893.2,0.121462
ENSG00000240895.1,0.0
ENSG00000240898.1,0.0
ENSG00000240902.1,0.0
ENSG00000240905.3,0.0
ENSG00000240912.1,0.0
ENSG00000240914.1,0.0
ENSG00000240915.2,0.627196
ENSG00000240919.1,0.0
ENSG00000240922.2,0.0
ENSG00000240924.5,0.0
ENSG00000240925.1,0.0
ENSG00000240927.3,0.0
ENSG00000240934.2,0.0
ENSG00000240935.9,0.0
ENSG00000240936.3,0.0
ENSG00000240940.3,0.0
ENSG00000240950.1,0.0
ENSG00000240951.1,0.0
ENSG00000240954.1,0.204673
ENSG00000240959.1,0.0
ENSG00000240960.1,0.0
ENSG00000240961.3,0.0
ENSG00000240963.1,0.0
ENSG00000240964.3,0.0
ENSG00000240966.3,0.0
ENSG00000240970.1,0.0
ENSG00000240972.2,219.584026
ENSG00000240973.2,0.0
ENSG00000240974.1,0.0
ENSG00000240975.1,0.0
ENSG00000240977.3,0.0
ENSG00000240980.2,0.0
ENSG00000240983.1,0.0
ENSG00000240990.10,0.0
ENSG00000240991.3,0.0
ENSG00000240992.1,0.0
ENSG00000240993.3,0.0
ENSG00000240995.2,0.0
ENSG00000240997.3,0.0
ENSG00000241002.1,0.0
ENSG00000241003.1,0.0
ENSG00000241007.1,0.0
ENSG00000241008.1,0.0
ENSG00000241011.1,0.0
ENSG00000241014.3,0.0
ENSG00000241015.3,0.0
ENSG00000241018.1,0.0
ENSG00000241020.1,0.0
ENSG00000241022.1,0.0
ENSG00000241026.1,0.0
ENSG00000241030.1,0.0
ENSG00000241032.3,0.0
ENSG00000241035.2,0.0
ENSG00000241037.3,0.0
ENSG00000241042.2,0.0
ENSG00000241045.1,0.0
ENSG00000241048.2,0.0
ENSG00000241052.1,0.0
ENSG00000241053.5,0.0
ENSG00000241054.2,0.0
ENSG00000241057.2,0.0
ENSG00000241058.4,2.4169780000000003
ENSG00000241059.2,0.0
ENSG00000241061.3,0.0
ENSG00000241064.3,0.0
ENSG00000241067.2,0.0
ENSG00000241069.1,0.0
ENSG00000241073.1,0.0
ENSG00000241074.3,0.0
ENSG00000241081.1,0.0
ENSG00000241082.3,0.0
ENSG00000241088.2,0.0
ENSG00000241095.1,0.0
ENSG00000241097.2,0.0
ENSG00000241098.2,0.0
ENSG00000241101.1,0.0
ENSG00000241102.1,0.0
ENSG00000241103.1,0.0
ENSG00000241104.6,0.0
ENSG00000241105.1,0.0
ENSG00000241106.8,1.779824
ENSG00000241111.2,0.0
ENSG00000241112.1,0.0
ENSG00000241114.1,0.0
ENSG00000241119.2,0.0
ENSG00000241120.1,0.0
ENSG00000241123.1,0.0
ENSG00000241127.9,1.309388
ENSG00000241128.3,0.0
ENSG00000241129.4,0.0
ENSG00000241130.1,0.0
ENSG00000241131.3,0.0
ENSG00000241132.7,7.45427
ENSG00000241134.3,0.0
ENSG00000241135.9,2.25044
ENSG00000241136.1,0.0
ENSG00000241143.1,0.0
ENSG00000241144.3,0.0
ENSG00000241146.1,0.0
ENSG00000241149.4,0.0
ENSG00000241151.2,0.0
ENSG00000241152.3,0.0
ENSG00000241155.2,0.0
ENSG00000241156.3,0.0
ENSG00000241157.1,7.695603
ENSG00000241158.7,0.0
ENSG00000241159.3,0.0
ENSG00000241162.3,0.0
ENSG00000241163.11,30.682577
ENSG00000241166.7,0.0
ENSG00000241168.1,0.541474
ENSG00000241169.1,0.0
ENSG00000241170.4,0.0
ENSG00000241172.3,0.0
ENSG00000241174.3,0.0
ENSG00000241175.3,0.0
ENSG00000241179.1,0.0
ENSG00000241183.1,0.0
ENSG00000241185.3,0.0
ENSG00000241186.10,0.0
ENSG00000241187.1,0.0
ENSG00000241188.3,0.0
ENSG00000241198.3,0.0
ENSG00000241200.1,0.0
ENSG00000241202.2,0.0
ENSG00000241203.1,0.0
ENSG00000241204.1,0.0
ENSG00000241207.1,0.0
ENSG00000241211.2,0.0
ENSG00000241213.3,0.0
ENSG00000241216.1,0.0
ENSG00000241217.3,0.0
ENSG00000241218.1,0.0
ENSG00000241219.3,0.0
ENSG00000241220.2,0.0
ENSG00000241221.2,0.0
ENSG00000241223.3,0.0
ENSG00000241224.8,0.0
ENSG00000241225.2,0.0
ENSG00000241226.3,0.0
ENSG00000241227.3,0.0
ENSG00000241228.1,0.0
ENSG00000241229.3,0.0
ENSG00000241230.3,0.0
ENSG00000241231.3,0.0
ENSG00000241233.4,0.0
ENSG00000241241.1,0.0
ENSG00000241243.3,0.0
ENSG00000241244.1,2.44539
ENSG00000241246.3,0.0
ENSG00000241248.3,0.0
ENSG00000241250.1,0.0
ENSG00000241251.2,0.0
ENSG00000241253.8,0.0
ENSG00000241255.1,0.0
ENSG00000241257.1,0.0
ENSG00000241258.8,15.720471
ENSG00000241261.1,0.0
ENSG00000241269.1,0.0
ENSG00000241278.1,0.0
ENSG00000241281.1,0.0
ENSG00000241282.1,0.0
ENSG00000241286.2,0.0
ENSG00000241288.9,1.694995
ENSG00000241291.3,0.0
ENSG00000241293.1,0.0
ENSG00000241294.1,6.626492
ENSG00000241295.1,0.0
ENSG00000241296.8,0.0
ENSG00000241305.1,0.0
ENSG00000241307.1,0.0
ENSG00000241313.3,0.0
ENSG00000241316.9,0.120084
ENSG00000241318.3,0.0
ENSG00000241319.1,0.0
ENSG00000241322.11,0.03025
ENSG00000241324.2,0.0
ENSG00000241326.1,3.36369
ENSG00000241328.1,0.0
ENSG00000241333.3,0.0
ENSG00000241334.2,0.0
ENSG00000241336.3,0.0
ENSG00000241343.10,49.359286
ENSG00000241344.1,0.0
ENSG00000241345.1,0.0
ENSG00000241346.1,0.0
ENSG00000241347.3,0.0
ENSG00000241350.1,0.0
ENSG00000241351.3,72.688796
ENSG00000241352.3,0.0
ENSG00000241353.3,0.0
ENSG00000241354.2,0.0
ENSG00000241356.2,0.0
ENSG00000241357.1,0.0
ENSG00000241358.2,0.0
ENSG00000241359.2,0.0
ENSG00000241360.2,1.533714
ENSG00000241361.9,0.0
ENSG00000241362.2,0.0
ENSG00000241367.1,0.0
ENSG00000241369.7,0.0
ENSG00000241370.6,0.921298
ENSG00000241383.3,0.0
ENSG00000241385.1,0.0
ENSG00000241386.6,0.0
ENSG00000241388.7,0.196443
ENSG00000241391.3,0.0
ENSG00000241392.3,0.0
ENSG00000241394.7,0.0
ENSG00000241395.3,0.0
ENSG00000241397.1,0.0
ENSG00000241399.7,27.126862
ENSG00000241400.1,0.0
ENSG00000241404.7,0.0
ENSG00000241406.3,0.0
ENSG00000241408.1,0.0
ENSG00000241409.1,0.0
ENSG00000241411.1,0.0
ENSG00000241413.3,0.0
ENSG00000241416.1,0.0
ENSG00000241418.1,0.0
ENSG00000241420.3,0.0
ENSG00000241423.2,0.0
ENSG00000241429.1,0.0
ENSG00000241431.2,0.0
ENSG00000241434.1,8.832807
ENSG00000241438.1,0.0
ENSG00000241439.1,0.0
ENSG00000241449.7,0.0
ENSG00000241451.2,0.0
ENSG00000241456.1,0.0
ENSG00000241457.1,0.0
ENSG00000241458.1,0.0
ENSG00000241461.3,0.0
ENSG00000241462.1,0.0
ENSG00000241464.3,0.0
ENSG00000241468.8,310.507774
ENSG00000241469.10,0.0
ENSG00000241472.9,0.0
ENSG00000241473.1,0.0
ENSG00000241476.9,0.0
ENSG00000241478.1,0.0
ENSG00000241479.1,0.0
ENSG00000241484.10,0.0
ENSG00000241487.3,0.0
ENSG00000241489.8,3.2623670000000002
ENSG00000241490.2,0.764398
ENSG00000241493.1,0.0
ENSG00000241494.1,0.0
ENSG00000241499.1,0.0
ENSG00000241505.1,0.0
ENSG00000241506.1,2.014137
ENSG00000241511.1,0.0
ENSG00000241524.3,0.0
ENSG00000241525.4,0.0
ENSG00000241526.1,0.0
ENSG00000241527.1,0.0
ENSG00000241529.3,0.0
ENSG00000241532.1,0.0
ENSG00000241534.9,0.0
ENSG00000241535.1,0.0
ENSG00000241537.1,0.0
ENSG00000241539.1,0.0
ENSG00000241542.3,0.0
ENSG00000241544.3,0.0
ENSG00000241546.1,0.0
ENSG00000241547.1,0.0
ENSG00000241549.9,0.374285
ENSG00000241550.3,0.0
ENSG00000241552.3,0.0
ENSG00000241553.13,609.8013940000001
ENSG00000241556.1,0.0
ENSG00000241560.8,0.446293
ENSG00000241562.2,0.0
ENSG00000241563.4,0.0
ENSG00000241566.1,0.0
ENSG00000241568.3,0.0
ENSG00000241570.8,0.426598
ENSG00000241571.2,0.0
ENSG00000241573.1,0.0
ENSG00000241577.1,0.0
ENSG00000241582.1,0.0
ENSG00000241587.3,0.0
ENSG00000241588.3,0.0
ENSG00000241590.1,0.0
ENSG00000241592.1,0.0
ENSG00000241593.6,0.0
ENSG00000241595.2,0.0
ENSG00000241596.1,0.0
ENSG00000241597.2,0.0
ENSG00000241598.6,0.0
ENSG00000241599.1,0.0
ENSG00000241604.3,0.0
ENSG00000241607.1,0.0
ENSG00000241612.1,0.0
ENSG00000241613.3,0.0
ENSG00000241621.1,0.0
ENSG00000241622.1,0.0
ENSG00000241625.3,0.0
ENSG00000241627.3,0.0
ENSG00000241631.3,0.0
ENSG00000241634.1,0.0
ENSG00000241635.8,0.0
ENSG00000241640.2,0.0
ENSG00000241641.1,0.0
ENSG00000241644.2,0.187812
ENSG00000241648.1,0.0
ENSG00000241651.4,0.0
ENSG00000241652.3,0.0
ENSG00000241654.1,0.0
ENSG00000241656.1,0.0
ENSG00000241657.2,6.108804
ENSG00000241661.1,0.0
ENSG00000241665.3,0.0
ENSG00000241666.3,0.095356
ENSG00000241667.1,0.0
ENSG00000241668.2,0.0
ENSG00000241669.1,0.0
ENSG00000241671.1,0.0
ENSG00000241673.1,0.0
ENSG00000241674.8,0.0
ENSG00000241678.1,1.545075
ENSG00000241679.3,2.32705
ENSG00000241680.1,0.0
ENSG00000241684.9,0.0
ENSG00000241685.10,53.759103
ENSG00000241690.3,0.0
ENSG00000241693.2,0.0
ENSG00000241695.1,0.0
ENSG00000241696.3,0.0
ENSG00000241697.5,0.0
ENSG00000241701.5,0.0
ENSG00000241709.3,0.0
ENSG00000241713.7,0.0
ENSG00000241717.1,0.0
ENSG00000241720.2,0.0
ENSG00000241721.1,0.0
ENSG00000241722.2,0.0
ENSG00000241723.1,0.0
ENSG00000241728.5,2.419845
ENSG00000241735.3,0.0
ENSG00000241738.1,0.0
ENSG00000241739.1,0.0
ENSG00000241741.1,0.0
ENSG00000241743.5,0.058532
ENSG00000241744.1,0.0
ENSG00000241745.3,0.0
ENSG00000241746.1,0.0
ENSG00000241749.5,0.0
ENSG00000241754.3,0.0
ENSG00000241755.1,33.434942
ENSG00000241756.3,0.0
ENSG00000241757.3,0.0
ENSG00000241764.6,4.930929
ENSG00000241765.2,0.0
ENSG00000241767.3,0.0
ENSG00000241769.7,3.9676799999999997
ENSG00000241776.1,0.0
ENSG00000241777.1,0.0
ENSG00000241779.6,19.968051000000003
ENSG00000241782.1,0.78601
ENSG00000241785.3,0.0
ENSG00000241787.1,0.0
ENSG00000241788.2,0.0
ENSG00000241789.3,0.0
ENSG00000241790.2,0.0
ENSG00000241791.3,0.0
ENSG00000241794.2,0.0
ENSG00000241804.1,0.0
ENSG00000241807.3,0.0
ENSG00000241808.1,0.0
ENSG00000241809.1,0.0
ENSG00000241810.1,0.0
ENSG00000241815.1,0.0
ENSG00000241818.2,0.0
ENSG00000241821.3,0.0
ENSG00000241825.2,0.0
ENSG00000241828.2,0.0
ENSG00000241829.1,0.0
ENSG00000241832.2,0.0
ENSG00000241834.3,0.0
ENSG00000241837.7,65.91866
ENSG00000241838.3,0.0
ENSG00000241839.10,163.050097
ENSG00000241846.1,0.0
ENSG00000241852.11,8.094138
ENSG00000241853.1,0.0
ENSG00000241859.8,0.0
ENSG00000241860.8,32.051683
ENSG00000241861.2,0.0
ENSG00000241863.6,0.0
ENSG00000241866.3,0.0
ENSG00000241868.3,0.0
ENSG00000241869.3,0.0
ENSG00000241870.1,0.0
ENSG00000241874.1,0.0
ENSG00000241877.1,0.0
ENSG00000241878.12,178.757714
ENSG00000241879.1,0.0
ENSG00000241881.2,0.0
ENSG00000241882.1,0.0
ENSG00000241884.2,0.0
ENSG00000241886.1,1.200882
ENSG00000241888.2,0.0
ENSG00000241889.1,0.410883
ENSG00000241890.1,0.0
ENSG00000241891.1,0.0
ENSG00000241899.1,0.0
ENSG00000241905.1,0.0
ENSG00000241907.1,0.0
ENSG00000241910.5,12.158204
ENSG00000241911.1,0.0
ENSG00000241913.1,0.0
ENSG00000241917.1,0.0
ENSG00000241921.1,0.0
ENSG00000241923.2,0.0
ENSG00000241926.1,0.0
ENSG00000241929.1,0.0
ENSG00000241932.1,0.0
ENSG00000241933.2,0.0
ENSG00000241935.9,0.762312
ENSG00000241939.3,0.0
ENSG00000241941.2,0.0
ENSG00000241942.2,0.0
ENSG00000241943.2,0.0
ENSG00000241945.8,1.626906
ENSG00000241946.1,0.0
ENSG00000241947.1,0.0
ENSG00000241950.1,0.0
ENSG00000241954.1,0.0
ENSG00000241956.12,0.821475
ENSG00000241959.3,0.0
ENSG00000241961.1,0.0
ENSG00000241962.9,0.0
ENSG00000241963.3,0.0
ENSG00000241964.3,0.0
ENSG00000241965.2,0.0
ENSG00000241973.11,41.842339
ENSG00000241975.1,0.0
ENSG00000241981.2,0.0
ENSG00000241983.3,1.889796
ENSG00000241984.2,0.0
ENSG00000241985.1,0.0
ENSG00000241991.1,0.0
ENSG00000241992.3,0.0
ENSG00000241993.1,0.0
ENSG00000241997.3,0.0
ENSG00000242001.1,0.0
ENSG00000242009.3,0.0
ENSG00000242012.2,0.0
ENSG00000242014.3,0.0
ENSG00000242017.1,0.0
ENSG00000242019.2,0.0
ENSG00000242020.3,0.0
ENSG00000242022.8,0.0
ENSG00000242028.9,6.010076
ENSG00000242029.1,0.0
ENSG00000242034.1,0.0
ENSG00000242036.1,0.0
ENSG00000242038.5,0.0
ENSG00000242041.1,0.0
ENSG00000242042.1,0.0
ENSG00000242044.1,0.0
ENSG00000242048.3,0.101449
ENSG00000242049.2,0.0
ENSG00000242052.1,0.0
ENSG00000242058.2,0.0
ENSG00000242060.1,0.0
ENSG00000242061.1,0.0
ENSG00000242062.1,0.0
ENSG00000242065.3,0.0
ENSG00000242066.3,0.0
ENSG00000242067.1,0.0
ENSG00000242068.1,0.0
ENSG00000242070.1,0.0
ENSG00000242071.3,0.0
ENSG00000242072.1,0.0
ENSG00000242073.2,0.0
ENSG00000242076.3,26.043437
ENSG00000242078.1,0.0
ENSG00000242079.1,0.0
ENSG00000242080.1,0.0
ENSG00000242082.2,0.0
ENSG00000242083.2,0.0
ENSG00000242085.1,0.0
ENSG00000242086.9,17.539824
ENSG00000242087.2,0.0
ENSG00000242088.1,0.0
ENSG00000242092.8,0.0
ENSG00000242094.1,0.0
ENSG00000242097.1,0.0
ENSG00000242100.2,0.0
ENSG00000242101.3,0.0
ENSG00000242102.3,0.0
ENSG00000242103.1,0.0
ENSG00000242104.6,0.0
ENSG00000242107.3,0.0
ENSG00000242109.1,0.0
ENSG00000242110.9,7.81077
ENSG00000242111.2,0.0
ENSG00000242113.3,0.0
ENSG00000242114.6,18.816807
ENSG00000242118.3,0.0
ENSG00000242119.1,0.0
ENSG00000242120.4,0.0
ENSG00000242121.3,0.0
ENSG00000242123.1,0.0
ENSG00000242125.3,6.409608
ENSG00000242134.2,0.0
ENSG00000242135.2,0.0
ENSG00000242136.2,0.0
ENSG00000242137.1,0.0
ENSG00000242138.1,0.0
ENSG00000242140.1,0.0
ENSG00000242142.1,0.360236
ENSG00000242145.2,0.0
ENSG00000242147.4,0.0
ENSG00000242151.1,0.0
ENSG00000242152.1,0.0
ENSG00000242153.8,0.0
ENSG00000242154.1,0.0
ENSG00000242156.1,0.0
ENSG00000242158.3,0.0
ENSG00000242159.1,0.0
ENSG00000242162.1,0.0
ENSG00000242163.1,0.0
ENSG00000242165.3,0.0
ENSG00000242169.2,0.0
ENSG00000242170.3,0.0
ENSG00000242173.10,0.0
ENSG00000242175.3,0.0
ENSG00000242176.1,0.0
ENSG00000242178.1,0.0
ENSG00000242182.3,0.0
ENSG00000242190.1,0.0
ENSG00000242193.12,0.0
ENSG00000242195.1,0.0
ENSG00000242197.2,0.0
ENSG00000242198.1,0.0
ENSG00000242199.1,0.0
ENSG00000242201.3,0.0
ENSG00000242206.2,0.0
ENSG00000242207.1,0.0
ENSG00000242208.1,0.0
ENSG00000242209.1,0.0
ENSG00000242214.1,0.0
ENSG00000242216.3,0.0
ENSG00000242220.9,0.284239
ENSG00000242221.9,0.0
ENSG00000242222.1,0.0
ENSG00000242229.1,0.0
ENSG00000242236.2,0.0
ENSG00000242241.3,0.0
ENSG00000242242.8,0.0
ENSG00000242244.1,0.0
ENSG00000242246.2,0.0
ENSG00000242247.11,15.743706000000001
ENSG00000242248.2,0.0
ENSG00000242251.3,0.0
ENSG00000242252.2,0.650826
ENSG00000242255.1,0.0
ENSG00000242256.3,0.0
ENSG00000242258.3,0.697662
ENSG00000242259.9,10.259817
ENSG00000242261.1,0.0
ENSG00000242262.1,0.0
ENSG00000242265.6,0.0
ENSG00000242266.3,0.0
ENSG00000242267.7,0.0
ENSG00000242268.4,0.088345
ENSG00000242272.1,0.0
ENSG00000242276.2,0.0
ENSG00000242278.1,0.0
ENSG00000242279.1,0.0
ENSG00000242280.1,0.0
ENSG00000242281.3,0.0
ENSG00000242282.7,1.758068
ENSG00000242285.1,0.0
ENSG00000242288.9,0.0
ENSG00000242289.1,0.0
ENSG00000242290.2,0.0
ENSG00000242291.1,0.0
ENSG00000242292.2,0.0
ENSG00000242293.1,0.0
ENSG00000242294.7,0.0
ENSG00000242295.1,0.0
ENSG00000242296.3,0.0
ENSG00000242299.1,0.0
ENSG00000242307.1,0.0
ENSG00000242308.2,0.0
ENSG00000242314.1,0.0
ENSG00000242315.3,0.0
ENSG00000242317.1,0.0
ENSG00000242318.1,0.0
ENSG00000242320.2,0.0
ENSG00000242321.1,0.0
ENSG00000242324.1,1.350464
ENSG00000242325.1,0.0
ENSG00000242326.1,0.0
ENSG00000242327.1,0.0
ENSG00000242329.1,0.0
ENSG00000242330.3,0.0
ENSG00000242337.8,0.160952
ENSG00000242338.7,0.0
ENSG00000242339.2,0.0
ENSG00000242341.3,0.0
ENSG00000242348.3,0.0
ENSG00000242352.2,0.0
ENSG00000242353.1,0.0
ENSG00000242358.1,0.0
ENSG00000242360.3,0.0
ENSG00000242361.7,354.03336
ENSG00000242364.1,0.0
ENSG00000242365.1,0.0
ENSG00000242366.4,0.0
ENSG00000242370.1,0.0
ENSG00000242371.1,0.0
ENSG00000242372.9,153.171408
ENSG00000242381.3,0.0
ENSG00000242385.2,0.0
ENSG00000242386.8,12.53565
ENSG00000242387.1,0.0
ENSG00000242389.9,0.0
ENSG00000242390.1,0.0
ENSG00000242391.2,0.0
ENSG00000242393.1,0.0
ENSG00000242398.3,0.0
ENSG00000242399.1,0.0
ENSG00000242405.2,0.0
ENSG00000242407.1,0.0
ENSG00000242411.2,0.0
ENSG00000242412.2,0.0
ENSG00000242417.1,0.0
ENSG00000242419.6,0.0
ENSG00000242423.2,0.0
ENSG00000242428.7,0.0
ENSG00000242430.3,2.25732
ENSG00000242431.2,0.0
ENSG00000242435.1,0.0
ENSG00000242436.3,0.0
ENSG00000242439.1,0.0
ENSG00000242440.3,0.0
ENSG00000242441.8,0.0
ENSG00000242444.4,0.0
ENSG00000242445.1,0.0
ENSG00000242456.1,0.0
ENSG00000242457.1,0.0
ENSG00000242461.1,0.0
ENSG00000242472.1,0.0
ENSG00000242473.1,0.0
ENSG00000242474.4,0.936388
ENSG00000242477.1,0.0
ENSG00000242479.1,0.0
ENSG00000242482.3,0.0
ENSG00000242483.3,0.0
ENSG00000242485.6,77.68952
ENSG00000242488.2,0.0
ENSG00000242493.3,0.0
ENSG00000242498.8,0.969798
ENSG00000242507.7,0.0
ENSG00000242509.3,0.0
ENSG00000242510.1,0.0
ENSG00000242511.1,0.0
ENSG00000242512.10,0.166823
ENSG00000242515.6,0.0
ENSG00000242516.5,0.0
ENSG00000242520.7,0.0
ENSG00000242522.2,0.0
ENSG00000242524.1,0.0
ENSG00000242525.1,0.810238
ENSG00000242527.1,0.0
ENSG00000242529.1,0.0
ENSG00000242531.1,0.0
ENSG00000242534.3,0.0
ENSG00000242536.3,0.0
ENSG00000242537.1,0.0
ENSG00000242539.2,0.602213
ENSG00000242540.3,0.0
ENSG00000242545.1,0.0
ENSG00000242547.3,0.0
ENSG00000242550.7,0.339697
ENSG00000242551.2,0.0
ENSG00000242552.1,0.0
ENSG00000242553.3,0.0
ENSG00000242559.3,0.0
ENSG00000242560.3,0.0
ENSG00000242561.1,0.0
ENSG00000242562.1,0.0
ENSG00000242565.3,0.0
ENSG00000242568.2,0.0
ENSG00000242571.1,0.763535
ENSG00000242573.1,0.0
ENSG00000242574.9,169.53018699999998
ENSG00000242575.1,0.0
ENSG00000242578.1,0.47086
ENSG00000242580.1,0.0
ENSG00000242583.1,0.43073
ENSG00000242586.1,0.0
ENSG00000242588.8,13.269298
ENSG00000242590.1,0.0
ENSG00000242593.9,0.0
ENSG00000242595.1,0.0
ENSG00000242598.1,0.0
ENSG00000242599.8,0.0
ENSG00000242600.9,0.0
ENSG00000242602.1,0.0
ENSG00000242607.1,0.0
ENSG00000242608.1,0.0
ENSG00000242609.1,0.0
ENSG00000242610.2,0.0
ENSG00000242611.3,0.0
ENSG00000242612.7,7.381437
ENSG00000242613.1,0.0
ENSG00000242614.3,0.0
ENSG00000242615.2,0.0
ENSG00000242616.4,29.750862
ENSG00000242618.2,0.0
ENSG00000242622.5,1.469225
ENSG00000242628.7,0.04977
ENSG00000242634.1,0.0
ENSG00000242635.2,0.0
ENSG00000242636.1,0.0
ENSG00000242638.3,0.0
ENSG00000242640.1,0.0
ENSG00000242641.7,0.0
ENSG00000242650.3,0.0
ENSG00000242651.3,0.0
ENSG00000242653.3,0.0
ENSG00000242654.1,0.0
ENSG00000242657.3,0.0
ENSG00000242659.1,0.0
ENSG00000242660.1,0.0
ENSG00000242661.1,0.377358
ENSG00000242667.1,0.0
ENSG00000242668.3,0.0
ENSG00000242670.1,0.0
ENSG00000242671.2,0.0
ENSG00000242673.3,0.0
ENSG00000242675.1,0.0
ENSG00000242683.1,0.0
ENSG00000242686.4,0.0
ENSG00000242688.3,0.0
ENSG00000242689.3,0.0
ENSG00000242692.1,0.0
ENSG00000242696.3,1.415526
ENSG00000242697.2,0.0
ENSG00000242699.3,0.0
ENSG00000242703.1,0.0
ENSG00000242705.1,0.0
ENSG00000242706.2,0.0
ENSG00000242707.3,0.0
ENSG00000242709.1,0.0
ENSG00000242711.8,673.95279
ENSG00000242715.8,0.0
ENSG00000242719.3,0.0
ENSG00000242726.6,0.0
ENSG00000242727.2,0.0
ENSG00000242728.1,0.0
ENSG00000242729.1,0.0
ENSG00000242731.3,0.0
ENSG00000242732.6,1.405703
ENSG00000242735.1,0.0
ENSG00000242736.1,0.0
ENSG00000242737.1,0.0
ENSG00000242741.3,0.0
ENSG00000242747.1,0.0
ENSG00000242748.1,0.805652
ENSG00000242752.3,0.0
ENSG00000242756.2,0.0
ENSG00000242757.1,0.0
ENSG00000242759.10,0.0
ENSG00000242764.3,0.0
ENSG00000242766.1,0.0
ENSG00000242767.1,0.0
ENSG00000242768.2,0.0
ENSG00000242769.3,0.0
ENSG00000242770.3,0.0
ENSG00000242771.1,0.0
ENSG00000242775.2,0.0
ENSG00000242779.9,0.0
ENSG00000242781.3,0.581174
ENSG00000242790.1,0.0
ENSG00000242791.3,0.0
ENSG00000242793.1,0.0
ENSG00000242794.2,0.0
ENSG00000242795.2,0.0
ENSG00000242797.4,0.0
ENSG00000242798.2,0.0
ENSG00000242802.9,57.339859000000004
ENSG00000242807.1,0.0
ENSG00000242808.13,0.313056
ENSG00000242810.1,0.0
ENSG00000242811.3,0.0
ENSG00000242814.2,0.0
ENSG00000242816.3,0.0
ENSG00000242818.3,0.0
ENSG00000242828.2,0.22272
ENSG00000242829.1,0.0
ENSG00000242834.1,0.0
ENSG00000242836.1,0.0
ENSG00000242837.1,0.0
ENSG00000242841.1,0.0
ENSG00000242849.2,0.0
ENSG00000242850.3,0.0
ENSG00000242852.7,0.141727
ENSG00000242853.3,0.0
ENSG00000242854.1,0.0
ENSG00000242855.3,0.0
ENSG00000242856.3,0.0
ENSG00000242858.1,0.0
ENSG00000242860.3,0.0
ENSG00000242861.1,5.47449
ENSG00000242863.3,0.0
ENSG00000242865.3,0.0
ENSG00000242866.10,0.723921
ENSG00000242875.7,0.0
ENSG00000242876.3,0.0
ENSG00000242880.3,0.408937
ENSG00000242882.1,0.0
ENSG00000242887.1,0.0
ENSG00000242888.1,0.0
ENSG00000242889.3,0.0
ENSG00000242893.3,0.0
ENSG00000242894.3,0.0
ENSG00000242899.1,0.0
ENSG00000242902.1,0.0
ENSG00000242908.7,0.0
ENSG00000242911.1,0.0
ENSG00000242912.3,0.0
ENSG00000242915.1,0.0
ENSG00000242922.2,0.0
ENSG00000242925.2,0.0
ENSG00000242928.3,0.0
ENSG00000242931.1,0.0
ENSG00000242936.1,0.0
ENSG00000242941.1,0.0
ENSG00000242943.1,0.0
ENSG00000242945.2,0.0
ENSG00000242948.2,0.0
ENSG00000242950.7,0.830115
ENSG00000242951.1,0.0
ENSG00000242952.1,0.0
ENSG00000242953.1,0.0
ENSG00000242958.1,0.0
ENSG00000242960.1,1.262976
ENSG00000242963.1,0.0
ENSG00000242968.1,0.0
ENSG00000242970.2,0.0
ENSG00000242971.3,0.0
ENSG00000242973.7,0.0
ENSG00000242976.3,0.0
ENSG00000242978.1,0.0
ENSG00000242979.1,0.0
ENSG00000242983.1,0.0
ENSG00000242985.3,0.0
ENSG00000242986.2,0.0
ENSG00000242989.3,0.0
ENSG00000242990.2,0.0
ENSG00000242991.2,0.0
ENSG00000242992.3,0.0
ENSG00000242993.1,0.0
ENSG00000242995.1,0.0
ENSG00000242998.3,0.0
ENSG00000242999.3,0.0
ENSG00000243004.8,0.0
ENSG00000243005.3,0.0
ENSG00000243007.1,0.0
ENSG00000243008.4,0.0
ENSG00000243011.3,0.0
ENSG00000243014.1,0.0
ENSG00000243015.2,0.0
ENSG00000243016.1,0.0
ENSG00000243018.2,0.0
ENSG00000243020.1,0.0
ENSG00000243022.1,0.0
ENSG00000243023.2,0.0
ENSG00000243024.8,0.0
ENSG00000243025.1,0.0
ENSG00000243027.3,0.0
ENSG00000243029.3,0.0
ENSG00000243033.2,0.0
ENSG00000243035.3,0.0
ENSG00000243038.1,0.0
ENSG00000243040.7,0.0
ENSG00000243044.1,0.0
ENSG00000243048.3,0.0
ENSG00000243049.3,0.0
ENSG00000243050.1,0.0
ENSG00000243051.3,0.0
ENSG00000243053.2,0.0
ENSG00000243055.1,0.0
ENSG00000243056.2,53.37128
ENSG00000243058.1,0.0
ENSG00000243059.3,0.0
ENSG00000243062.7,0.0
ENSG00000243063.1,0.0
ENSG00000243064.11,0.0
ENSG00000243066.3,0.0
ENSG00000243067.7,417.163931
ENSG00000243069.9,0.572582
ENSG00000243071.1,0.0
ENSG00000243072.1,0.0
ENSG00000243073.4,0.0
ENSG00000243075.3,0.0
ENSG00000243081.3,3.978376
ENSG00000243083.9,0.200791
ENSG00000243085.1,0.0
ENSG00000243089.3,0.0
ENSG00000243094.1,0.0
ENSG00000243095.1,0.0
ENSG00000243099.1,0.0
ENSG00000243101.1,0.0
ENSG00000243103.3,0.0
ENSG00000243104.1,0.0
ENSG00000243107.1,0.0
ENSG00000243115.3,0.0
ENSG00000243116.1,0.0
ENSG00000243122.1,0.0
ENSG00000243124.3,0.0
ENSG00000243125.3,0.0
ENSG00000243129.2,0.0
ENSG00000243130.8,0.0
ENSG00000243136.3,0.0
ENSG00000243137.8,0.0
ENSG00000243141.2,0.0
ENSG00000243144.8,0.0
ENSG00000243147.8,51.936321
ENSG00000243149.3,0.0
ENSG00000243150.7,0.0
ENSG00000243154.1,0.0
ENSG00000243155.1,1.462933
ENSG00000243156.9,0.966573
ENSG00000243160.1,0.0
ENSG00000243164.1,0.0
ENSG00000243165.1,0.0
ENSG00000243167.1,0.0
ENSG00000243171.1,0.0
ENSG00000243173.3,0.0
ENSG00000243175.2,0.656628
ENSG00000243181.2,0.0
ENSG00000243187.2,0.0
ENSG00000243188.1,0.0
ENSG00000243193.5,0.0
ENSG00000243195.1,0.0
ENSG00000243197.8,0.0
ENSG00000243199.1,0.0
ENSG00000243207.6,1.094207
ENSG00000243224.3,0.72344
ENSG00000243225.2,0.0
ENSG00000243227.3,0.0
ENSG00000243230.1,0.0
ENSG00000243232.6,0.0
ENSG00000243234.1,0.0
ENSG00000243236.8,0.0
ENSG00000243238.1,14.887676
ENSG00000243243.5,0.0
ENSG00000243244.7,0.600088
ENSG00000243245.1,0.0
ENSG00000243250.1,0.0
ENSG00000243252.1,0.0
ENSG00000243254.3,0.0
ENSG00000243256.1,0.0
ENSG00000243257.1,0.0
ENSG00000243260.3,0.0
ENSG00000243264.3,6.626492
ENSG00000243265.1,0.0
ENSG00000243267.3,0.0
ENSG00000243273.2,1.436922
ENSG00000243274.3,0.0
ENSG00000243276.7,0.0
ENSG00000243279.4,40.453219000000004
ENSG00000243280.2,0.0
ENSG00000243284.1,0.574067
ENSG00000243287.2,0.0
ENSG00000243289.2,0.0
ENSG00000243290.3,17.026784
ENSG00000243295.3,0.0
ENSG00000243296.3,0.0
ENSG00000243297.2,0.0
ENSG00000243302.3,3.12423
ENSG00000243303.1,0.0
ENSG00000243304.3,0.0
ENSG00000243305.2,0.0
ENSG00000243307.2,0.0
ENSG00000243312.3,0.0
ENSG00000243313.2,0.0
ENSG00000243314.1,0.0
ENSG00000243316.8,0.0
ENSG00000243317.8,15.800725
ENSG00000243319.7,0.0
ENSG00000243321.4,0.0
ENSG00000243323.8,0.0
ENSG00000243328.1,0.0
ENSG00000243333.3,0.0
ENSG00000243335.10,5.110951
ENSG00000243336.6,0.0
ENSG00000243338.3,0.0
ENSG00000243339.3,0.0
ENSG00000243345.2,0.0
ENSG00000243346.3,0.0
ENSG00000243347.3,0.0
ENSG00000243349.3,0.0
ENSG00000243352.3,0.0
ENSG00000243353.1,0.0
ENSG00000243355.1,0.0
ENSG00000243359.3,0.0
ENSG00000243364.8,10.496201000000001
ENSG00000243365.3,0.0
ENSG00000243366.3,0.0
ENSG00000243368.2,0.0
ENSG00000243370.3,0.0
ENSG00000243373.3,0.0
ENSG00000243374.3,0.0
ENSG00000243378.1,0.0
ENSG00000243383.3,0.0
ENSG00000243384.1,0.0
ENSG00000243385.2,0.0
ENSG00000243388.1,0.0
ENSG00000243389.1,4.732798
ENSG00000243396.1,0.0
ENSG00000243398.3,0.0
ENSG00000243402.1,0.0
ENSG00000243403.1,0.0
ENSG00000243404.2,0.0
ENSG00000243406.7,0.0
ENSG00000243410.1,0.887716
ENSG00000243414.6,2.088129
ENSG00000243415.2,0.0
ENSG00000243417.1,2.27963
ENSG00000243420.3,0.0
ENSG00000243422.5,0.0
ENSG00000243423.1,0.0
ENSG00000243424.2,0.0
ENSG00000243426.3,0.0
ENSG00000243429.1,0.0
ENSG00000243430.1,0.0
ENSG00000243431.1,0.0
ENSG00000243433.1,0.0
ENSG00000243437.3,0.0
ENSG00000243438.1,0.0
ENSG00000243439.3,0.0
ENSG00000243441.6,0.0
ENSG00000243445.1,0.0
ENSG00000243446.3,0.0
ENSG00000243449.8,21.977361
ENSG00000243455.3,0.0
ENSG00000243466.1,37.230106
ENSG00000243468.6,0.0
ENSG00000243469.1,0.0
ENSG00000243477.6,11.849553
ENSG00000243478.10,0.0
ENSG00000243479.4,0.0
ENSG00000243480.8,0.0
ENSG00000243483.1,0.0
ENSG00000243485.6,0.0
ENSG00000243486.1,0.0
ENSG00000243488.3,0.0
ENSG00000243489.4,0.0
ENSG00000243491.2,0.0
ENSG00000243492.7,0.0
ENSG00000243494.1,0.0
ENSG00000243495.1,0.0
ENSG00000243496.6,0.0
ENSG00000243498.2,0.0
ENSG00000243499.1,0.0
ENSG00000243501.5,0.0
ENSG00000243503.2,0.0
ENSG00000243504.1,0.0
ENSG00000243505.3,0.0
ENSG00000243507.1,0.0
ENSG00000243508.1,0.853196
ENSG00000243509.6,0.0
ENSG00000243510.3,0.0
ENSG00000243514.2,0.0
ENSG00000243516.1,0.0
ENSG00000243517.1,0.53708
ENSG00000243518.1,0.0
ENSG00000243519.1,0.0
ENSG00000243521.2,0.0
ENSG00000243531.1,0.0
ENSG00000243532.3,0.0
ENSG00000243537.1,0.0
ENSG00000243538.1,0.0
ENSG00000243539.3,0.0
ENSG00000243541.3,0.0
ENSG00000243543.10,0.0
ENSG00000243544.3,1.801481
ENSG00000243546.3,0.0
ENSG00000243547.1,0.0
ENSG00000243548.3,0.0
ENSG00000243549.3,0.0
ENSG00000243550.4,0.0
ENSG00000243554.1,0.0
ENSG00000243560.3,0.0
ENSG00000243562.3,0.0
ENSG00000243566.7,3.547644
ENSG00000243568.2,0.0
ENSG00000243570.9,0.0
ENSG00000243572.1,0.0
ENSG00000243574.3,0.0
ENSG00000243581.1,0.0
ENSG00000243584.1,0.0
ENSG00000243591.3,0.0
ENSG00000243592.1,0.0
ENSG00000243593.2,1.618419
ENSG00000243596.1,0.0
ENSG00000243601.1,0.0
ENSG00000243607.3,1.603725
ENSG00000243609.1,0.0
ENSG00000243612.5,0.0
ENSG00000243613.1,0.0
ENSG00000243620.3,0.0
ENSG00000243621.1,0.0
ENSG00000243627.6,0.633864
ENSG00000243629.3,0.260733
ENSG00000243633.3,0.0
ENSG00000243635.1,0.0
ENSG00000243636.2,0.0
ENSG00000243641.3,0.0
ENSG00000243642.3,0.0
ENSG00000243643.1,0.0
ENSG00000243646.11,111.39728799999999
ENSG00000243648.1,0.0
ENSG00000243649.10,0.16559
ENSG00000243650.3,6.086684
ENSG00000243655.2,0.0
ENSG00000243658.1,0.0
ENSG00000243659.1,2.090006
ENSG00000243660.12,4.117459
ENSG00000243661.1,0.0
ENSG00000243663.1,0.0
ENSG00000243664.1,0.0
ENSG00000243667.7,1.019185
ENSG00000243669.2,0.0
ENSG00000243671.3,0.0
ENSG00000243672.1,0.0
ENSG00000243674.1,0.0
ENSG00000243675.1,0.0
ENSG00000243678.12,194.64777899999999
ENSG00000243679.1,60.738038
ENSG00000243680.1,0.0
ENSG00000243686.2,0.0
ENSG00000243687.1,0.0
ENSG00000243694.6,0.0
ENSG00000243695.1,0.420946
ENSG00000243696.5,3.144828
ENSG00000243697.1,0.0
ENSG00000243700.3,0.0
ENSG00000243701.9,0.0
ENSG00000243702.3,0.0
ENSG00000243704.3,0.0
ENSG00000243705.1,0.0
ENSG00000243708.11,14.136761
ENSG00000243709.1,0.775018
ENSG00000243710.8,0.0
ENSG00000243711.1,0.0
ENSG00000243715.2,0.0
ENSG00000243716.13,30.049187
ENSG00000243719.7,0.0
ENSG00000243720.1,0.0
ENSG00000243721.1,0.0
ENSG00000243723.3,0.0
ENSG00000243725.7,9.621701999999999
ENSG00000243729.5,0.0
ENSG00000243730.2,0.0
ENSG00000243733.1,0.0
ENSG00000243738.3,0.0
ENSG00000243742.7,0.0
ENSG00000243744.2,0.0
ENSG00000243746.1,0.185539
ENSG00000243749.2,27.752455
ENSG00000243753.8,0.0
ENSG00000243758.1,0.0
ENSG00000243759.1,0.0
ENSG00000243761.1,0.0
ENSG00000243762.1,0.0
ENSG00000243766.9,0.0
ENSG00000243770.3,0.0
ENSG00000243771.1,0.0
ENSG00000243772.8,0.0
ENSG00000243775.3,0.0
ENSG00000243777.1,0.0
ENSG00000243779.1,0.0
ENSG00000243780.1,0.0
ENSG00000243781.1,0.0
ENSG00000243782.3,0.0
ENSG00000243789.11,7.073128
ENSG00000243792.1,0.0
ENSG00000243794.1,0.0
ENSG00000243795.2,0.0
ENSG00000243797.7,0.0
ENSG00000243799.1,0.0
ENSG00000243801.3,0.0
ENSG00000243802.2,0.0
ENSG00000243804.1,0.0
ENSG00000243806.1,1.640305
ENSG00000243810.1,0.0
ENSG00000243811.12,5.274118
ENSG00000243813.1,0.0
ENSG00000243817.3,0.0
ENSG00000243818.8,0.0
ENSG00000243819.4,0.14212
ENSG00000243822.1,0.0
ENSG00000243824.1,0.0
ENSG00000243828.3,0.0
ENSG00000243829.1,0.0
ENSG00000243830.2,0.0
ENSG00000243831.1,0.0
ENSG00000243832.2,0.0
ENSG00000243836.8,2.095954
ENSG00000243838.1,0.0
ENSG00000243844.1,0.0
ENSG00000243845.3,0.0
ENSG00000243847.3,0.0
ENSG00000243849.3,0.0
ENSG00000243853.1,0.0
ENSG00000243854.3,0.0
ENSG00000243855.1,0.0
ENSG00000243856.3,0.0
ENSG00000243859.3,0.0
ENSG00000243861.1,0.0
ENSG00000243864.1,0.0
ENSG00000243870.3,0.0
ENSG00000243871.3,0.0
ENSG00000243872.3,0.0
ENSG00000243873.1,0.0
ENSG00000243877.1,0.0
ENSG00000243883.3,0.0
ENSG00000243885.1,0.0
ENSG00000243886.1,0.0
ENSG00000243888.1,0.0
ENSG00000243889.1,0.0
ENSG00000243894.1,0.0
ENSG00000243896.4,0.0
ENSG00000243897.8,0.574157
ENSG00000243900.3,0.0
ENSG00000243902.7,0.0
ENSG00000243903.1,0.0
ENSG00000243904.1,0.0
ENSG00000243905.3,0.0
ENSG00000243910.9,0.200704
ENSG00000243911.3,0.0
ENSG00000243914.1,0.0
ENSG00000243915.1,0.0
ENSG00000243916.1,0.0
ENSG00000243918.1,0.0
ENSG00000243920.2,0.0
ENSG00000243925.1,0.0
ENSG00000243926.4,1.836007
ENSG00000243927.7,38.729416
ENSG00000243929.1,0.0
ENSG00000243930.1,0.0
ENSG00000243939.1,0.0
ENSG00000243943.10,14.718528
ENSG00000243945.1,0.0
ENSG00000243951.1,0.0
ENSG00000243953.2,0.674852
ENSG00000243954.3,0.0
ENSG00000243955.6,0.0
ENSG00000243957.3,0.0
ENSG00000243959.3,0.0
ENSG00000243960.1,0.0
ENSG00000243961.2,0.0
ENSG00000243964.1,0.0
ENSG00000243967.5,0.0
ENSG00000243968.2,0.0
ENSG00000243969.2,0.39062
ENSG00000243970.6,0.0
ENSG00000243974.1,0.0
ENSG00000243976.2,0.0
ENSG00000243977.1,0.0
ENSG00000243978.9,0.0
ENSG00000243979.2,0.0
ENSG00000243980.3,0.0
ENSG00000243981.5,0.0
ENSG00000243986.2,0.0
ENSG00000243988.1,0.0
ENSG00000243989.9,9.792235999999999
ENSG00000243991.3,0.0
ENSG00000243995.4,0.0
ENSG00000244000.1,0.0
ENSG00000244002.1,0.0
ENSG00000244003.3,0.0
ENSG00000244004.1,0.0
ENSG00000244005.13,17.669663
ENSG00000244006.3,0.0
ENSG00000244009.1,0.361996
ENSG00000244018.1,0.0
ENSG00000244019.1,0.0
ENSG00000244020.3,0.0
ENSG00000244021.4,0.0
ENSG00000244024.1,0.0
ENSG00000244025.5,0.0
ENSG00000244026.9,0.0
ENSG00000244031.3,0.0
ENSG00000244033.3,0.0
ENSG00000244034.3,0.0
ENSG00000244036.4,0.31602
ENSG00000244038.11,129.051814
ENSG00000244039.1,0.0
ENSG00000244040.8,0.166249
ENSG00000244041.7,4.667617
ENSG00000244043.1,0.0
ENSG00000244044.3,0.0
ENSG00000244045.13,22.185222000000003
ENSG00000244048.1,0.0
ENSG00000244050.3,0.0
ENSG00000244052.1,0.0
ENSG00000244053.1,0.0
ENSG00000244055.3,1.686097
ENSG00000244056.3,0.0
ENSG00000244057.5,0.0
ENSG00000244060.2,0.0
ENSG00000244061.1,0.0
ENSG00000244062.1,0.0
ENSG00000244065.1,0.0
ENSG00000244066.3,0.0
ENSG00000244067.3,0.0
ENSG00000244071.1,0.0
ENSG00000244073.1,0.0
ENSG00000244076.1,0.0
ENSG00000244080.3,0.0
ENSG00000244081.1,0.0
ENSG00000244083.1,0.0
ENSG00000244086.1,0.0
ENSG00000244088.1,0.0
ENSG00000244089.1,0.0
ENSG00000244091.1,0.0
ENSG00000244094.2,0.0
ENSG00000244097.1,0.0
ENSG00000244099.1,0.0
ENSG00000244101.1,0.0
ENSG00000244104.3,0.0
ENSG00000244107.3,0.0
ENSG00000244112.3,0.0
ENSG00000244113.1,0.0
ENSG00000244115.1,5.158664
ENSG00000244116.3,35.341614
ENSG00000244119.3,0.9033
ENSG00000244122.3,0.0
ENSG00000244124.1,0.0
ENSG00000244125.1,0.0
ENSG00000244128.10,0.0
ENSG00000244130.1,0.0
ENSG00000244131.2,0.0
ENSG00000244134.1,0.0
ENSG00000244137.1,0.0
ENSG00000244139.3,0.0
ENSG00000244142.1,0.0
ENSG00000244144.1,0.0
ENSG00000244146.1,0.0
ENSG00000244151.1,0.428276
ENSG00000244153.1,0.0
ENSG00000244155.1,0.0
ENSG00000244157.1,0.0
ENSG00000244158.1,0.0
ENSG00000244159.1,0.0
ENSG00000244161.1,0.0
ENSG00000244165.2,10.028358
ENSG00000244167.1,0.0
ENSG00000244169.3,0.0
ENSG00000244171.4,0.0
ENSG00000244176.1,0.0
ENSG00000244183.1,0.0
ENSG00000244184.2,0.0
ENSG00000244187.8,31.234167
ENSG00000244192.1,0.0
ENSG00000244193.1,0.0
ENSG00000244194.3,0.0
ENSG00000244196.1,0.0
ENSG00000244197.3,0.0
ENSG00000244198.8,4.768787
ENSG00000244199.1,0.0
ENSG00000244203.3,0.0
ENSG00000244207.8,0.0
ENSG00000244213.1,0.0
ENSG00000244215.3,0.0
ENSG00000244217.1,0.0
ENSG00000244218.3,0.0
ENSG00000244219.7,1.256397
ENSG00000244222.2,0.0
ENSG00000244226.1,0.0
ENSG00000244227.10,0.0
ENSG00000244229.1,0.0
ENSG00000244230.3,0.0
ENSG00000244231.1,0.0
ENSG00000244232.3,0.0
ENSG00000244234.3,0.0
ENSG00000244235.2,0.0
ENSG00000244236.3,0.0
ENSG00000244237.1,0.0
ENSG00000244239.2,0.0
ENSG00000244242.2,0.0
ENSG00000244244.2,0.0
ENSG00000244245.1,0.0
ENSG00000244246.1,0.0
ENSG00000244249.1,0.0
ENSG00000244251.1,0.0
ENSG00000244253.1,0.0
ENSG00000244255.5,0.545313
ENSG00000244256.3,1.777382
ENSG00000244257.5,1.81914
ENSG00000244259.1,0.0
ENSG00000244264.3,0.0
ENSG00000244265.3,0.559824
ENSG00000244266.1,0.0
ENSG00000244267.1,0.0
ENSG00000244270.1,10.579002
ENSG00000244273.1,0.0
ENSG00000244274.9,13.897801000000001
ENSG00000244278.1,0.0
ENSG00000244280.2,0.0
ENSG00000244281.1,0.0
ENSG00000244283.1,0.0
ENSG00000244286.1,0.0
ENSG00000244289.1,0.0
ENSG00000244292.2,0.0
ENSG00000244294.3,0.0
ENSG00000244295.2,0.0
ENSG00000244296.3,0.0
ENSG00000244297.3,0.0
ENSG00000244300.4,0.0
ENSG00000244301.8,0.0
ENSG00000244302.3,0.0
ENSG00000244306.12,0.0
ENSG00000244307.3,0.0
ENSG00000244308.2,0.0
ENSG00000244310.3,0.0
ENSG00000244313.3,0.0
ENSG00000244314.3,0.0
ENSG00000244318.3,0.0
ENSG00000244321.1,0.0
ENSG00000244326.3,0.0
ENSG00000244327.1,0.0
ENSG00000244328.3,0.0
ENSG00000244329.1,0.0
ENSG00000244331.1,0.0
ENSG00000244332.1,0.0
ENSG00000244335.3,0.0
ENSG00000244337.2,0.0
ENSG00000244342.6,0.0
ENSG00000244345.2,0.0
ENSG00000244346.1,0.0
ENSG00000244355.8,0.0
ENSG00000244356.3,0.0
ENSG00000244357.3,3.738577
ENSG00000244358.1,0.0
ENSG00000244361.1,1.583921
ENSG00000244362.3,0.0
ENSG00000244363.3,0.0
ENSG00000244371.2,0.0
ENSG00000244372.3,0.0
ENSG00000244376.3,0.0
ENSG00000244378.2,0.0
ENSG00000244380.2,0.320735
ENSG00000244381.1,0.0
ENSG00000244383.2,0.0
ENSG00000244384.3,0.0
ENSG00000244389.3,0.0
ENSG00000244390.2,0.0
ENSG00000244391.3,0.0
ENSG00000244392.3,0.0
ENSG00000244395.6,0.0
ENSG00000244398.1,0.0
ENSG00000244399.3,0.0
ENSG00000244400.2,0.0
ENSG00000244402.3,0.0
ENSG00000244404.3,0.0
ENSG00000244405.8,0.0
ENSG00000244411.4,0.0
ENSG00000244413.1,0.0
ENSG00000244414.8,0.0
ENSG00000244422.3,0.0
ENSG00000244425.3,0.0
ENSG00000244427.1,0.0
ENSG00000244429.1,0.0
ENSG00000244432.2,0.0
ENSG00000244436.2,0.0
ENSG00000244437.1,65.049782
ENSG00000244441.1,0.0
ENSG00000244444.6,0.0
ENSG00000244451.1,0.0
ENSG00000244456.2,0.0
ENSG00000244457.2,0.923377
ENSG00000244459.5,1.480121
ENSG00000244461.2,0.0
ENSG00000244462.8,12.018155
ENSG00000244464.2,0.21749
ENSG00000244468.2,0.0
ENSG00000244470.2,0.0
ENSG00000244471.7,0.0
ENSG00000244474.6,0.0
ENSG00000244476.4,0.0
ENSG00000244479.8,4.900264
ENSG00000244480.1,3.833524
ENSG00000244482.11,6.4150100000000005
ENSG00000244485.1,0.0
ENSG00000244486.9,0.883392
ENSG00000244490.1,0.0
ENSG00000244491.1,0.823281
ENSG00000244493.1,0.0
ENSG00000244501.3,0.0
ENSG00000244502.3,0.0
ENSG00000244503.1,0.0
ENSG00000244509.4,72.170434
ENSG00000244510.2,0.0
ENSG00000244512.3,0.0
ENSG00000244513.8,0.0
ENSG00000244514.3,0.0
ENSG00000244515.1,0.0
ENSG00000244521.3,0.0
ENSG00000244527.1,0.0
ENSG00000244528.1,0.0
ENSG00000244532.1,0.0
ENSG00000244534.3,0.0
ENSG00000244535.1,0.0
ENSG00000244537.3,0.0
ENSG00000244538.1,0.0
ENSG00000244540.2,0.0
ENSG00000244541.7,0.0
ENSG00000244544.2,0.0
ENSG00000244550.2,0.0
ENSG00000244551.2,0.0
ENSG00000244556.1,0.0
ENSG00000244558.7,1.797345
ENSG00000244559.1,0.0
ENSG00000244560.8,0.79031
ENSG00000244561.1,0.0
ENSG00000244563.1,0.0
ENSG00000244564.3,0.0
ENSG00000244565.1,0.0
ENSG00000244568.3,0.0
ENSG00000244571.1,0.0
ENSG00000244573.4,0.0
ENSG00000244575.3,11.473355
ENSG00000244578.2,0.0
ENSG00000244582.2,0.0
ENSG00000244585.1,0.0
ENSG00000244586.1,0.0
ENSG00000244588.6,0.0
ENSG00000244593.1,0.0
ENSG00000244604.1,0.0
ENSG00000244607.7,2.1224160000000003
ENSG00000244610.3,0.0
ENSG00000244615.1,0.0
ENSG00000244617.3,12.019951
ENSG00000244618.3,0.0
ENSG00000244619.3,0.0
ENSG00000244621.1,0.0
ENSG00000244623.2,0.0
ENSG00000244624.3,0.0
ENSG00000244625.8,15.549318
ENSG00000244627.6,0.0
ENSG00000244630.2,0.0
ENSG00000244632.3,0.0
ENSG00000244640.1,0.0
ENSG00000244641.2,0.0
ENSG00000244642.3,0.0
ENSG00000244646.5,0.0
ENSG00000244649.6,0.0
ENSG00000244652.1,0.0
ENSG00000244653.1,0.0
ENSG00000244657.1,0.0
ENSG00000244661.1,0.0
ENSG00000244662.1,0.0
ENSG00000244668.1,0.780567
ENSG00000244669.1,0.0
ENSG00000244671.3,0.0
ENSG00000244672.4,6.236196
ENSG00000244674.1,0.0
ENSG00000244675.2,0.0
ENSG00000244676.6,0.0
ENSG00000244677.3,0.0
ENSG00000244681.2,0.0
ENSG00000244682.8,64.587432
ENSG00000244687.13,64.267833
ENSG00000244691.1,0.0
ENSG00000244692.3,0.0
ENSG00000244694.8,0.0
ENSG00000244699.1,0.0
ENSG00000244701.2,4.890606
ENSG00000244703.3,0.0
ENSG00000244705.1,0.0
ENSG00000244706.5,0.0
ENSG00000244708.1,0.0
ENSG00000244710.3,0.0
ENSG00000244712.1,0.0
ENSG00000244716.3,0.0
ENSG00000244717.1,0.0
ENSG00000244720.1,0.0
ENSG00000244722.1,0.0
ENSG00000244723.3,0.0
ENSG00000244730.1,0.0
ENSG00000244731.10,16.540931
ENSG00000244732.3,0.0
ENSG00000244733.5,0.0
ENSG00000244734.4,1935.474468
ENSG00000244738.1,0.0
ENSG00000244740.1,0.0
ENSG00000244743.1,0.0
ENSG00000244748.3,0.0
ENSG00000244752.3,0.0
ENSG00000244753.2,0.0
ENSG00000244754.9,30.054734
ENSG00000244756.1,0.0
ENSG00000244757.1,0.0
ENSG00000244791.4,0.0
ENSG00000244879.11,5.327494
ENSG00000244921.2,0.0
ENSG00000244926.8,0.0
ENSG00000244932.2,0.0
ENSG00000244945.1,0.0
ENSG00000244953.1,0.0
ENSG00000244968.8,0.0
ENSG00000244998.2,0.0
ENSG00000245008.5,0.175573
ENSG00000245017.5,0.0
ENSG00000245025.4,4.8771070000000005
ENSG00000245059.2,0.0
ENSG00000245060.9,18.643236
ENSG00000245067.9,0.0
ENSG00000245080.8,0.455482
ENSG00000245105.5,0.44455
ENSG00000245112.3,0.0
ENSG00000245146.8,0.0
ENSG00000245148.2,0.0
ENSG00000245149.7,2.9098630000000005
ENSG00000245156.1,0.0
ENSG00000245164.11,27.985407
ENSG00000245205.3,0.0
ENSG00000245213.8,1.072984
ENSG00000245248.11,0.34650099999999995
ENSG00000245261.1,0.0
ENSG00000245275.10,4.824798
ENSG00000245281.10,0.0
ENSG00000245293.6,0.0
ENSG00000245311.3,0.0
ENSG00000245317.3,0.0
ENSG00000245322.9,0.215875
ENSG00000245330.5,0.0
ENSG00000245384.3,0.0
ENSG00000245385.2,0.0
ENSG00000245466.1,0.0
ENSG00000245468.6,0.0
ENSG00000245479.3,0.0
ENSG00000245482.2,0.0
ENSG00000245498.8,0.122274
ENSG00000245522.2,0.0
ENSG00000245526.14,0.0
ENSG00000245532.13,141.748764
ENSG00000245534.8,0.0
ENSG00000245552.10,5.917446
ENSG00000245556.6,4.553394
ENSG00000245571.8,1.354899
ENSG00000245573.10,0.7096480000000001
ENSG00000245598.8,0.160437
ENSG00000245614.6,0.0
ENSG00000245648.3,0.139096
ENSG00000245651.4,0.190958
ENSG00000245662.5,0.0
ENSG00000245667.2,0.0
ENSG00000245680.11,1.667439
ENSG00000245685.10,0.357503
ENSG00000245688.1,0.0
ENSG00000245694.13,0.011396
ENSG00000245711.2,0.0
ENSG00000245719.2,0.0
ENSG00000245729.3,0.0
ENSG00000245748.2,0.0
ENSG00000245750.12,2.932852
ENSG00000245768.8,0.0
ENSG00000245812.6,0.926455
ENSG00000245832.8,0.0
ENSG00000245848.3,39.585388
ENSG00000245849.9,13.447888
ENSG00000245857.5,0.0
ENSG00000245864.6,0.0
ENSG00000245869.2,0.0
ENSG00000245870.6,0.0
ENSG00000245888.8,1.240967
ENSG00000245904.7,0.8424470000000001
ENSG00000245910.10,36.618193
ENSG00000245928.2,0.0
ENSG00000245937.11,7.048073
ENSG00000245954.11,5.403258
ENSG00000245958.9,0.0
ENSG00000245970.2,0.0
ENSG00000245975.3,0.49726
ENSG00000246022.5,0.0
ENSG00000246067.11,0.9074249999999999
ENSG00000246082.5,0.0
ENSG00000246084.8,0.466965
ENSG00000246089.6,2.697638
ENSG00000246090.10,0.047976
ENSG00000246095.3,0.0
ENSG00000246100.6,0.078823
ENSG00000246115.3,0.0
ENSG00000246130.2,0.0
ENSG00000246145.2,0.917972
ENSG00000246174.11,1.174136
ENSG00000246211.2,0.226234
ENSG00000246214.4,0.0
ENSG00000246223.11,16.440832
ENSG00000246225.8,0.376081
ENSG00000246228.8,0.674852
ENSG00000246250.4,0.0
ENSG00000246263.5,9.054354
ENSG00000246273.10,0.0
ENSG00000246283.3,0.0
ENSG00000246308.5,0.099407
ENSG00000246316.8,0.0
ENSG00000246323.3,0.0
ENSG00000246334.4,3.034774
ENSG00000246339.7,0.239198
ENSG00000246350.1,0.0
ENSG00000246363.5,1.274214
ENSG00000246366.8,0.0
ENSG00000246375.6,0.171641
ENSG00000246379.10,0.149078
ENSG00000246394.9,0.0
ENSG00000246422.2,0.0
ENSG00000246430.10,1.6200999999999999
ENSG00000246451.2,0.0
ENSG00000246465.2,0.488517
ENSG00000246477.3,0.0
ENSG00000246523.11,0.0
ENSG00000246526.4,4.19871
ENSG00000246528.5,0.953947
ENSG00000246541.2,0.0
ENSG00000246548.4,2.097418
ENSG00000246560.4,0.868607
ENSG00000246575.2,0.0
ENSG00000246582.4,1.928656
ENSG00000246596.8,0.14138
ENSG00000246640.3,0.279416
ENSG00000246662.7,0.0
ENSG00000246695.10,0.479558
ENSG00000246705.5,60.118551
ENSG00000246731.4,1.067231
ENSG00000246740.3,0.0
ENSG00000246763.8,0.0
ENSG00000246774.1,0.0
ENSG00000246777.1,0.0
ENSG00000246790.4,1.694056
ENSG00000246792.3,0.0
ENSG00000246820.3,0.0
ENSG00000246851.1,0.0
ENSG00000246859.4,0.041679
ENSG00000246863.3,0.0
ENSG00000246876.8,0.0
ENSG00000246877.3,1.4297870000000001
ENSG00000246889.4,0.0
ENSG00000246898.3,0.225089
ENSG00000246922.10,1.670542
ENSG00000246982.8,2.561768
ENSG00000246985.9,1.005012
ENSG00000247011.3,0.0
ENSG00000247033.1,0.0
ENSG00000247049.2,0.0
ENSG00000247077.8,7.597629
ENSG00000247081.9,0.0
ENSG00000247092.10,2.710368
ENSG00000247095.6,0.0
ENSG00000247121.9,1.754998
ENSG00000247130.3,0.672519
ENSG00000247131.7,0.0
ENSG00000247134.9,1.433833
ENSG00000247137.10,0.211389
ENSG00000247151.8,0.0
ENSG00000247157.8,0.0
ENSG00000247193.5,0.0
ENSG00000247199.7,1.179274
ENSG00000247213.8,0.0
ENSG00000247228.4,0.0
ENSG00000247240.11,3.7816859999999997
ENSG00000247271.10,10.140382
ENSG00000247287.4,2.781915
ENSG00000247311.4,0.0
ENSG00000247315.4,12.242663
ENSG00000247317.6,0.270079
ENSG00000247324.3,0.0
ENSG00000247345.3,0.0
ENSG00000247363.4,0.620484
ENSG00000247372.3,0.662849
ENSG00000247373.4,1.8898329999999999
ENSG00000247381.3,0.0
ENSG00000247400.7,1.316227
ENSG00000247402.2,0.0
ENSG00000247416.6,0.0
ENSG00000247473.2,0.0
ENSG00000247498.12,0.0
ENSG00000247516.9,0.273401
ENSG00000247556.8,21.299972
ENSG00000247570.2,0.0
ENSG00000247572.10,1.2465739999999998
ENSG00000247595.5,0.0
ENSG00000247596.10,229.696873
ENSG00000247624.7,0.0
ENSG00000247626.5,1.489674
ENSG00000247627.2,1.313514
ENSG00000247675.9,0.931177
ENSG00000247679.4,1.171294
ENSG00000247699.3,0.0
ENSG00000247708.9,2.77806
ENSG00000247728.3,0.493677
ENSG00000247735.2,0.0
ENSG00000247746.5,0.099876
ENSG00000247763.2,0.0
ENSG00000247765.2,0.168988
ENSG00000247774.10,171.032315
ENSG00000247775.3,0.0
ENSG00000247796.3,0.204391
ENSG00000247809.12,0.122129
ENSG00000247828.11,5.883314
ENSG00000247853.2,0.554578
ENSG00000247867.3,0.0
ENSG00000247872.2,0.0
ENSG00000247877.9,0.0
ENSG00000247903.1,0.0
ENSG00000247911.3,0.0
ENSG00000247925.3,0.0
ENSG00000247934.4,0.0
ENSG00000247950.10,2.527203
ENSG00000247970.4,0.0
ENSG00000247982.8,18.167965
ENSG00000247993.2,0.0
ENSG00000248008.5,0.8583419999999999
ENSG00000248015.7,0.065781
ENSG00000248019.4,38.04545
ENSG00000248027.2,0.0
ENSG00000248029.2,0.0
ENSG00000248049.9,4.982759
ENSG00000248050.1,0.0
ENSG00000248079.5,0.0
ENSG00000248092.9,19.652031
ENSG00000248098.12,62.380147
ENSG00000248099.4,10.011528
ENSG00000248100.2,0.0
ENSG00000248101.2,0.0
ENSG00000248104.1,0.0
ENSG00000248105.1,0.0
ENSG00000248106.2,0.0
ENSG00000248107.3,0.0
ENSG00000248109.3,0.0
ENSG00000248112.2,0.0
ENSG00000248113.2,0.0
ENSG00000248114.1,0.0
ENSG00000248115.2,0.0
ENSG00000248117.1,0.0
ENSG00000248118.3,0.0
ENSG00000248120.1,0.0
ENSG00000248121.9,0.0
ENSG00000248122.1,0.0
ENSG00000248124.11,0.0
ENSG00000248125.2,0.0
ENSG00000248126.1,0.0
ENSG00000248127.2,0.0
ENSG00000248128.1,0.0
ENSG00000248131.7,0.0
ENSG00000248132.4,0.0
ENSG00000248133.1,0.0
ENSG00000248134.1,0.0
ENSG00000248136.1,0.0
ENSG00000248137.1,0.0
ENSG00000248138.6,0.0
ENSG00000248139.2,0.0
ENSG00000248143.1,0.0
ENSG00000248144.6,0.0
ENSG00000248145.3,0.0
ENSG00000248148.1,0.0
ENSG00000248150.1,0.0
ENSG00000248152.2,0.0
ENSG00000248155.1,0.0
ENSG00000248156.2,0.0
ENSG00000248159.1,0.0
ENSG00000248160.1,0.0
ENSG00000248161.6,0.0
ENSG00000248162.1,0.0
ENSG00000248165.1,0.0
ENSG00000248167.7,0.0
ENSG00000248170.1,0.0
ENSG00000248172.2,0.0
ENSG00000248174.9,0.0
ENSG00000248176.3,0.0
ENSG00000248180.1,0.0
ENSG00000248184.2,0.0
ENSG00000248185.1,0.0
ENSG00000248187.2,0.0
ENSG00000248188.2,1.120176
ENSG00000248191.1,0.0
ENSG00000248192.1,0.0
ENSG00000248195.1,0.0
ENSG00000248196.1,0.0
ENSG00000248197.2,0.0
ENSG00000248199.2,0.0
ENSG00000248200.2,0.0
ENSG00000248203.2,0.0
ENSG00000248205.1,0.0
ENSG00000248206.2,0.0
ENSG00000248208.1,0.249748
ENSG00000248209.1,0.0
ENSG00000248210.3,0.0
ENSG00000248211.2,0.0
ENSG00000248213.3,0.0
ENSG00000248215.7,0.0
ENSG00000248216.1,0.0
ENSG00000248221.1,0.0
ENSG00000248222.6,0.0
ENSG00000248223.2,0.0
ENSG00000248227.2,0.0
ENSG00000248228.3,0.0
ENSG00000248229.1,0.0
ENSG00000248230.1,0.0
ENSG00000248231.1,0.0
ENSG00000248234.1,0.0
ENSG00000248235.6,0.0
ENSG00000248236.1,0.0
ENSG00000248237.2,0.0
ENSG00000248238.3,0.0
ENSG00000248242.2,0.0
ENSG00000248243.2,0.0
ENSG00000248245.2,0.0
ENSG00000248249.1,0.0
ENSG00000248254.1,0.0
ENSG00000248256.1,0.0
ENSG00000248257.8,0.0
ENSG00000248259.1,0.0
ENSG00000248261.3,0.0
ENSG00000248262.1,0.0
ENSG00000248266.1,0.0
ENSG00000248268.1,0.0
ENSG00000248271.1,0.0
ENSG00000248275.5,15.711628
ENSG00000248278.2,0.0
ENSG00000248279.5,0.0
ENSG00000248281.1,0.0
ENSG00000248282.1,0.0
ENSG00000248283.2,0.0
ENSG00000248285.1,0.0
ENSG00000248286.1,0.0
ENSG00000248287.1,0.0
ENSG00000248288.1,0.0
ENSG00000248290.1,0.0
ENSG00000248293.1,0.0
ENSG00000248295.2,0.0
ENSG00000248296.1,0.0
ENSG00000248300.2,0.0
ENSG00000248302.4,0.0
ENSG00000248305.1,0.0
ENSG00000248307.7,0.0
ENSG00000248308.1,0.0
ENSG00000248309.10,1.148443
ENSG00000248313.1,0.0
ENSG00000248315.1,0.0
ENSG00000248317.2,0.0
ENSG00000248318.2,0.0
ENSG00000248319.5,0.053138
ENSG00000248320.1,0.0
ENSG00000248322.1,0.0
ENSG00000248323.9,77.038552
ENSG00000248327.1,0.0
ENSG00000248328.1,0.0
ENSG00000248329.6,0.0
ENSG00000248330.5,0.0
ENSG00000248332.6,0.0
ENSG00000248333.9,26.42066
ENSG00000248334.7,0.0
ENSG00000248335.1,0.0
ENSG00000248336.1,0.0
ENSG00000248337.1,0.0
ENSG00000248338.3,0.0
ENSG00000248339.1,0.0
ENSG00000248340.2,0.0
ENSG00000248343.1,0.0
ENSG00000248347.3,0.0
ENSG00000248349.1,0.0
ENSG00000248350.1,0.0
ENSG00000248351.1,0.0
ENSG00000248352.1,0.0
ENSG00000248355.1,0.0
ENSG00000248356.1,0.0
ENSG00000248358.2,0.0
ENSG00000248360.7,0.749497
ENSG00000248362.1,0.0
ENSG00000248363.5,0.0
ENSG00000248364.1,0.0
ENSG00000248365.3,0.0
ENSG00000248366.1,0.0
ENSG00000248367.3,1.745592
ENSG00000248369.1,0.0
ENSG00000248370.3,0.0
ENSG00000248373.8,0.0
ENSG00000248374.1,0.0
ENSG00000248375.1,0.0
ENSG00000248376.2,0.0
ENSG00000248377.1,0.0
ENSG00000248378.1,0.0
ENSG00000248383.5,0.0
ENSG00000248385.8,0.0
ENSG00000248387.1,0.0
ENSG00000248388.6,0.0
ENSG00000248391.7,0.0
ENSG00000248393.1,0.0
ENSG00000248394.1,0.0
ENSG00000248396.1,0.0
ENSG00000248397.2,0.0
ENSG00000248399.1,0.0
ENSG00000248400.2,0.0
ENSG00000248401.2,0.0
ENSG00000248403.1,0.0
ENSG00000248405.10,0.279338
ENSG00000248406.1,0.135782
ENSG00000248408.1,0.0
ENSG00000248409.2,0.0
ENSG00000248415.1,0.0
ENSG00000248416.1,0.0
ENSG00000248417.2,0.0
ENSG00000248418.2,0.0
ENSG00000248419.2,0.0
ENSG00000248420.1,0.0
ENSG00000248422.1,0.0
ENSG00000248423.1,0.0
ENSG00000248424.1,0.0
ENSG00000248425.1,0.0
ENSG00000248426.1,0.0
ENSG00000248428.1,0.0
ENSG00000248429.6,2.003402
ENSG00000248430.1,0.0
ENSG00000248431.3,0.0
ENSG00000248434.1,0.0
ENSG00000248439.2,0.0
ENSG00000248440.1,0.0
ENSG00000248441.10,0.048938
ENSG00000248442.2,0.0
ENSG00000248443.1,0.0
ENSG00000248444.1,0.0
ENSG00000248445.6,3.765002
ENSG00000248447.2,0.0
ENSG00000248448.2,0.0
ENSG00000248449.3,0.0
ENSG00000248452.2,0.0
ENSG00000248455.9,0.8395630000000001
ENSG00000248456.2,0.0
ENSG00000248457.2,0.0
ENSG00000248458.2,0.230576
ENSG00000248459.1,0.0
ENSG00000248462.1,0.0
ENSG00000248464.1,0.0
ENSG00000248466.1,0.0
ENSG00000248468.3,0.0
ENSG00000248469.2,0.0
ENSG00000248471.2,0.0
ENSG00000248472.9,0.0
ENSG00000248473.3,0.539503
ENSG00000248474.2,0.0
ENSG00000248475.6,0.780567
ENSG00000248476.1,0.0
ENSG00000248477.7,0.0
ENSG00000248479.1,0.0
ENSG00000248480.1,0.0
ENSG00000248482.2,0.0
ENSG00000248483.7,0.054286
ENSG00000248484.2,0.0
ENSG00000248485.2,0.0
ENSG00000248487.10,13.988297999999999
ENSG00000248488.2,0.0
ENSG00000248489.5,9.82502
ENSG00000248490.3,0.0
ENSG00000248491.7,0.0
ENSG00000248492.1,0.0
ENSG00000248493.1,0.0
ENSG00000248494.2,0.0
ENSG00000248496.3,0.0
ENSG00000248498.5,0.0
ENSG00000248503.4,0.0
ENSG00000248505.3,0.0
ENSG00000248506.1,0.0
ENSG00000248507.1,0.0
ENSG00000248508.11,2.0501620000000003
ENSG00000248510.3,0.0
ENSG00000248511.2,0.0
ENSG00000248514.1,0.0
ENSG00000248515.3,0.0
ENSG00000248516.2,0.923716
ENSG00000248517.1,0.0
ENSG00000248521.1,0.0
ENSG00000248522.1,0.0
ENSG00000248525.2,0.0
ENSG00000248527.1,641.853864
ENSG00000248528.2,0.0
ENSG00000248529.6,0.0
ENSG00000248530.1,0.0
ENSG00000248531.3,0.0
ENSG00000248532.2,0.0
ENSG00000248537.1,0.0
ENSG00000248538.11,2.9185939999999997
ENSG00000248539.2,0.0
ENSG00000248540.4,0.0
ENSG00000248542.2,0.0
ENSG00000248543.2,0.0
ENSG00000248544.2,1.258465
ENSG00000248545.4,0.0
ENSG00000248546.3,0.0
ENSG00000248547.2,0.0
ENSG00000248548.1,0.0
ENSG00000248550.5,0.0
ENSG00000248551.2,0.0
ENSG00000248552.1,0.0
ENSG00000248553.1,0.0
ENSG00000248554.2,1.8297080000000001
ENSG00000248555.8,0.0
ENSG00000248557.1,0.0
ENSG00000248559.1,0.0
ENSG00000248560.1,0.0
ENSG00000248563.1,0.0
ENSG00000248564.1,0.0
ENSG00000248565.2,0.0
ENSG00000248567.1,0.0
ENSG00000248568.1,0.0
ENSG00000248569.1,0.0
ENSG00000248571.1,0.0
ENSG00000248572.7,0.0
ENSG00000248574.1,0.0
ENSG00000248576.1,0.0
ENSG00000248577.1,0.0
ENSG00000248578.1,0.0
ENSG00000248583.1,0.0
ENSG00000248585.2,0.0
ENSG00000248586.2,0.0
ENSG00000248587.9,0.0
ENSG00000248588.3,0.0
ENSG00000248590.2,0.0
ENSG00000248591.1,0.0
ENSG00000248592.7,4.814957
ENSG00000248593.4,0.0
ENSG00000248596.8,0.0
ENSG00000248597.3,0.0
ENSG00000248599.2,0.0
ENSG00000248600.3,0.0
ENSG00000248601.1,0.0
ENSG00000248605.6,2.357195
ENSG00000248607.2,0.0
ENSG00000248608.2,0.0
ENSG00000248610.1,0.0
ENSG00000248611.1,0.0
ENSG00000248613.1,0.0
ENSG00000248616.1,0.0
ENSG00000248618.1,0.0
ENSG00000248621.2,0.0
ENSG00000248624.1,0.0
ENSG00000248625.1,0.0
ENSG00000248626.1,0.0
ENSG00000248627.2,0.0
ENSG00000248629.1,0.0
ENSG00000248633.1,0.0
ENSG00000248634.1,0.0
ENSG00000248635.1,0.0
ENSG00000248636.8,0.0
ENSG00000248637.1,0.0
ENSG00000248639.2,0.0
ENSG00000248640.1,0.0
ENSG00000248641.1,0.0
ENSG00000248642.1,0.0
ENSG00000248643.5,2.197594
ENSG00000248645.1,0.0
ENSG00000248647.3,0.0
ENSG00000248648.1,0.0
ENSG00000248651.1,0.0
ENSG00000248652.2,0.0
ENSG00000248654.1,0.0
ENSG00000248656.4,0.0
ENSG00000248659.1,0.0
ENSG00000248660.1,0.0
ENSG00000248663.8,0.0
ENSG00000248664.4,0.490677
ENSG00000248667.1,0.0
ENSG00000248668.4,0.0
ENSG00000248669.1,0.0
ENSG00000248672.5,0.124663
ENSG00000248673.3,0.870529
ENSG00000248674.1,0.0
ENSG00000248676.2,0.0
ENSG00000248677.3,0.0
ENSG00000248682.2,0.0
ENSG00000248684.1,0.0
ENSG00000248685.7,1.212942
ENSG00000248687.2,0.0
ENSG00000248690.9,0.0
ENSG00000248692.6,0.0
ENSG00000248693.2,0.503938
ENSG00000248694.1,0.0
ENSG00000248696.1,0.0
ENSG00000248697.1,0.0
ENSG00000248698.7,0.0
ENSG00000248699.1,0.0
ENSG00000248701.1,0.0
ENSG00000248702.1,0.0
ENSG00000248703.3,0.0
ENSG00000248704.1,0.0
ENSG00000248705.1,0.0
ENSG00000248708.3,0.0
ENSG00000248709.4,0.0
ENSG00000248710.1,0.0
ENSG00000248711.1,0.0
ENSG00000248712.8,2.248536
ENSG00000248713.2,0.0
ENSG00000248714.8,2.9756
ENSG00000248715.2,0.0
ENSG00000248716.2,0.0
ENSG00000248717.2,0.0
ENSG00000248719.3,0.7078639999999999
ENSG00000248720.1,0.0
ENSG00000248722.1,0.0
ENSG00000248724.7,0.35038
ENSG00000248725.3,0.0
ENSG00000248727.7,2.050754
ENSG00000248729.1,0.0
ENSG00000248730.1,0.0
ENSG00000248733.1,0.0
ENSG00000248734.2,0.0
ENSG00000248735.2,0.0
ENSG00000248736.4,0.444821
ENSG00000248738.6,0.0
ENSG00000248739.1,0.0
ENSG00000248740.9,0.0
ENSG00000248744.1,0.0
ENSG00000248745.2,0.0
ENSG00000248746.6,0.0
ENSG00000248747.1,0.0
ENSG00000248748.1,0.0
ENSG00000248749.2,0.0
ENSG00000248750.2,0.0
ENSG00000248751.6,0.69641
ENSG00000248752.4,0.0
ENSG00000248755.1,0.0
ENSG00000248757.3,0.0
ENSG00000248758.1,0.0
ENSG00000248761.1,0.0
ENSG00000248762.3,0.0
ENSG00000248763.2,0.0
ENSG00000248764.2,0.0
ENSG00000248765.1,0.0
ENSG00000248766.2,0.0
ENSG00000248767.2,0.0
ENSG00000248769.1,22.636365
ENSG00000248770.1,0.0
ENSG00000248771.5,0.075836
ENSG00000248772.1,0.0
ENSG00000248773.1,0.0
ENSG00000248774.2,1.115874
ENSG00000248775.1,0.0
ENSG00000248777.1,0.0
ENSG00000248778.1,0.0
ENSG00000248779.1,0.0
ENSG00000248780.1,0.0
ENSG00000248781.1,0.0
ENSG00000248783.2,0.0
ENSG00000248785.1,0.0
ENSG00000248789.5,0.0
ENSG00000248790.1,0.0
ENSG00000248791.1,0.0
ENSG00000248792.2,0.0
ENSG00000248794.1,0.0
ENSG00000248795.1,0.0
ENSG00000248796.1,0.0
ENSG00000248799.2,0.0
ENSG00000248801.8,0.0
ENSG00000248802.2,0.0
ENSG00000248803.1,0.0
ENSG00000248807.1,0.0
ENSG00000248809.7,0.0
ENSG00000248810.5,5.535221
ENSG00000248813.1,0.0
ENSG00000248816.1,0.0
ENSG00000248817.1,0.0
ENSG00000248820.2,0.0
ENSG00000248821.1,0.0
ENSG00000248822.1,0.0
ENSG00000248824.2,0.0
ENSG00000248826.2,0.0
ENSG00000248827.1,0.0
ENSG00000248830.1,0.0
ENSG00000248831.2,0.0
ENSG00000248834.2,0.0
ENSG00000248837.8,0.0
ENSG00000248838.2,0.0
ENSG00000248839.2,0.0
ENSG00000248840.3,0.0
ENSG00000248842.1,0.0
ENSG00000248843.1,0.0
ENSG00000248844.6,0.0
ENSG00000248846.3,0.0
ENSG00000248847.2,0.0
ENSG00000248848.2,0.0
ENSG00000248850.1,0.0
ENSG00000248851.1,0.0
ENSG00000248853.1,0.0
ENSG00000248854.1,0.0
ENSG00000248858.8,0.0
ENSG00000248859.3,0.0
ENSG00000248863.3,0.0
ENSG00000248866.2,0.0
ENSG00000248867.1,0.0
ENSG00000248869.7,0.0
ENSG00000248870.1,0.0
ENSG00000248871.1,0.0
ENSG00000248872.2,0.0
ENSG00000248873.1,0.0
ENSG00000248874.6,1.737869
ENSG00000248876.1,0.0
ENSG00000248877.2,0.0
ENSG00000248878.1,0.0
ENSG00000248880.1,0.0
ENSG00000248881.1,0.0
ENSG00000248883.2,0.0
ENSG00000248884.3,0.806075
ENSG00000248885.1,0.0
ENSG00000248886.2,0.0
ENSG00000248890.5,0.0
ENSG00000248891.2,0.0
ENSG00000248893.4,0.0
ENSG00000248895.1,0.0
ENSG00000248896.4,0.0
ENSG00000248898.5,0.0
ENSG00000248901.3,0.0
ENSG00000248903.1,0.0
ENSG00000248905.10,1.503171
ENSG00000248907.1,0.0
ENSG00000248908.2,0.0
ENSG00000248909.1,0.0
ENSG00000248911.2,0.0
ENSG00000248912.1,0.0
ENSG00000248913.1,0.0
ENSG00000248915.2,0.0
ENSG00000248916.1,0.0
ENSG00000248918.3,0.0
ENSG00000248919.7,2.05705
ENSG00000248920.3,0.0
ENSG00000248921.1,0.0
ENSG00000248923.1,0.0
ENSG00000248924.3,0.0
ENSG00000248925.4,1.151239
ENSG00000248926.1,0.0
ENSG00000248927.2,0.0
ENSG00000248928.1,0.0
ENSG00000248929.1,0.0
ENSG00000248930.1,0.0
ENSG00000248931.1,0.0
ENSG00000248932.9,1.070944
ENSG00000248933.3,0.0
ENSG00000248935.2,0.0
ENSG00000248936.1,1.298718
ENSG00000248939.1,0.0
ENSG00000248943.2,0.0
ENSG00000248944.1,0.0
ENSG00000248946.2,0.0
ENSG00000248949.2,0.0
ENSG00000248950.1,0.0
ENSG00000248951.2,0.0
ENSG00000248954.2,0.0
ENSG00000248955.1,0.0
ENSG00000248956.1,0.0
ENSG00000248958.2,0.0
ENSG00000248962.1,0.0
ENSG00000248964.8,0.0
ENSG00000248965.2,0.0
ENSG00000248966.1,0.0
ENSG00000248967.1,0.0
ENSG00000248968.1,0.0
ENSG00000248969.2,0.0
ENSG00000248971.2,0.900629
ENSG00000248973.4,0.0
ENSG00000248975.3,0.0
ENSG00000248977.1,0.0
ENSG00000248978.2,0.0
ENSG00000248979.2,0.0
ENSG00000248980.1,0.0
ENSG00000248984.1,0.0
ENSG00000248987.2,0.0
ENSG00000248988.1,0.0
ENSG00000248989.1,0.0
ENSG00000248990.1,0.0
ENSG00000248993.1,0.0
ENSG00000248994.3,1.257511
ENSG00000248995.3,0.0
ENSG00000248996.2,0.0
ENSG00000248998.2,0.0
ENSG00000249000.1,0.0
ENSG00000249001.7,0.0
ENSG00000249002.2,0.0
ENSG00000249003.1,0.0
ENSG00000249004.1,0.0
ENSG00000249005.3,0.0
ENSG00000249006.1,0.0
ENSG00000249007.1,0.0
ENSG00000249012.2,0.0
ENSG00000249013.1,0.0
ENSG00000249014.2,0.0
ENSG00000249016.1,0.0
ENSG00000249017.1,0.0
ENSG00000249018.2,0.0
ENSG00000249019.2,0.0
ENSG00000249020.1,0.0
ENSG00000249021.1,0.0
ENSG00000249022.3,0.0
ENSG00000249023.1,0.0
ENSG00000249025.1,0.0
ENSG00000249026.2,0.0
ENSG00000249028.2,0.0
ENSG00000249030.1,0.0
ENSG00000249031.1,0.0
ENSG00000249032.1,0.0
ENSG00000249035.8,0.0
ENSG00000249036.1,0.0
ENSG00000249038.2,0.0
ENSG00000249041.1,0.0
ENSG00000249042.7,0.735757
ENSG00000249045.1,0.0
ENSG00000249047.2,0.0
ENSG00000249048.2,0.0
ENSG00000249049.1,0.0
ENSG00000249050.1,0.0
ENSG00000249051.2,0.0
ENSG00000249052.1,0.0
ENSG00000249053.1,0.0
ENSG00000249054.2,0.0
ENSG00000249055.1,0.0
ENSG00000249056.1,0.0
ENSG00000249057.1,0.0
ENSG00000249061.1,0.0
ENSG00000249064.1,0.0
ENSG00000249065.3,0.0
ENSG00000249066.2,0.0
ENSG00000249068.1,0.0
ENSG00000249071.2,0.0
ENSG00000249072.1,0.0
ENSG00000249073.1,0.0
ENSG00000249074.1,0.0
ENSG00000249077.1,0.0
ENSG00000249079.1,0.0
ENSG00000249081.1,0.0
ENSG00000249082.3,0.0
ENSG00000249084.1,0.0
ENSG00000249085.3,0.0
ENSG00000249086.1,1.518178
ENSG00000249087.10,0.388994
ENSG00000249089.1,0.0
ENSG00000249092.1,0.722812
ENSG00000249094.3,0.296758
ENSG00000249096.8,2.82081
ENSG00000249098.1,0.0
ENSG00000249099.1,0.0
ENSG00000249100.1,0.0
ENSG00000249101.1,0.0
ENSG00000249102.4,0.0
ENSG00000249103.2,0.0
ENSG00000249104.3,0.0
ENSG00000249105.2,0.0
ENSG00000249106.1,0.0
ENSG00000249109.2,0.0
ENSG00000249111.1,0.0
ENSG00000249112.1,0.0
ENSG00000249114.1,0.0
ENSG00000249115.9,4.136221
ENSG00000249116.3,0.0
ENSG00000249119.1,0.0
ENSG00000249123.1,0.0
ENSG00000249127.1,0.0
ENSG00000249128.1,0.0
ENSG00000249129.1,0.2921
ENSG00000249131.3,0.0
ENSG00000249135.1,0.0
ENSG00000249138.2,0.0
ENSG00000249139.2,0.0
ENSG00000249140.1,0.0
ENSG00000249141.1,5.731507
ENSG00000249142.1,0.0
ENSG00000249145.6,1.176815
ENSG00000249148.2,0.0
ENSG00000249149.3,0.0
ENSG00000249150.3,0.105194
ENSG00000249152.2,0.0
ENSG00000249153.1,0.0
ENSG00000249156.3,0.248623
ENSG00000249157.1,0.0
ENSG00000249158.7,0.0
ENSG00000249160.5,0.0
ENSG00000249162.1,0.0
ENSG00000249163.4,0.0
ENSG00000249167.3,0.0
ENSG00000249169.1,0.0
ENSG00000249170.1,0.0
ENSG00000249171.1,0.0
ENSG00000249173.9,0.313064
ENSG00000249174.1,0.0
ENSG00000249175.1,0.0
ENSG00000249176.1,0.0
ENSG00000249177.1,0.0
ENSG00000249180.1,0.0
ENSG00000249183.1,0.0
ENSG00000249186.3,0.0
ENSG00000249188.1,0.0
ENSG00000249189.1,0.0
ENSG00000249191.1,0.0
ENSG00000249192.1,0.0
ENSG00000249193.1,0.0
ENSG00000249196.7,0.0
ENSG00000249197.1,0.0
ENSG00000249198.1,0.0
ENSG00000249199.3,0.0
ENSG00000249200.1,0.0
ENSG00000249201.3,0.0
ENSG00000249206.2,0.0
ENSG00000249207.3,0.0
ENSG00000249209.2,0.0
ENSG00000249210.1,0.0
ENSG00000249212.1,0.0
ENSG00000249213.1,0.0
ENSG00000249215.1,0.0
ENSG00000249216.2,0.0
ENSG00000249219.1,0.0
ENSG00000249222.1,0.0
ENSG00000249225.2,0.0
ENSG00000249226.1,0.0
ENSG00000249228.1,0.314837
ENSG00000249229.2,0.0
ENSG00000249230.1,0.0
ENSG00000249231.9,0.0
ENSG00000249234.1,0.0
ENSG00000249235.1,0.0
ENSG00000249236.3,0.0
ENSG00000249237.6,0.0
ENSG00000249238.1,0.0
ENSG00000249239.2,0.0
ENSG00000249240.2,0.0
ENSG00000249241.3,0.0
ENSG00000249242.8,0.0
ENSG00000249244.1,0.0
ENSG00000249245.2,0.0
ENSG00000249247.1,0.0
ENSG00000249249.3,2.0506990000000003
ENSG00000249252.6,2.433754
ENSG00000249253.1,0.0
ENSG00000249255.1,0.0
ENSG00000249256.2,0.0
ENSG00000249257.1,0.0
ENSG00000249258.3,0.105795
ENSG00000249259.4,0.0
ENSG00000249261.2,1.05936
ENSG00000249262.2,0.0
ENSG00000249263.2,0.0
ENSG00000249264.1,0.373387
ENSG00000249266.1,0.0
ENSG00000249267.9,0.0
ENSG00000249270.1,0.0
ENSG00000249271.2,0.0
ENSG00000249272.1,0.0
ENSG00000249274.1,1.711142
ENSG00000249275.2,0.0
ENSG00000249276.1,0.0
ENSG00000249277.1,0.0
ENSG00000249278.1,0.0
ENSG00000249279.7,0.266137
ENSG00000249282.1,0.0
ENSG00000249283.3,0.0
ENSG00000249284.1,0.0
ENSG00000249285.1,0.0
ENSG00000249286.1,0.0
ENSG00000249287.1,0.0
ENSG00000249288.1,0.0
ENSG00000249289.1,0.0
ENSG00000249290.5,0.0
ENSG00000249293.1,0.0
ENSG00000249295.2,0.0
ENSG00000249297.3,0.0
ENSG00000249301.1,0.0
ENSG00000249302.2,0.0
ENSG00000249304.1,0.0
ENSG00000249305.1,0.0
ENSG00000249306.8,0.512746
ENSG00000249307.9,0.084903
ENSG00000249309.1,0.0
ENSG00000249310.2,0.0
ENSG00000249311.4,0.0
ENSG00000249312.1,0.0
ENSG00000249316.2,0.0
ENSG00000249317.3,0.0
ENSG00000249318.1,0.0
ENSG00000249319.2,0.0
ENSG00000249320.1,0.0
ENSG00000249321.1,0.0
ENSG00000249326.1,0.0
ENSG00000249328.4,0.282297
ENSG00000249330.3,0.0
ENSG00000249332.3,0.0
ENSG00000249333.1,0.0
ENSG00000249334.2,0.0
ENSG00000249337.2,0.0
ENSG00000249338.1,0.0
ENSG00000249341.1,0.0
ENSG00000249343.4,0.0
ENSG00000249345.9,0.0
ENSG00000249346.9,0.162839
ENSG00000249347.1,0.0
ENSG00000249348.3,1.249476
ENSG00000249349.1,1.104415
ENSG00000249351.2,0.0
ENSG00000249352.5,0.0
ENSG00000249353.2,0.0
ENSG00000249359.4,0.0
ENSG00000249360.1,0.0
ENSG00000249362.4,0.0
ENSG00000249363.1,0.0
ENSG00000249364.8,0.0
ENSG00000249367.1,0.0
ENSG00000249368.1,0.0
ENSG00000249372.1,0.0
ENSG00000249373.2,0.0
ENSG00000249375.9,0.186629
ENSG00000249378.9,0.615021
ENSG00000249379.3,0.0
ENSG00000249380.1,0.0
ENSG00000249382.3,0.0
ENSG00000249383.2,0.0
ENSG00000249386.1,0.0
ENSG00000249387.1,0.0
ENSG00000249388.4,0.059273
ENSG00000249392.1,0.0
ENSG00000249395.5,0.0
ENSG00000249396.3,0.0
ENSG00000249400.1,0.0
ENSG00000249403.1,0.0
ENSG00000249404.1,0.0
ENSG00000249405.1,0.0
ENSG00000249406.4,0.0
ENSG00000249407.1,0.0
ENSG00000249409.1,0.0
ENSG00000249410.1,0.0
ENSG00000249411.1,0.0
ENSG00000249412.1,0.0
ENSG00000249413.3,0.0
ENSG00000249416.2,0.0
ENSG00000249417.1,0.0
ENSG00000249418.2,0.0
ENSG00000249419.1,0.0
ENSG00000249421.3,0.0
ENSG00000249425.1,0.0
ENSG00000249426.1,0.0
ENSG00000249429.1,0.0
ENSG00000249433.1,0.0
ENSG00000249435.1,0.0
ENSG00000249436.3,0.0
ENSG00000249437.8,3.917889
ENSG00000249438.2,0.0
ENSG00000249439.1,0.0
ENSG00000249441.1,0.0
ENSG00000249443.1,0.0
ENSG00000249444.3,0.0
ENSG00000249446.2,0.0
ENSG00000249448.1,0.0
ENSG00000249449.1,0.0
ENSG00000249451.1,0.0
ENSG00000249452.2,0.0
ENSG00000249453.1,0.0
ENSG00000249454.1,0.0
ENSG00000249456.1,0.0
ENSG00000249458.1,0.0
ENSG00000249459.12,0.0
ENSG00000249460.3,0.0
ENSG00000249462.1,0.0
ENSG00000249464.8,0.0
ENSG00000249465.1,0.0
ENSG00000249467.2,0.0
ENSG00000249471.8,1.4708899999999998
ENSG00000249472.1,0.0
ENSG00000249474.1,0.0
ENSG00000249476.2,0.9676790000000001
ENSG00000249478.2,0.0
ENSG00000249479.2,0.0
ENSG00000249481.7,0.0
ENSG00000249482.1,0.0
ENSG00000249484.10,0.0
ENSG00000249485.1,0.0
ENSG00000249486.1,0.0
ENSG00000249487.8,0.0
ENSG00000249488.1,0.0
ENSG00000249489.1,0.0
ENSG00000249490.2,0.0
ENSG00000249491.2,0.0
ENSG00000249493.1,0.0
ENSG00000249494.7,0.0
ENSG00000249495.1,0.0
ENSG00000249497.1,0.0
ENSG00000249500.1,0.112773
ENSG00000249501.1,0.0
ENSG00000249502.3,0.0
ENSG00000249503.1,0.0
ENSG00000249504.3,0.0
ENSG00000249505.1,0.0
ENSG00000249506.4,0.0
ENSG00000249509.2,0.0
ENSG00000249510.1,0.0
ENSG00000249513.3,0.0
ENSG00000249514.1,0.0
ENSG00000249515.2,0.0
ENSG00000249516.1,0.0
ENSG00000249518.1,0.0
ENSG00000249519.2,1.040881
ENSG00000249520.1,0.0
ENSG00000249521.2,0.0
ENSG00000249522.1,0.0
ENSG00000249525.1,0.0
ENSG00000249526.2,0.0
ENSG00000249531.2,0.0
ENSG00000249532.7,0.0
ENSG00000249534.3,0.0
ENSG00000249539.1,0.0
ENSG00000249540.1,0.0
ENSG00000249541.1,0.0
ENSG00000249542.2,0.0
ENSG00000249545.1,0.0
ENSG00000249547.1,0.0
ENSG00000249550.9,0.119055
ENSG00000249551.2,0.0
ENSG00000249553.1,0.0
ENSG00000249555.2,0.0
ENSG00000249557.2,0.0
ENSG00000249558.1,0.0
ENSG00000249562.1,0.0
ENSG00000249563.1,0.0
ENSG00000249564.1,0.0
ENSG00000249565.2,0.0
ENSG00000249568.1,0.0
ENSG00000249571.1,0.0
ENSG00000249572.4,0.12893
ENSG00000249574.1,0.0
ENSG00000249577.1,0.0
ENSG00000249579.2,0.0
ENSG00000249580.1,0.0
ENSG00000249581.2,0.0
ENSG00000249582.1,0.0
ENSG00000249584.1,0.0
ENSG00000249588.2,0.0
ENSG00000249590.7,0.0
ENSG00000249592.8,9.356243000000001
ENSG00000249593.7,0.315771
ENSG00000249599.3,0.0
ENSG00000249600.1,0.0
ENSG00000249601.2,0.209496
ENSG00000249602.1,0.0
ENSG00000249605.1,0.0
ENSG00000249606.1,0.0
ENSG00000249607.1,0.0
ENSG00000249609.2,0.0
ENSG00000249610.1,0.0
ENSG00000249613.2,0.0
ENSG00000249614.2,0.243169
ENSG00000249616.1,0.0
ENSG00000249617.1,0.0
ENSG00000249618.7,0.0
ENSG00000249619.1,0.0
ENSG00000249620.1,0.0
ENSG00000249621.2,0.0
ENSG00000249623.1,0.0
ENSG00000249624.10,7.91038
ENSG00000249626.1,0.0
ENSG00000249627.1,0.0
ENSG00000249628.4,0.0
ENSG00000249631.8,0.0
ENSG00000249633.1,0.0
ENSG00000249634.1,0.0
ENSG00000249635.1,0.0
ENSG00000249637.5,1.313821
ENSG00000249639.2,0.0
ENSG00000249641.3,0.0
ENSG00000249642.3,0.0
ENSG00000249646.3,0.0
ENSG00000249647.3,0.0
ENSG00000249649.1,0.0
ENSG00000249650.2,0.0
ENSG00000249654.1,0.0
ENSG00000249655.1,0.0
ENSG00000249658.1,0.0
ENSG00000249661.1,0.0
ENSG00000249662.7,2.967436
ENSG00000249664.2,0.0
ENSG00000249667.3,1.034847
ENSG00000249668.1,0.0
ENSG00000249669.13,0.300859
ENSG00000249673.10,6.275046
ENSG00000249675.1,0.0
ENSG00000249678.1,0.0
ENSG00000249679.4,0.085326
ENSG00000249680.2,0.0
ENSG00000249681.2,0.0
ENSG00000249685.1,0.0
ENSG00000249686.1,0.0
ENSG00000249688.1,0.0
ENSG00000249689.1,0.0
ENSG00000249690.1,0.0
ENSG00000249691.1,0.0
ENSG00000249692.1,0.0
ENSG00000249693.3,0.0
ENSG00000249695.6,0.0
ENSG00000249697.1,0.0
ENSG00000249698.1,0.0
ENSG00000249699.2,0.0
ENSG00000249700.10,0.552755
ENSG00000249706.1,0.0
ENSG00000249709.8,2.784491
ENSG00000249710.2,0.0
ENSG00000249713.1,0.0
ENSG00000249715.13,0.0
ENSG00000249717.1,0.0
ENSG00000249721.1,0.0
ENSG00000249722.1,0.0
ENSG00000249725.2,0.0
ENSG00000249726.1,0.0
ENSG00000249727.3,0.0
ENSG00000249729.2,0.0
ENSG00000249730.1,0.0
ENSG00000249735.1,0.0
ENSG00000249736.2,0.52056
ENSG00000249737.1,0.0
ENSG00000249738.11,0.326866
ENSG00000249740.5,0.427418
ENSG00000249741.2,0.638225
ENSG00000249742.3,0.0
ENSG00000249743.9,0.284237
ENSG00000249744.1,0.0
ENSG00000249745.1,0.0
ENSG00000249746.4,0.0
ENSG00000249747.2,0.0
ENSG00000249748.2,0.0
ENSG00000249751.4,0.0
ENSG00000249752.1,0.0
ENSG00000249753.2,0.0
ENSG00000249754.2,0.0
ENSG00000249755.2,0.0
ENSG00000249761.1,0.0
ENSG00000249763.1,0.0
ENSG00000249764.1,0.0
ENSG00000249766.1,0.0
ENSG00000249767.1,0.0
ENSG00000249768.2,0.0
ENSG00000249770.1,0.0
ENSG00000249771.3,0.0
ENSG00000249772.1,0.0
ENSG00000249773.3,0.0
ENSG00000249774.1,0.0
ENSG00000249776.6,0.0
ENSG00000249777.1,0.0
ENSG00000249778.1,0.0
ENSG00000249779.1,0.0
ENSG00000249780.1,0.0
ENSG00000249781.8,0.0
ENSG00000249782.3,0.0
ENSG00000249784.1,0.0
ENSG00000249785.4,0.0
ENSG00000249786.8,0.0
ENSG00000249787.3,0.0
ENSG00000249790.4,324.17188
ENSG00000249791.1,0.0
ENSG00000249792.1,0.0
ENSG00000249795.1,0.0
ENSG00000249797.3,0.0
ENSG00000249798.1,0.0
ENSG00000249799.1,0.0
ENSG00000249803.7,0.0
ENSG00000249806.2,0.957948
ENSG00000249807.1,0.887904
ENSG00000249808.5,0.0
ENSG00000249811.3,0.0
ENSG00000249815.3,0.0
ENSG00000249816.9,0.0
ENSG00000249818.3,0.0
ENSG00000249819.1,0.0
ENSG00000249820.1,0.0
ENSG00000249825.7,0.164587
ENSG00000249828.2,0.0
ENSG00000249829.2,0.0
ENSG00000249830.2,0.0
ENSG00000249831.2,0.0
ENSG00000249833.8,0.0
ENSG00000249834.3,0.0
ENSG00000249835.2,0.0
ENSG00000249838.1,0.0
ENSG00000249839.1,0.0
ENSG00000249840.2,0.0
ENSG00000249842.1,0.0
ENSG00000249843.1,0.0
ENSG00000249844.1,0.0
ENSG00000249846.8,0.48272099999999996
ENSG00000249847.2,0.508543
ENSG00000249848.1,0.0
ENSG00000249849.2,0.0
ENSG00000249850.1,0.202068
ENSG00000249851.1,0.0
ENSG00000249852.1,0.0
ENSG00000249853.9,0.0
ENSG00000249854.4,0.0
ENSG00000249855.1,0.0
ENSG00000249856.1,0.0
ENSG00000249857.1,0.0
ENSG00000249858.2,0.0
ENSG00000249859.15,14.700732
ENSG00000249861.4,0.0
ENSG00000249863.2,0.256669
ENSG00000249865.2,0.0
ENSG00000249866.1,0.0
ENSG00000249867.7,0.0
ENSG00000249868.5,0.0
ENSG00000249869.1,0.0
ENSG00000249870.1,0.0
ENSG00000249873.8,0.0
ENSG00000249875.1,0.0
ENSG00000249876.1,0.0
ENSG00000249877.1,0.0
ENSG00000249878.1,0.0
ENSG00000249881.2,0.0
ENSG00000249882.3,0.0
ENSG00000249883.1,0.0
ENSG00000249884.8,0.0
ENSG00000249885.1,0.0
ENSG00000249887.1,0.0
ENSG00000249888.1,0.0
ENSG00000249889.1,0.0
ENSG00000249890.1,0.0
ENSG00000249891.2,0.0
ENSG00000249892.2,0.0
ENSG00000249893.1,0.0
ENSG00000249894.1,0.0
ENSG00000249896.3,0.0
ENSG00000249898.11,3.0127870000000003
ENSG00000249899.7,0.0
ENSG00000249901.1,0.0
ENSG00000249904.1,0.0
ENSG00000249906.2,0.0
ENSG00000249908.2,0.0
ENSG00000249909.1,0.0
ENSG00000249910.3,0.0
ENSG00000249912.1,0.0
ENSG00000249915.9,62.916405
ENSG00000249916.1,0.0
ENSG00000249917.4,0.0
ENSG00000249919.1,0.0
ENSG00000249920.2,0.0
ENSG00000249921.2,0.0
ENSG00000249923.2,0.095767
ENSG00000249924.3,0.0
ENSG00000249926.3,0.0
ENSG00000249927.1,0.0
ENSG00000249928.2,0.0
ENSG00000249930.1,0.0
ENSG00000249931.5,0.077538
ENSG00000249934.2,0.0
ENSG00000249936.3,0.0
ENSG00000249937.10,0.0
ENSG00000249941.2,0.0
ENSG00000249942.2,0.0
ENSG00000249943.1,0.0
ENSG00000249944.1,0.0
ENSG00000249945.2,0.0
ENSG00000249947.2,0.483136
ENSG00000249948.7,0.0
ENSG00000249950.1,0.0
ENSG00000249951.1,0.0
ENSG00000249955.3,0.0
ENSG00000249956.4,0.0
ENSG00000249958.1,0.0
ENSG00000249959.7,0.0
ENSG00000249960.2,0.0
ENSG00000249961.10,0.0
ENSG00000249963.1,0.0
ENSG00000249965.2,0.0
ENSG00000249966.2,0.0
ENSG00000249967.1,0.0
ENSG00000249970.1,0.0
ENSG00000249971.1,0.0
ENSG00000249973.2,0.0
ENSG00000249975.1,0.0
ENSG00000249976.2,0.0
ENSG00000249977.1,0.0
ENSG00000249978.1,3.994856
ENSG00000249981.2,0.0
ENSG00000249982.1,0.0
ENSG00000249985.1,0.0
ENSG00000249986.1,0.0
ENSG00000249987.1,0.0
ENSG00000249990.1,0.0
ENSG00000249992.2,0.54546
ENSG00000249993.2,0.455949
ENSG00000249994.1,0.0
ENSG00000249995.1,0.0
ENSG00000249996.2,0.0
ENSG00000249997.1,0.0
ENSG00000249998.1,0.0
ENSG00000250001.1,0.0
ENSG00000250006.2,0.0
ENSG00000250007.10,0.076752
ENSG00000250011.1,2.930934
ENSG00000250013.1,0.0
ENSG00000250015.1,0.0
ENSG00000250016.2,0.0
ENSG00000250017.1,0.0
ENSG00000250020.1,0.0
ENSG00000250021.7,11.931295
ENSG00000250024.2,0.0
ENSG00000250025.3,0.0
ENSG00000250026.6,0.0
ENSG00000250027.2,0.0
ENSG00000250030.2,0.0
ENSG00000250031.1,0.0
ENSG00000250032.2,0.0
ENSG00000250033.6,0.0
ENSG00000250034.1,0.0
ENSG00000250036.1,2.663237
ENSG00000250037.1,0.0
ENSG00000250038.8,0.0
ENSG00000250039.4,0.0
ENSG00000250040.2,0.0
ENSG00000250041.4,8.903433999999999
ENSG00000250042.1,0.0
ENSG00000250043.2,0.0
ENSG00000250045.2,0.0
ENSG00000250048.2,0.0
ENSG00000250049.8,0.0
ENSG00000250050.1,0.0
ENSG00000250053.1,0.0
ENSG00000250056.9,0.0
ENSG00000250057.1,0.0
ENSG00000250062.6,0.0
ENSG00000250064.2,0.0
ENSG00000250066.2,0.0
ENSG00000250067.12,1.433149
ENSG00000250068.1,0.0
ENSG00000250069.1,0.078459
ENSG00000250071.1,0.0
ENSG00000250072.9,0.0
ENSG00000250073.5,0.284965
ENSG00000250074.1,0.0
ENSG00000250075.8,0.0
ENSG00000250076.1,0.0
ENSG00000250079.1,0.0
ENSG00000250080.1,0.0
ENSG00000250081.1,1.249402
ENSG00000250082.1,0.0
ENSG00000250084.1,0.0
ENSG00000250088.1,0.0
ENSG00000250090.1,0.0
ENSG00000250091.3,0.267755
ENSG00000250092.3,0.0
ENSG00000250095.5,0.0
ENSG00000250098.2,0.0
ENSG00000250099.1,0.0
ENSG00000250100.2,0.0
ENSG00000250102.7,0.0
ENSG00000250103.4,0.0
ENSG00000250105.1,0.0
ENSG00000250106.1,0.0
ENSG00000250107.2,0.0
ENSG00000250111.3,0.0
ENSG00000250114.1,0.0
ENSG00000250115.2,0.0
ENSG00000250116.3,0.0
ENSG00000250118.1,0.0
ENSG00000250120.8,0.01827
ENSG00000250122.1,0.0
ENSG00000250124.1,0.0
ENSG00000250125.6,0.0
ENSG00000250126.2,0.0
ENSG00000250127.1,0.0
ENSG00000250129.6,0.0
ENSG00000250130.1,0.274414
ENSG00000250131.3,0.33728
ENSG00000250132.7,0.0
ENSG00000250133.2,0.0
ENSG00000250135.1,0.0
ENSG00000250137.1,0.0
ENSG00000250138.5,47.778702
ENSG00000250140.1,0.0
ENSG00000250141.2,0.0
ENSG00000250144.1,0.0
ENSG00000250145.1,0.0
ENSG00000250147.1,0.0
ENSG00000250148.1,0.0
ENSG00000250149.2,0.0
ENSG00000250150.1,0.0
ENSG00000250151.9,13.056401000000001
ENSG00000250155.4,2.257641
ENSG00000250159.8,1.206316
ENSG00000250161.1,0.0
ENSG00000250162.1,0.0
ENSG00000250164.1,0.0
ENSG00000250166.5,0.0
ENSG00000250167.2,0.0
ENSG00000250169.1,0.0
ENSG00000250170.1,0.0
ENSG00000250173.2,0.0
ENSG00000250180.1,0.0
ENSG00000250182.3,0.0
ENSG00000250183.2,0.0
ENSG00000250185.2,0.0
ENSG00000250186.4,0.0
ENSG00000250189.2,0.0
ENSG00000250190.3,0.0
ENSG00000250191.1,0.0
ENSG00000250192.2,0.0
ENSG00000250193.1,0.0
ENSG00000250194.1,0.0
ENSG00000250195.2,0.0
ENSG00000250197.1,0.0
ENSG00000250198.6,0.0
ENSG00000250200.1,0.0
ENSG00000250202.2,0.0
ENSG00000250204.3,0.0
ENSG00000250205.1,0.0
ENSG00000250207.1,0.0
ENSG00000250208.8,0.0
ENSG00000250213.2,0.0
ENSG00000250214.1,0.0
ENSG00000250215.1,0.0
ENSG00000250218.2,0.19846
ENSG00000250219.2,0.0
ENSG00000250220.2,0.0
ENSG00000250221.1,0.0
ENSG00000250222.5,0.797115
ENSG00000250223.1,0.0
ENSG00000250227.1,0.0
ENSG00000250229.1,0.0
ENSG00000250230.4,0.0
ENSG00000250231.1,0.0
ENSG00000250238.1,0.0
ENSG00000250240.7,0.237473
ENSG00000250241.8,0.0
ENSG00000250242.1,0.0
ENSG00000250243.3,0.0
ENSG00000250244.6,0.0
ENSG00000250247.1,0.0
ENSG00000250249.2,0.0
ENSG00000250250.3,0.0
ENSG00000250251.7,0.531695
ENSG00000250252.2,0.0
ENSG00000250253.3,0.0
ENSG00000250254.2,1.649434
ENSG00000250256.2,0.0
ENSG00000250257.1,0.0
ENSG00000250258.2,0.0
ENSG00000250259.1,0.0
ENSG00000250260.1,0.0
ENSG00000250261.1,0.0
ENSG00000250263.3,0.0
ENSG00000250264.1,4.304596
ENSG00000250266.4,0.0
ENSG00000250267.2,0.0
ENSG00000250268.3,0.0
ENSG00000250271.3,0.0
ENSG00000250272.1,0.0
ENSG00000250273.1,0.0
ENSG00000250274.3,1.764651
ENSG00000250277.2,0.0
ENSG00000250280.2,0.0
ENSG00000250282.1,0.0
ENSG00000250286.2,0.0
ENSG00000250289.1,0.0
ENSG00000250290.1,0.0
ENSG00000250292.1,0.0
ENSG00000250293.1,0.0
ENSG00000250295.7,0.0
ENSG00000250298.6,0.0
ENSG00000250299.7,0.0
ENSG00000250300.1,0.0
ENSG00000250302.4,0.0
ENSG00000250303.7,1.4862190000000002
ENSG00000250304.2,0.0
ENSG00000250305.9,0.047298
ENSG00000250306.1,0.0
ENSG00000250307.2,0.0
ENSG00000250308.2,0.0
ENSG00000250309.3,1.21396
ENSG00000250312.8,2.483134
ENSG00000250313.4,0.0
ENSG00000250315.3,0.0
ENSG00000250316.1,0.0
ENSG00000250317.9,4.280323
ENSG00000250318.1,19.510542
ENSG00000250319.1,0.0
ENSG00000250320.8,0.0
ENSG00000250321.1,0.0
ENSG00000250322.2,0.0
ENSG00000250324.2,0.0
ENSG00000250325.1,0.0
ENSG00000250326.3,0.681826
ENSG00000250327.1,0.0
ENSG00000250328.8,0.0
ENSG00000250329.1,0.0
ENSG00000250330.1,0.0
ENSG00000250331.3,0.0
ENSG00000250332.1,0.0
ENSG00000250333.2,0.0
ENSG00000250334.9,3.448134
ENSG00000250337.11,0.694318
ENSG00000250338.1,0.0
ENSG00000250339.2,0.0
ENSG00000250340.2,0.0
ENSG00000250341.2,0.0
ENSG00000250342.1,0.0
ENSG00000250343.2,0.0
ENSG00000250344.1,0.0
ENSG00000250345.2,0.0
ENSG00000250346.1,0.0
ENSG00000250347.1,0.0
ENSG00000250348.2,1.504328
ENSG00000250349.3,0.0
ENSG00000250350.1,0.0
ENSG00000250351.1,0.0
ENSG00000250354.1,0.0
ENSG00000250356.1,0.0
ENSG00000250357.2,0.0
ENSG00000250358.8,0.0
ENSG00000250359.1,0.0
ENSG00000250361.10,12.979258
ENSG00000250362.2,0.0
ENSG00000250363.1,0.0
ENSG00000250364.6,0.0
ENSG00000250365.8,0.109012
ENSG00000250366.4,0.0
ENSG00000250371.1,0.0
ENSG00000250372.1,0.0
ENSG00000250374.5,0.0
ENSG00000250375.2,0.0
ENSG00000250376.1,0.0
ENSG00000250377.3,0.0
ENSG00000250378.4,0.0
ENSG00000250379.1,0.0
ENSG00000250381.1,0.0
ENSG00000250383.1,0.0
ENSG00000250384.1,0.0
ENSG00000250385.2,0.0
ENSG00000250386.1,0.0
ENSG00000250387.4,0.097035
ENSG00000250389.1,0.0
ENSG00000250390.3,1.65659
ENSG00000250391.1,0.0
ENSG00000250392.3,0.0
ENSG00000250393.1,0.0
ENSG00000250397.2,0.237855
ENSG00000250398.1,0.0
ENSG00000250402.2,0.0
ENSG00000250403.1,0.0
ENSG00000250405.2,0.0
ENSG00000250406.3,0.0
ENSG00000250407.2,0.0
ENSG00000250409.1,0.0
ENSG00000250410.1,0.0
ENSG00000250412.1,0.0
ENSG00000250413.2,0.0
ENSG00000250416.2,0.0
ENSG00000250417.2,0.0
ENSG00000250420.9,0.0
ENSG00000250421.6,0.0
ENSG00000250422.1,0.0
ENSG00000250423.3,0.0
ENSG00000250424.4,0.0
ENSG00000250425.1,0.0
ENSG00000250426.3,0.0
ENSG00000250427.2,0.0
ENSG00000250428.1,0.0
ENSG00000250430.1,0.0
ENSG00000250432.6,0.0
ENSG00000250433.2,0.0
ENSG00000250436.2,0.0
ENSG00000250437.1,0.0
ENSG00000250438.1,0.0
ENSG00000250441.1,0.0
ENSG00000250442.1,0.0
ENSG00000250444.1,0.0
ENSG00000250447.7,0.0
ENSG00000250448.2,0.0
ENSG00000250451.6,0.0
ENSG00000250453.3,0.0
ENSG00000250455.1,0.0
ENSG00000250456.1,0.0
ENSG00000250458.2,0.0
ENSG00000250461.1,0.0
ENSG00000250462.9,0.0
ENSG00000250464.1,0.0
ENSG00000250467.2,0.0
ENSG00000250470.1,0.0
ENSG00000250471.2,0.0
ENSG00000250472.1,0.0
ENSG00000250473.1,0.0
ENSG00000250474.2,0.0
ENSG00000250475.1,0.0
ENSG00000250476.1,0.0
ENSG00000250479.9,114.889635
ENSG00000250480.3,0.0
ENSG00000250482.3,0.0
ENSG00000250483.1,0.0
ENSG00000250484.2,0.0
ENSG00000250485.1,0.0
ENSG00000250486.6,0.0
ENSG00000250488.3,0.0
ENSG00000250490.1,0.099809
ENSG00000250492.1,0.0
ENSG00000250493.2,0.14523
ENSG00000250494.1,0.0
ENSG00000250496.2,0.0
ENSG00000250497.1,0.14528
ENSG00000250500.1,0.0
ENSG00000250501.4,0.244332
ENSG00000250503.1,0.0
ENSG00000250504.2,0.0
ENSG00000250505.1,0.0
ENSG00000250506.9,7.36226
ENSG00000250507.1,0.0
ENSG00000250508.1,0.290556
ENSG00000250509.3,0.0
ENSG00000250510.8,16.806642
ENSG00000250514.2,0.0
ENSG00000250515.1,0.0
ENSG00000250516.1,0.0
ENSG00000250517.3,0.0
ENSG00000250519.8,0.0
ENSG00000250522.2,0.0
ENSG00000250523.1,0.0
ENSG00000250524.1,0.0
ENSG00000250526.1,0.0
ENSG00000250529.2,0.0
ENSG00000250532.2,0.0
ENSG00000250535.1,0.0
ENSG00000250536.1,0.235609
ENSG00000250538.7,0.0
ENSG00000250539.1,0.0
ENSG00000250540.1,0.0
ENSG00000250541.1,0.0
ENSG00000250543.2,0.0
ENSG00000250544.3,0.0
ENSG00000250546.7,0.0
ENSG00000250547.1,0.0
ENSG00000250548.8,0.45898000000000005
ENSG00000250550.3,0.0
ENSG00000250555.2,0.0
ENSG00000250556.1,0.0
ENSG00000250560.2,0.0
ENSG00000250561.2,0.0
ENSG00000250562.1,0.0
ENSG00000250563.1,0.0
ENSG00000250564.3,0.0
ENSG00000250565.7,5.778055999999999
ENSG00000250566.1,0.0
ENSG00000250568.1,0.0
ENSG00000250569.1,0.0
ENSG00000250571.7,27.827261
ENSG00000250572.2,0.0
ENSG00000250573.1,0.0
ENSG00000250574.1,0.0
ENSG00000250575.1,141.239089
ENSG00000250576.2,0.0
ENSG00000250577.1,0.0
ENSG00000250579.4,0.0
ENSG00000250580.1,0.0
ENSG00000250582.2,0.0
ENSG00000250583.1,0.0
ENSG00000250584.4,0.0
ENSG00000250585.4,0.0
ENSG00000250587.2,0.0
ENSG00000250590.7,0.0
ENSG00000250591.3,0.0
ENSG00000250592.1,0.0
ENSG00000250594.2,0.0
ENSG00000250596.3,0.0
ENSG00000250597.5,0.0
ENSG00000250600.3,0.0
ENSG00000250602.7,0.0
ENSG00000250603.1,0.0
ENSG00000250604.3,0.0
ENSG00000250608.3,2.8640120000000002
ENSG00000250609.1,0.0
ENSG00000250611.1,0.0
ENSG00000250612.2,0.0
ENSG00000250613.1,0.0
ENSG00000250614.2,0.0
ENSG00000250615.1,0.0
ENSG00000250616.5,11.288572
ENSG00000250618.1,0.0
ENSG00000250619.1,0.0
ENSG00000250620.3,0.207346
ENSG00000250622.1,0.0
ENSG00000250623.1,0.0
ENSG00000250624.1,0.0
ENSG00000250625.1,0.0
ENSG00000250626.4,0.0
ENSG00000250627.2,0.0
ENSG00000250629.1,0.0
ENSG00000250630.1,0.0
ENSG00000250632.2,0.0
ENSG00000250634.8,0.329287
ENSG00000250635.2,0.0
ENSG00000250636.1,0.0
ENSG00000250637.2,0.0
ENSG00000250640.2,0.0
ENSG00000250641.1,0.0
ENSG00000250642.3,0.0
ENSG00000250643.2,0.0
ENSG00000250644.3,4.4666120000000005
ENSG00000250645.1,0.0
ENSG00000250646.1,0.0
ENSG00000250650.1,0.0
ENSG00000250651.1,0.0
ENSG00000250654.8,0.0
ENSG00000250655.1,0.0
ENSG00000250656.2,0.0
ENSG00000250657.1,0.0
ENSG00000250658.2,0.0
ENSG00000250659.2,0.0
ENSG00000250662.1,0.0
ENSG00000250665.1,0.0
ENSG00000250666.2,0.0
ENSG00000250667.1,0.0
ENSG00000250668.3,0.0
ENSG00000250669.1,0.0
ENSG00000250672.1,0.0
ENSG00000250673.3,0.574354
ENSG00000250674.1,0.0
ENSG00000250677.1,0.0
ENSG00000250678.1,0.0
ENSG00000250681.1,0.0
ENSG00000250682.7,0.468088
ENSG00000250684.4,0.0
ENSG00000250685.7,0.094224
ENSG00000250688.1,0.0
ENSG00000250692.1,0.0
ENSG00000250693.2,0.0
ENSG00000250694.1,0.0
ENSG00000250696.6,1.357543
ENSG00000250697.3,0.0
ENSG00000250698.2,0.0
ENSG00000250699.1,0.0
ENSG00000250703.1,0.0
ENSG00000250704.1,0.0
ENSG00000250705.1,0.0
ENSG00000250706.1,0.0
ENSG00000250708.4,0.0
ENSG00000250709.1,0.0
ENSG00000250710.3,0.0
ENSG00000250711.1,0.0
ENSG00000250712.1,0.0
ENSG00000250714.4,0.0
ENSG00000250715.1,0.0
ENSG00000250719.2,0.0
ENSG00000250721.1,0.0
ENSG00000250722.6,0.0
ENSG00000250723.8,0.0
ENSG00000250725.2,0.0
ENSG00000250726.1,0.0
ENSG00000250727.1,0.0
ENSG00000250728.1,0.0
ENSG00000250730.2,0.0
ENSG00000250731.1,0.0
ENSG00000250732.1,0.0
ENSG00000250733.6,0.0
ENSG00000250734.2,0.0
ENSG00000250735.5,0.0
ENSG00000250739.2,0.0
ENSG00000250740.1,0.0
ENSG00000250741.6,0.0
ENSG00000250742.7,0.0
ENSG00000250745.3,0.0
ENSG00000250746.1,0.0
ENSG00000250747.1,0.0
ENSG00000250748.7,0.0
ENSG00000250749.1,0.0
ENSG00000250750.1,0.0
ENSG00000250751.2,0.0
ENSG00000250752.2,0.0
ENSG00000250753.2,0.0
ENSG00000250754.7,0.322355
ENSG00000250756.1,0.0
ENSG00000250761.2,0.0
ENSG00000250762.1,0.0
ENSG00000250764.1,0.34621
ENSG00000250765.1,0.0
ENSG00000250767.1,0.0
ENSG00000250768.1,0.0
ENSG00000250769.2,0.0
ENSG00000250770.6,0.0
ENSG00000250771.3,0.0
ENSG00000250772.7,0.0
ENSG00000250775.3,0.0
ENSG00000250778.1,0.0
ENSG00000250781.3,0.0
ENSG00000250782.1,0.0
ENSG00000250786.5,0.0
ENSG00000250787.1,0.0
ENSG00000250788.1,0.0
ENSG00000250790.4,0.0
ENSG00000250791.2,0.0
ENSG00000250794.2,0.0
ENSG00000250796.1,0.0
ENSG00000250799.11,0.0
ENSG00000250801.3,0.0
ENSG00000250802.8,1.368044
ENSG00000250803.7,0.0
ENSG00000250804.1,0.0
ENSG00000250806.2,0.0
ENSG00000250808.1,0.0
ENSG00000250812.2,0.0
ENSG00000250813.1,0.0
ENSG00000250814.4,0.0
ENSG00000250815.1,0.0
ENSG00000250816.1,0.0
ENSG00000250819.2,0.0
ENSG00000250820.1,0.0
ENSG00000250821.3,0.0
ENSG00000250822.2,0.0
ENSG00000250825.1,0.0
ENSG00000250826.2,0.0
ENSG00000250827.1,0.0
ENSG00000250828.2,0.0
ENSG00000250829.3,0.0
ENSG00000250830.1,0.0
ENSG00000250831.2,0.0
ENSG00000250833.1,0.0
ENSG00000250834.1,0.0
ENSG00000250835.1,0.0
ENSG00000250838.2,0.0
ENSG00000250839.1,0.0
ENSG00000250842.2,0.0
ENSG00000250844.3,0.0
ENSG00000250846.7,0.0
ENSG00000250847.1,0.0
ENSG00000250848.1,0.0
ENSG00000250850.4,0.0
ENSG00000250853.1,0.0
ENSG00000250855.3,0.0
ENSG00000250857.3,0.0
ENSG00000250858.1,0.0
ENSG00000250859.1,0.0
ENSG00000250860.1,0.0
ENSG00000250862.1,0.0
ENSG00000250863.3,0.0
ENSG00000250865.1,0.0
ENSG00000250866.1,0.0
ENSG00000250868.5,0.0
ENSG00000250869.2,0.0
ENSG00000250874.2,0.0
ENSG00000250877.1,0.0
ENSG00000250878.6,0.204016
ENSG00000250882.1,0.0
ENSG00000250884.1,0.0
ENSG00000250885.1,0.0
ENSG00000250886.1,0.0
ENSG00000250887.1,0.0
ENSG00000250888.1,0.0
ENSG00000250890.1,0.0
ENSG00000250891.4,0.0
ENSG00000250892.1,0.0
ENSG00000250893.1,0.0
ENSG00000250894.1,0.0
ENSG00000250895.1,0.0
ENSG00000250896.1,0.0
ENSG00000250897.2,0.0
ENSG00000250899.3,0.0
ENSG00000250900.7,0.0
ENSG00000250902.1,0.0
ENSG00000250903.12,1.919318
ENSG00000250905.1,0.0
ENSG00000250906.1,0.0
ENSG00000250908.1,0.0
ENSG00000250909.1,0.0
ENSG00000250910.9,0.0
ENSG00000250913.2,0.0
ENSG00000250914.1,0.0
ENSG00000250915.4,0.0
ENSG00000250917.1,0.0
ENSG00000250919.1,0.0
ENSG00000250920.4,0.523001
ENSG00000250921.2,0.0
ENSG00000250922.1,0.0
ENSG00000250923.1,0.0
ENSG00000250927.1,0.0
ENSG00000250928.1,0.0
ENSG00000250929.2,0.0
ENSG00000250930.6,0.0
ENSG00000250933.1,0.0
ENSG00000250934.4,0.43629300000000004
ENSG00000250938.9,0.20754
ENSG00000250939.2,0.0
ENSG00000250940.1,0.0
ENSG00000250942.1,0.0
ENSG00000250945.1,0.0
ENSG00000250946.2,0.0
ENSG00000250947.1,0.0
ENSG00000250949.2,0.0
ENSG00000250950.1,0.291578
ENSG00000250951.1,0.0
ENSG00000250954.7,0.0
ENSG00000250955.1,0.0
ENSG00000250956.1,0.0
ENSG00000250958.1,0.0
ENSG00000250959.5,0.0
ENSG00000250961.3,0.0
ENSG00000250962.1,0.0
ENSG00000250966.2,0.0
ENSG00000250968.2,0.0
ENSG00000250969.2,0.0
ENSG00000250971.4,0.0
ENSG00000250972.1,0.0
ENSG00000250973.1,0.0
ENSG00000250974.4,0.0
ENSG00000250976.1,0.0
ENSG00000250977.1,0.0
ENSG00000250978.6,0.0
ENSG00000250979.1,0.0
ENSG00000250980.1,0.0
ENSG00000250981.4,0.0
ENSG00000250982.2,0.0
ENSG00000250983.1,0.0
ENSG00000250984.1,0.0
ENSG00000250986.1,0.0
ENSG00000250988.9,1.505612
ENSG00000250990.1,0.0
ENSG00000250992.5,0.093906
ENSG00000250993.1,0.0
ENSG00000250994.4,0.0
ENSG00000250995.1,0.255489
ENSG00000250997.1,0.0
ENSG00000250999.3,0.8605729999999999
ENSG00000251000.1,0.0
ENSG00000251001.1,0.0
ENSG00000251002.10,3.807162
ENSG00000251003.10,0.0
ENSG00000251005.1,0.0
ENSG00000251008.1,0.0
ENSG00000251009.2,0.389935
ENSG00000251010.1,0.0
ENSG00000251011.6,0.0
ENSG00000251012.2,0.0
ENSG00000251013.1,0.0
ENSG00000251014.1,0.0
ENSG00000251015.2,0.0
ENSG00000251017.1,0.0
ENSG00000251018.2,0.0
ENSG00000251019.1,0.0
ENSG00000251022.6,4.170845999999999
ENSG00000251023.1,0.224899
ENSG00000251025.1,0.0
ENSG00000251026.3,0.0
ENSG00000251027.3,0.0
ENSG00000251031.2,0.0
ENSG00000251032.1,0.0
ENSG00000251033.2,0.0
ENSG00000251034.2,0.7211240000000001
ENSG00000251035.1,0.0
ENSG00000251038.1,0.0
ENSG00000251039.4,0.0
ENSG00000251040.2,0.0
ENSG00000251045.1,0.0
ENSG00000251046.2,0.103432
ENSG00000251048.1,0.0
ENSG00000251049.2,0.0
ENSG00000251050.1,0.0
ENSG00000251051.1,0.0
ENSG00000251054.1,0.0
ENSG00000251055.2,0.0
ENSG00000251056.1,0.0
ENSG00000251058.1,0.0
ENSG00000251059.6,0.0
ENSG00000251061.2,0.0
ENSG00000251062.1,0.0
ENSG00000251066.1,0.0
ENSG00000251072.3,0.0
ENSG00000251073.1,0.0
ENSG00000251074.1,0.0
ENSG00000251075.3,0.47803
ENSG00000251076.2,0.0
ENSG00000251078.1,0.0
ENSG00000251079.7,0.0
ENSG00000251080.1,0.0
ENSG00000251081.2,0.0
ENSG00000251087.3,0.0
ENSG00000251088.1,0.0
ENSG00000251090.3,0.0
ENSG00000251093.1,0.54867
ENSG00000251095.9,0.0
ENSG00000251099.2,0.0
ENSG00000251101.1,0.0
ENSG00000251102.1,0.305318
ENSG00000251105.1,0.0
ENSG00000251106.1,0.0
ENSG00000251107.1,0.0
ENSG00000251108.1,0.0
ENSG00000251111.2,0.0
ENSG00000251112.2,0.0
ENSG00000251113.2,0.0
ENSG00000251118.1,0.0
ENSG00000251122.1,0.0
ENSG00000251123.1,0.0
ENSG00000251125.1,0.0
ENSG00000251126.3,0.0
ENSG00000251127.3,0.0
ENSG00000251128.1,0.0
ENSG00000251129.4,0.310867
ENSG00000251131.4,1.8948909999999999
ENSG00000251132.1,0.0
ENSG00000251135.2,0.0
ENSG00000251136.12,3.918374
ENSG00000251137.1,0.0
ENSG00000251138.8,0.0
ENSG00000251139.3,0.0
ENSG00000251141.7,0.0
ENSG00000251142.1,0.0
ENSG00000251143.1,0.275025
ENSG00000251147.1,0.0
ENSG00000251148.1,0.0
ENSG00000251149.1,0.0
ENSG00000251151.3,0.0
ENSG00000251152.1,0.0
ENSG00000251154.2,0.0
ENSG00000251155.2,0.0
ENSG00000251158.2,0.0
ENSG00000251159.1,0.0
ENSG00000251161.5,1.75394
ENSG00000251162.1,0.0
ENSG00000251163.1,0.0
ENSG00000251165.7,0.231778
ENSG00000251166.1,0.0
ENSG00000251168.1,0.0
ENSG00000251169.4,0.0
ENSG00000251170.7,0.0
ENSG00000251171.1,0.0
ENSG00000251172.1,0.0
ENSG00000251173.1,0.0
ENSG00000251174.1,0.0
ENSG00000251175.6,0.0
ENSG00000251176.1,0.0
ENSG00000251177.2,0.0
ENSG00000251178.1,0.0
ENSG00000251179.2,0.8721000000000001
ENSG00000251182.3,0.0
ENSG00000251183.1,0.0
ENSG00000251184.1,0.0
ENSG00000251185.2,0.0
ENSG00000251186.1,0.0
ENSG00000251187.6,0.0
ENSG00000251188.1,0.0
ENSG00000251189.1,0.0
ENSG00000251191.9,0.0
ENSG00000251192.8,0.674816
ENSG00000251193.1,0.0
ENSG00000251194.2,1.770952
ENSG00000251195.1,0.0
ENSG00000251196.1,0.0
ENSG00000251197.1,0.0
ENSG00000251199.7,0.0
ENSG00000251200.3,0.0
ENSG00000251201.8,1.636212
ENSG00000251203.1,0.0
ENSG00000251204.1,0.0
ENSG00000251205.4,0.0
ENSG00000251206.1,0.0
ENSG00000251209.12,0.553436
ENSG00000251210.6,0.0
ENSG00000251211.1,0.0
ENSG00000251212.1,0.0
ENSG00000251213.1,0.0
ENSG00000251214.1,0.0
ENSG00000251215.1,1.128297
ENSG00000251216.3,0.0
ENSG00000251219.2,0.0
ENSG00000251220.2,0.0
ENSG00000251221.1,0.0
ENSG00000251223.1,0.0
ENSG00000251224.1,0.0
ENSG00000251226.3,0.0
ENSG00000251228.1,0.0
ENSG00000251229.1,0.0
ENSG00000251230.8,7.073331
ENSG00000251234.1,0.0
ENSG00000251235.3,0.0
ENSG00000251236.1,0.0
ENSG00000251237.1,0.0
ENSG00000251239.2,0.0
ENSG00000251243.1,0.0
ENSG00000251244.4,0.067458
ENSG00000251246.1,0.0
ENSG00000251247.13,1.799812
ENSG00000251248.2,0.0
ENSG00000251249.3,0.089699
ENSG00000251250.4,0.0
ENSG00000251252.1,0.0
ENSG00000251253.1,0.0
ENSG00000251254.1,0.0
ENSG00000251256.2,0.0
ENSG00000251257.4,0.0
ENSG00000251258.2,0.0
ENSG00000251259.2,7.733655
ENSG00000251260.2,0.0
ENSG00000251261.4,0.0
ENSG00000251264.2,0.0
ENSG00000251266.2,0.0
ENSG00000251270.1,0.0
ENSG00000251271.3,0.0
ENSG00000251273.5,0.0
ENSG00000251276.1,0.0
ENSG00000251278.1,0.0
ENSG00000251279.4,0.0
ENSG00000251281.1,0.0
ENSG00000251283.2,0.0
ENSG00000251284.2,0.0
ENSG00000251285.2,0.0
ENSG00000251286.2,0.0
ENSG00000251287.9,0.0
ENSG00000251288.2,0.0
ENSG00000251291.3,0.0
ENSG00000251292.1,0.0
ENSG00000251293.2,0.0
ENSG00000251294.1,0.0
ENSG00000251296.1,0.0
ENSG00000251297.1,0.0
ENSG00000251298.2,0.0
ENSG00000251299.1,0.0
ENSG00000251300.1,0.0
ENSG00000251301.9,8.912715
ENSG00000251303.1,0.0
ENSG00000251306.1,0.0
ENSG00000251307.2,0.0
ENSG00000251308.1,0.0
ENSG00000251309.1,0.0
ENSG00000251310.2,0.0
ENSG00000251311.1,0.0
ENSG00000251312.2,0.0
ENSG00000251313.1,0.0
ENSG00000251320.1,0.0
ENSG00000251321.2,0.0
ENSG00000251322.12,0.0
ENSG00000251323.4,0.0
ENSG00000251324.1,0.0
ENSG00000251325.2,0.0
ENSG00000251326.2,0.0
ENSG00000251329.2,0.0
ENSG00000251330.3,0.0
ENSG00000251332.1,0.0
ENSG00000251333.3,0.0
ENSG00000251334.2,0.0
ENSG00000251338.1,0.0
ENSG00000251339.7,0.0
ENSG00000251340.1,0.0
ENSG00000251342.1,0.0
ENSG00000251345.2,0.0
ENSG00000251347.2,0.0
ENSG00000251348.1,0.0
ENSG00000251349.3,0.0
ENSG00000251350.3,0.0
ENSG00000251352.1,0.0
ENSG00000251353.1,0.0
ENSG00000251354.3,0.0
ENSG00000251356.1,0.0
ENSG00000251357.4,0.0
ENSG00000251359.5,0.351678
ENSG00000251360.2,0.0
ENSG00000251361.2,0.0
ENSG00000251363.4,0.0
ENSG00000251364.10,1.713267
ENSG00000251365.7,0.569931
ENSG00000251366.1,0.0
ENSG00000251367.1,0.0
ENSG00000251368.1,0.0
ENSG00000251369.10,1.282141
ENSG00000251370.1,0.0
ENSG00000251371.2,0.0
ENSG00000251372.9,0.0
ENSG00000251373.1,0.0
ENSG00000251374.1,0.0
ENSG00000251376.1,0.0
ENSG00000251377.3,0.0
ENSG00000251378.1,0.0
ENSG00000251380.3,0.838136
ENSG00000251381.8,0.0
ENSG00000251383.1,0.0
ENSG00000251385.2,0.0
ENSG00000251387.1,0.0
ENSG00000251388.2,0.0
ENSG00000251389.1,0.0
ENSG00000251391.6,0.0
ENSG00000251393.5,0.0
ENSG00000251394.6,0.0
ENSG00000251395.1,0.0
ENSG00000251396.10,0.271486
ENSG00000251398.2,0.0
ENSG00000251400.1,0.0
ENSG00000251401.2,0.0
ENSG00000251402.3,0.0
ENSG00000251405.3,0.246972
ENSG00000251407.1,0.0
ENSG00000251408.1,0.0
ENSG00000251409.3,0.96015
ENSG00000251410.3,0.0
ENSG00000251411.1,0.24213
ENSG00000251412.1,0.0
ENSG00000251413.1,0.0
ENSG00000251414.1,0.0
ENSG00000251417.3,0.23917
ENSG00000251418.2,0.0
ENSG00000251419.1,0.0
ENSG00000251421.2,0.0
ENSG00000251423.3,0.0
ENSG00000251424.1,0.0
ENSG00000251426.2,0.0
ENSG00000251427.1,0.0
ENSG00000251429.2,0.0
ENSG00000251430.1,0.0
ENSG00000251431.1,0.0
ENSG00000251432.9,0.5132300000000001
ENSG00000251433.1,0.0
ENSG00000251434.1,0.541992
ENSG00000251435.1,0.0
ENSG00000251436.2,0.0
ENSG00000251437.1,0.0
ENSG00000251438.2,0.0
ENSG00000251439.1,0.0
ENSG00000251440.2,0.0
ENSG00000251441.4,0.318172
ENSG00000251442.9,2.3492040000000003
ENSG00000251443.4,0.0
ENSG00000251445.2,0.0
ENSG00000251446.1,0.0
ENSG00000251447.1,0.0
ENSG00000251448.2,0.0
ENSG00000251449.2,0.0
ENSG00000251450.3,0.868187
ENSG00000251451.1,0.0
ENSG00000251452.2,0.0
ENSG00000251453.1,0.0
ENSG00000251455.1,0.0
ENSG00000251456.1,0.0
ENSG00000251458.2,0.0
ENSG00000251459.3,0.0
ENSG00000251460.2,0.0
ENSG00000251461.4,0.0
ENSG00000251463.2,0.0
ENSG00000251464.2,0.0
ENSG00000251467.1,0.418569
ENSG00000251468.2,0.090651
ENSG00000251470.1,0.0
ENSG00000251471.2,0.0
ENSG00000251473.2,0.0
ENSG00000251474.8,0.0
ENSG00000251476.2,0.0
ENSG00000251477.1,0.0
ENSG00000251478.1,0.0
ENSG00000251482.1,0.0
ENSG00000251483.2,0.0
ENSG00000251484.3,0.0
ENSG00000251485.1,0.0
ENSG00000251487.2,0.0
ENSG00000251488.1,0.0
ENSG00000251489.2,0.0
ENSG00000251490.1,0.0
ENSG00000251491.2,0.0
ENSG00000251492.1,0.0
ENSG00000251493.5,0.0
ENSG00000251495.1,0.0
ENSG00000251497.3,0.0
ENSG00000251498.1,0.0
ENSG00000251501.1,0.0
ENSG00000251503.8,2.196556
ENSG00000251504.2,0.0
ENSG00000251508.1,0.0
ENSG00000251510.2,0.0
ENSG00000251511.2,0.0
ENSG00000251513.3,0.0
ENSG00000251515.1,0.0
ENSG00000251516.1,0.0
ENSG00000251517.1,0.0
ENSG00000251520.1,0.0
ENSG00000251521.3,0.0
ENSG00000251523.1,0.0
ENSG00000251525.7,0.0
ENSG00000251526.2,0.0
ENSG00000251527.1,0.0
ENSG00000251529.1,0.0
ENSG00000251533.3,0.0
ENSG00000251535.1,0.0
ENSG00000251536.3,0.247798
ENSG00000251537.4,0.0
ENSG00000251538.8,0.0
ENSG00000251539.1,0.0
ENSG00000251542.1,0.0
ENSG00000251543.2,0.0
ENSG00000251544.1,0.0
ENSG00000251545.3,0.0
ENSG00000251546.1,70.899892
ENSG00000251548.1,0.0
ENSG00000251549.2,0.0
ENSG00000251550.1,0.0
ENSG00000251552.1,0.0
ENSG00000251553.1,0.0
ENSG00000251555.2,0.0
ENSG00000251556.1,0.0
ENSG00000251557.5,0.0
ENSG00000251562.13,71.360899
ENSG00000251563.1,0.0
ENSG00000251566.1,0.0
ENSG00000251567.6,0.0
ENSG00000251568.1,0.0
ENSG00000251569.1,0.0
ENSG00000251571.1,0.0
ENSG00000251572.2,0.0
ENSG00000251573.3,0.0
ENSG00000251574.9,0.196183
ENSG00000251575.4,0.0
ENSG00000251576.2,0.0
ENSG00000251577.5,0.0
ENSG00000251578.1,0.0
ENSG00000251579.1,0.0
ENSG00000251580.4,0.973683
ENSG00000251581.1,0.0
ENSG00000251583.1,0.0
ENSG00000251584.3,0.0
ENSG00000251585.1,0.0
ENSG00000251586.2,0.0
ENSG00000251587.1,0.0
ENSG00000251588.2,0.0
ENSG00000251590.1,0.0
ENSG00000251591.2,0.0
ENSG00000251593.1,0.0
ENSG00000251595.8,0.0
ENSG00000251596.1,0.0
ENSG00000251597.1,0.0
ENSG00000251598.3,0.0
ENSG00000251599.1,0.0
ENSG00000251600.10,0.825163
ENSG00000251601.1,0.0
ENSG00000251602.8,0.213009
ENSG00000251604.2,0.0
ENSG00000251605.1,0.0
ENSG00000251608.2,0.0
ENSG00000251609.2,0.0
ENSG00000251610.2,0.0
ENSG00000251611.2,0.0
ENSG00000251614.1,0.0
ENSG00000251615.3,1.308827
ENSG00000251616.2,0.0
ENSG00000251618.1,0.0
ENSG00000251619.2,0.0
ENSG00000251620.4,0.19457
ENSG00000251621.1,0.0
ENSG00000251623.4,0.0
ENSG00000251624.1,0.0
ENSG00000251627.1,0.0
ENSG00000251629.8,0.0
ENSG00000251630.1,0.0
ENSG00000251632.2,0.0
ENSG00000251633.3,0.0
ENSG00000251634.2,0.0
ENSG00000251635.3,0.0
ENSG00000251636.1,0.0
ENSG00000251637.7,0.139139
ENSG00000251638.1,0.0
ENSG00000251639.2,0.0
ENSG00000251642.2,0.0
ENSG00000251643.1,0.0
ENSG00000251644.1,0.0
ENSG00000251647.2,0.0
ENSG00000251648.2,0.453573
ENSG00000251649.3,0.0
ENSG00000251655.7,0.0
ENSG00000251656.1,0.0
ENSG00000251660.1,3.42695
ENSG00000251661.4,4.0498259999999995
ENSG00000251663.1,0.0
ENSG00000251664.5,0.0
ENSG00000251665.2,0.0
ENSG00000251666.1,0.80384
ENSG00000251667.1,0.0
ENSG00000251668.2,0.0
ENSG00000251669.7,0.0
ENSG00000251670.2,0.0
ENSG00000251675.1,0.0
ENSG00000251676.3,0.361996
ENSG00000251680.7,0.0
ENSG00000251682.1,0.556905
ENSG00000251685.3,0.0
ENSG00000251686.1,0.0
ENSG00000251687.1,0.0
ENSG00000251688.3,0.0
ENSG00000251689.1,0.0
ENSG00000251691.2,0.0
ENSG00000251692.8,0.180712
ENSG00000251694.1,0.0
ENSG00000251697.1,0.0
ENSG00000251698.1,0.0
ENSG00000251702.1,0.0
ENSG00000251703.1,0.0
ENSG00000251704.1,0.0
ENSG00000251705.1,0.0
ENSG00000251706.1,0.0
ENSG00000251707.2,0.0
ENSG00000251711.1,0.0
ENSG00000251712.3,0.0
ENSG00000251714.1,0.0
ENSG00000251715.1,0.0
ENSG00000251717.1,0.0
ENSG00000251718.1,0.0
ENSG00000251719.1,0.0
ENSG00000251720.1,0.0
ENSG00000251722.1,0.0
ENSG00000251724.1,0.0
ENSG00000251726.1,0.0
ENSG00000251727.1,0.0
ENSG00000251728.1,0.0
ENSG00000251729.1,0.0
ENSG00000251730.1,0.0
ENSG00000251732.1,0.0
ENSG00000251733.1,0.0
ENSG00000251735.1,0.0
ENSG00000251739.1,0.0
ENSG00000251741.1,0.0
ENSG00000251742.1,0.0
ENSG00000251744.1,0.0
ENSG00000251745.1,0.0
ENSG00000251746.1,0.0
ENSG00000251747.1,0.0
ENSG00000251748.1,0.0
ENSG00000251750.1,0.0
ENSG00000251751.1,0.0
ENSG00000251752.1,0.0
ENSG00000251753.1,0.0
ENSG00000251754.1,0.0
ENSG00000251756.1,0.0
ENSG00000251759.1,0.0
ENSG00000251760.1,0.0
ENSG00000251761.1,0.0
ENSG00000251763.1,0.0
ENSG00000251764.1,0.0
ENSG00000251766.1,0.0
ENSG00000251767.1,0.0
ENSG00000251768.1,0.0
ENSG00000251770.1,0.0
ENSG00000251771.2,0.0
ENSG00000251773.1,0.0
ENSG00000251774.1,0.0
ENSG00000251775.1,0.0
ENSG00000251776.1,0.0
ENSG00000251778.1,0.0
ENSG00000251779.1,0.0
ENSG00000251781.1,0.0
ENSG00000251783.1,0.0
ENSG00000251785.1,0.0
ENSG00000251787.1,0.0
ENSG00000251788.1,0.0
ENSG00000251789.2,0.0
ENSG00000251791.1,4.769339
ENSG00000251792.1,0.0
ENSG00000251794.1,0.0
ENSG00000251798.1,0.0
ENSG00000251799.1,0.0
ENSG00000251802.1,0.0
ENSG00000251803.1,0.0
ENSG00000251804.1,0.0
ENSG00000251805.1,0.0
ENSG00000251807.1,0.0
ENSG00000251809.1,0.0
ENSG00000251810.1,0.0
ENSG00000251811.1,0.0
ENSG00000251812.1,0.0
ENSG00000251813.1,0.0
ENSG00000251814.1,0.0
ENSG00000251815.1,0.0
ENSG00000251816.1,0.0
ENSG00000251818.1,0.0
ENSG00000251819.1,0.0
ENSG00000251821.1,0.0
ENSG00000251822.1,0.0
ENSG00000251823.2,0.0
ENSG00000251825.1,0.0
ENSG00000251828.1,0.0
ENSG00000251829.1,0.0
ENSG00000251830.1,0.0
ENSG00000251831.1,0.0
ENSG00000251834.1,0.0
ENSG00000251835.1,0.0
ENSG00000251837.1,0.0
ENSG00000251838.1,0.0
ENSG00000251839.1,0.0
ENSG00000251840.1,0.0
ENSG00000251841.1,0.0
ENSG00000251842.1,0.0
ENSG00000251843.1,0.0
ENSG00000251844.1,0.0
ENSG00000251850.1,0.0
ENSG00000251851.1,0.0
ENSG00000251852.1,0.0
ENSG00000251854.1,0.0
ENSG00000251856.1,0.0
ENSG00000251857.1,0.0
ENSG00000251858.1,0.0
ENSG00000251859.1,0.0
ENSG00000251861.1,0.0
ENSG00000251862.2,0.0
ENSG00000251864.1,0.0
ENSG00000251865.1,0.0
ENSG00000251866.1,0.0
ENSG00000251867.4,0.150186
ENSG00000251868.1,0.0
ENSG00000251869.1,0.0
ENSG00000251870.1,0.0
ENSG00000251873.1,0.0
ENSG00000251874.1,0.0
ENSG00000251875.1,0.0
ENSG00000251877.1,0.0
ENSG00000251878.1,0.0
ENSG00000251880.1,0.0
ENSG00000251882.1,0.0
ENSG00000251883.1,0.0
ENSG00000251884.1,0.0
ENSG00000251886.1,0.0
ENSG00000251887.2,0.0
ENSG00000251888.1,0.0
ENSG00000251889.1,0.0
ENSG00000251890.1,0.0
ENSG00000251891.1,0.0
ENSG00000251892.1,0.0
ENSG00000251893.2,0.0
ENSG00000251895.1,0.0
ENSG00000251896.1,0.0
ENSG00000251897.1,0.0
ENSG00000251898.1,0.0
ENSG00000251900.1,0.0
ENSG00000251904.1,0.0
ENSG00000251905.1,0.0
ENSG00000251906.2,0.0
ENSG00000251907.1,0.0
ENSG00000251908.1,0.0
ENSG00000251913.1,0.0
ENSG00000251914.1,0.0
ENSG00000251915.1,0.0
ENSG00000251916.1,0.0
ENSG00000251917.1,0.0
ENSG00000251919.1,0.0
ENSG00000251920.1,0.0
ENSG00000251922.1,0.0
ENSG00000251923.1,0.0
ENSG00000251924.1,0.0
ENSG00000251925.1,0.0
ENSG00000251929.1,0.0
ENSG00000251931.1,0.0
ENSG00000251934.1,0.0
ENSG00000251935.1,0.0
ENSG00000251936.1,0.0
ENSG00000251937.1,0.0
ENSG00000251939.1,0.0
ENSG00000251940.1,0.0
ENSG00000251941.1,0.0
ENSG00000251942.1,0.0
ENSG00000251943.1,0.0
ENSG00000251946.1,0.0
ENSG00000251947.1,0.0
ENSG00000251951.1,0.0
ENSG00000251952.1,0.0
ENSG00000251954.1,0.0
ENSG00000251955.1,0.0
ENSG00000251957.1,0.0
ENSG00000251958.1,0.0
ENSG00000251960.1,0.0
ENSG00000251961.1,0.0
ENSG00000251965.1,0.0
ENSG00000251967.1,0.0
ENSG00000251971.1,0.0
ENSG00000251972.1,0.0
ENSG00000251973.1,0.0
ENSG00000251974.1,0.0
ENSG00000251975.1,0.0
ENSG00000251976.1,0.0
ENSG00000251977.1,0.0
ENSG00000251978.1,0.0
ENSG00000251980.1,0.0
ENSG00000251981.1,0.0
ENSG00000251982.1,0.0
ENSG00000251983.1,0.0
ENSG00000251985.1,0.0
ENSG00000251986.1,0.0
ENSG00000251987.1,0.0
ENSG00000251988.1,0.0
ENSG00000251990.1,0.0
ENSG00000251991.1,0.0
ENSG00000251992.1,0.0
ENSG00000251993.1,0.0
ENSG00000251994.1,0.0
ENSG00000251996.1,0.0
ENSG00000251997.1,0.0
ENSG00000251998.1,0.0
ENSG00000251999.1,0.0
ENSG00000252001.1,0.0
ENSG00000252002.1,0.0
ENSG00000252003.1,0.0
ENSG00000252005.2,0.0
ENSG00000252008.1,0.0
ENSG00000252010.1,0.0
ENSG00000252011.1,0.0
ENSG00000252012.1,0.0
ENSG00000252013.1,0.0
ENSG00000252014.1,0.0
ENSG00000252015.1,0.0
ENSG00000252016.1,0.0
ENSG00000252017.1,0.0
ENSG00000252018.1,0.0
ENSG00000252019.1,0.0
ENSG00000252020.1,0.0
ENSG00000252021.1,0.0
ENSG00000252022.1,0.0
ENSG00000252023.1,0.0
ENSG00000252025.1,0.0
ENSG00000252026.1,0.0
ENSG00000252027.1,0.0
ENSG00000252028.1,0.0
ENSG00000252029.1,0.0
ENSG00000252030.1,0.0
ENSG00000252031.1,0.0
ENSG00000252032.1,0.0
ENSG00000252033.1,0.0
ENSG00000252034.1,0.0
ENSG00000252035.1,0.0
ENSG00000252036.1,0.0
ENSG00000252037.1,0.0
ENSG00000252039.1,0.0
ENSG00000252040.1,0.0
ENSG00000252041.1,0.0
ENSG00000252042.1,0.0
ENSG00000252045.1,0.0
ENSG00000252046.1,0.0
ENSG00000252047.1,0.0
ENSG00000252049.1,0.0
ENSG00000252050.1,0.0
ENSG00000252051.1,0.0
ENSG00000252053.1,0.0
ENSG00000252057.2,0.0
ENSG00000252060.1,0.0
ENSG00000252061.1,0.0
ENSG00000252062.1,0.0
ENSG00000252063.1,0.0
ENSG00000252064.1,0.0
ENSG00000252065.1,0.0
ENSG00000252066.1,0.0
ENSG00000252067.1,0.0
ENSG00000252068.1,0.0
ENSG00000252069.1,0.0
ENSG00000252070.1,0.0
ENSG00000252072.1,0.0
ENSG00000252073.1,0.0
ENSG00000252074.1,0.0
ENSG00000252076.1,0.0
ENSG00000252079.1,0.0
ENSG00000252080.1,0.0
ENSG00000252081.1,0.0
ENSG00000252082.1,0.0
ENSG00000252083.1,0.0
ENSG00000252084.1,0.0
ENSG00000252086.1,0.0
ENSG00000252087.1,0.0
ENSG00000252089.1,0.0
ENSG00000252091.1,0.0
ENSG00000252094.1,0.0
ENSG00000252096.1,0.0
ENSG00000252097.1,0.0
ENSG00000252098.1,0.0
ENSG00000252101.2,0.0
ENSG00000252103.1,0.0
ENSG00000252104.1,0.0
ENSG00000252106.2,0.0
ENSG00000252107.1,0.0
ENSG00000252108.1,0.0
ENSG00000252112.1,0.0
ENSG00000252113.2,0.0
ENSG00000252115.1,0.0
ENSG00000252116.1,0.0
ENSG00000252117.1,0.0
ENSG00000252118.1,0.0
ENSG00000252119.1,0.0
ENSG00000252121.1,0.0
ENSG00000252122.1,0.0
ENSG00000252125.1,0.0
ENSG00000252126.2,0.0
ENSG00000252128.1,0.0
ENSG00000252129.1,0.0
ENSG00000252130.1,0.0
ENSG00000252132.1,0.0
ENSG00000252135.1,0.0
ENSG00000252136.1,0.0
ENSG00000252137.1,0.0
ENSG00000252138.1,0.0
ENSG00000252139.1,0.0
ENSG00000252141.1,0.0
ENSG00000252145.1,0.0
ENSG00000252147.1,0.0
ENSG00000252148.1,0.0
ENSG00000252151.1,0.0
ENSG00000252153.1,0.0
ENSG00000252155.1,0.0
ENSG00000252156.1,0.0
ENSG00000252157.1,0.0
ENSG00000252158.1,0.0
ENSG00000252161.1,0.0
ENSG00000252162.1,0.0
ENSG00000252163.1,0.0
ENSG00000252164.1,0.0
ENSG00000252167.1,0.0
ENSG00000252169.1,0.0
ENSG00000252170.2,0.0
ENSG00000252171.1,0.0
ENSG00000252172.1,0.0
ENSG00000252173.1,0.0
ENSG00000252174.1,0.0
ENSG00000252178.1,0.0
ENSG00000252179.1,0.0
ENSG00000252182.1,0.0
ENSG00000252183.1,0.0
ENSG00000252184.1,0.0
ENSG00000252185.1,0.0
ENSG00000252186.1,0.0
ENSG00000252188.1,0.0
ENSG00000252190.1,0.0
ENSG00000252191.1,0.0
ENSG00000252192.1,0.0
ENSG00000252193.1,0.0
ENSG00000252198.1,0.0
ENSG00000252199.1,0.0
ENSG00000252200.1,0.0
ENSG00000252202.1,0.0
ENSG00000252204.1,0.0
ENSG00000252205.1,0.0
ENSG00000252206.1,0.0
ENSG00000252207.1,0.0
ENSG00000252209.1,0.0
ENSG00000252210.1,0.0
ENSG00000252211.1,0.0
ENSG00000252212.1,0.0
ENSG00000252213.1,0.0
ENSG00000252214.1,0.0
ENSG00000252217.1,0.0
ENSG00000252218.1,0.0
ENSG00000252219.2,0.0
ENSG00000252220.1,0.0
ENSG00000252222.1,0.0
ENSG00000252223.1,0.0
ENSG00000252224.1,0.0
ENSG00000252225.1,0.0
ENSG00000252228.1,0.0
ENSG00000252230.1,0.0
ENSG00000252231.1,0.0
ENSG00000252233.1,1.73107
ENSG00000252236.1,0.0
ENSG00000252237.1,0.0
ENSG00000252238.1,0.0
ENSG00000252242.1,0.0
ENSG00000252243.1,0.0
ENSG00000252244.1,0.0
ENSG00000252246.1,0.0
ENSG00000252247.2,0.0
ENSG00000252249.1,0.0
ENSG00000252250.1,0.0
ENSG00000252252.1,0.0
ENSG00000252254.1,0.0
ENSG00000252255.1,0.0
ENSG00000252257.1,0.0
ENSG00000252258.1,0.0
ENSG00000252259.1,0.0
ENSG00000252260.1,0.0
ENSG00000252261.1,0.0
ENSG00000252262.1,0.0
ENSG00000252263.1,0.0
ENSG00000252264.1,0.0
ENSG00000252266.1,0.0
ENSG00000252267.1,0.0
ENSG00000252268.1,0.0
ENSG00000252269.1,0.0
ENSG00000252271.1,0.0
ENSG00000252272.1,0.0
ENSG00000252273.1,0.0
ENSG00000252274.1,12.566745
ENSG00000252275.1,0.0
ENSG00000252277.1,0.0
ENSG00000252279.1,0.0
ENSG00000252282.1,0.0
ENSG00000252283.1,0.0
ENSG00000252284.1,0.0
ENSG00000252287.1,0.0
ENSG00000252288.1,0.0
ENSG00000252289.1,0.0
ENSG00000252290.1,0.0
ENSG00000252291.1,0.0
ENSG00000252292.1,0.0
ENSG00000252294.1,0.0
ENSG00000252296.2,0.0
ENSG00000252297.1,0.0
ENSG00000252301.1,0.0
ENSG00000252302.1,0.0
ENSG00000252305.1,0.0
ENSG00000252307.1,0.0
ENSG00000252311.1,0.0
ENSG00000252312.1,0.0
ENSG00000252313.1,0.0
ENSG00000252315.1,0.0
ENSG00000252316.1,0.0
ENSG00000252317.1,0.0
ENSG00000252319.1,0.0
ENSG00000252320.1,0.0
ENSG00000252321.1,0.0
ENSG00000252322.1,5.261695
ENSG00000252325.1,0.0
ENSG00000252326.1,0.0
ENSG00000252328.1,0.0
ENSG00000252329.1,0.0
ENSG00000252332.1,0.0
ENSG00000252333.1,0.0
ENSG00000252334.1,0.0
ENSG00000252335.1,0.0
ENSG00000252336.1,0.0
ENSG00000252337.1,0.0
ENSG00000252338.1,0.0
ENSG00000252339.1,0.0
ENSG00000252341.1,0.0
ENSG00000252342.1,0.0
ENSG00000252343.1,0.0
ENSG00000252346.1,0.0
ENSG00000252347.1,0.0
ENSG00000252348.1,0.0
ENSG00000252349.1,0.0
ENSG00000252350.1,0.0
ENSG00000252351.1,0.0
ENSG00000252352.1,0.0
ENSG00000252353.1,0.0
ENSG00000252355.1,0.0
ENSG00000252357.1,0.0
ENSG00000252358.1,0.0
ENSG00000252361.1,0.0
ENSG00000252362.1,0.0
ENSG00000252363.1,0.0
ENSG00000252364.1,0.0
ENSG00000252366.1,0.0
ENSG00000252367.1,0.0
ENSG00000252368.1,0.0
ENSG00000252369.1,0.0
ENSG00000252370.1,0.0
ENSG00000252371.1,0.0
ENSG00000252373.1,0.0
ENSG00000252374.1,0.0
ENSG00000252376.1,0.0
ENSG00000252377.1,0.0
ENSG00000252383.1,0.0
ENSG00000252385.1,0.0
ENSG00000252386.1,0.0
ENSG00000252390.1,0.0
ENSG00000252391.1,0.0
ENSG00000252393.1,0.0
ENSG00000252395.2,0.0
ENSG00000252396.1,0.0
ENSG00000252397.1,0.0
ENSG00000252398.1,0.0
ENSG00000252400.1,0.0
ENSG00000252401.1,0.0
ENSG00000252404.1,0.0
ENSG00000252407.1,0.0
ENSG00000252408.1,0.0
ENSG00000252409.1,0.0
ENSG00000252410.1,0.0
ENSG00000252411.1,0.0
ENSG00000252412.1,0.0
ENSG00000252413.1,0.0
ENSG00000252414.1,0.0
ENSG00000252415.1,0.0
ENSG00000252416.1,0.0
ENSG00000252417.1,0.0
ENSG00000252420.1,0.0
ENSG00000252421.1,0.0
ENSG00000252422.1,0.0
ENSG00000252423.1,0.0
ENSG00000252424.1,0.0
ENSG00000252425.1,0.0
ENSG00000252427.1,0.0
ENSG00000252428.1,0.0
ENSG00000252429.2,0.0
ENSG00000252431.1,0.0
ENSG00000252433.1,0.0
ENSG00000252436.1,0.0
ENSG00000252437.1,0.0
ENSG00000252438.1,0.0
ENSG00000252441.1,0.0
ENSG00000252443.1,0.0
ENSG00000252444.1,0.0
ENSG00000252446.1,0.0
ENSG00000252448.1,0.0
ENSG00000252449.1,0.0
ENSG00000252450.1,0.0
ENSG00000252451.1,0.0
ENSG00000252452.1,0.0
ENSG00000252454.3,0.0
ENSG00000252456.1,0.0
ENSG00000252457.1,0.0
ENSG00000252458.1,0.0
ENSG00000252459.1,0.0
ENSG00000252460.1,0.0
ENSG00000252461.1,0.0
ENSG00000252462.1,0.0
ENSG00000252464.1,0.0
ENSG00000252466.1,0.0
ENSG00000252467.1,0.0
ENSG00000252468.1,0.0
ENSG00000252469.1,0.0
ENSG00000252470.1,0.0
ENSG00000252472.1,0.0
ENSG00000252473.1,0.0
ENSG00000252474.1,0.0
ENSG00000252475.1,0.0
ENSG00000252479.1,0.0
ENSG00000252480.1,0.0
ENSG00000252481.1,0.0
ENSG00000252482.1,0.0
ENSG00000252483.1,0.0
ENSG00000252484.1,0.0
ENSG00000252485.1,0.0
ENSG00000252486.1,0.0
ENSG00000252487.1,0.0
ENSG00000252489.1,0.0
ENSG00000252490.1,0.0
ENSG00000252491.1,0.0
ENSG00000252494.1,0.0
ENSG00000252496.1,0.0
ENSG00000252497.1,0.0
ENSG00000252498.1,0.0
ENSG00000252499.1,0.0
ENSG00000252501.1,0.0
ENSG00000252503.1,0.0
ENSG00000252505.1,0.0
ENSG00000252506.1,0.0
ENSG00000252507.1,0.0
ENSG00000252508.1,0.0
ENSG00000252509.1,0.0
ENSG00000252510.1,0.0
ENSG00000252512.1,0.0
ENSG00000252513.1,0.0
ENSG00000252514.1,0.0
ENSG00000252516.1,0.0
ENSG00000252517.1,0.0
ENSG00000252519.1,0.0
ENSG00000252521.1,0.0
ENSG00000252523.1,0.0
ENSG00000252524.1,0.0
ENSG00000252526.1,0.0
ENSG00000252530.1,0.0
ENSG00000252532.1,0.0
ENSG00000252533.1,0.0
ENSG00000252534.1,0.0
ENSG00000252537.1,0.0
ENSG00000252539.1,0.0
ENSG00000252540.1,0.0
ENSG00000252542.1,0.0
ENSG00000252544.1,0.0
ENSG00000252545.1,0.0
ENSG00000252546.1,0.0
ENSG00000252548.1,0.0
ENSG00000252549.1,0.0
ENSG00000252550.1,0.0
ENSG00000252552.1,0.0
ENSG00000252553.1,0.0
ENSG00000252554.1,0.0
ENSG00000252555.1,0.0
ENSG00000252556.1,0.0
ENSG00000252558.1,0.0
ENSG00000252560.1,0.0
ENSG00000252561.1,0.0
ENSG00000252562.1,0.0
ENSG00000252563.1,0.0
ENSG00000252568.1,0.0
ENSG00000252569.1,0.0
ENSG00000252574.2,0.0
ENSG00000252577.1,0.0
ENSG00000252578.1,0.0
ENSG00000252580.1,0.0
ENSG00000252581.1,0.0
ENSG00000252582.1,0.0
ENSG00000252583.2,0.0
ENSG00000252585.1,0.0
ENSG00000252587.1,0.0
ENSG00000252590.1,0.0
ENSG00000252591.1,0.0
ENSG00000252593.1,0.0
ENSG00000252594.1,0.0
ENSG00000252595.1,0.0
ENSG00000252597.1,0.0
ENSG00000252598.1,0.0
ENSG00000252599.1,0.0
ENSG00000252601.1,0.0
ENSG00000252603.1,0.0
ENSG00000252604.1,0.0
ENSG00000252606.1,0.0
ENSG00000252607.1,0.0
ENSG00000252608.1,0.0
ENSG00000252611.1,0.0
ENSG00000252612.1,0.0
ENSG00000252614.1,0.0
ENSG00000252615.1,0.0
ENSG00000252618.1,0.0
ENSG00000252619.1,0.0
ENSG00000252620.1,0.0
ENSG00000252621.1,0.0
ENSG00000252622.1,0.0
ENSG00000252623.1,0.0
ENSG00000252624.1,0.0
ENSG00000252626.1,0.0
ENSG00000252627.1,0.0
ENSG00000252628.2,0.0
ENSG00000252633.1,0.0
ENSG00000252634.1,0.0
ENSG00000252635.1,0.0
ENSG00000252636.1,0.0
ENSG00000252637.1,0.0
ENSG00000252639.1,0.0
ENSG00000252640.1,0.0
ENSG00000252641.2,0.0
ENSG00000252642.1,0.0
ENSG00000252643.1,0.0
ENSG00000252644.1,0.0
ENSG00000252645.1,0.0
ENSG00000252647.1,0.0
ENSG00000252649.1,0.0
ENSG00000252650.1,0.0
ENSG00000252651.1,0.0
ENSG00000252652.1,0.0
ENSG00000252653.1,0.0
ENSG00000252654.1,0.0
ENSG00000252655.1,0.0
ENSG00000252657.1,0.0
ENSG00000252658.1,0.0
ENSG00000252659.1,0.0
ENSG00000252660.1,0.0
ENSG00000252661.1,0.0
ENSG00000252671.1,0.0
ENSG00000252673.1,0.0
ENSG00000252674.1,0.0
ENSG00000252677.1,0.0
ENSG00000252680.1,0.0
ENSG00000252681.1,0.0
ENSG00000252682.1,0.0
ENSG00000252684.1,0.0
ENSG00000252685.1,0.0
ENSG00000252686.1,0.0
ENSG00000252688.1,0.0
ENSG00000252689.1,0.0
ENSG00000252691.1,0.0
ENSG00000252692.1,0.0
ENSG00000252693.1,0.0
ENSG00000252695.1,0.0
ENSG00000252696.1,0.0
ENSG00000252697.1,0.0
ENSG00000252699.1,0.0
ENSG00000252700.1,0.0
ENSG00000252704.1,0.0
ENSG00000252705.1,0.0
ENSG00000252707.1,0.0
ENSG00000252710.1,0.0
ENSG00000252711.1,0.0
ENSG00000252712.1,0.0
ENSG00000252713.1,0.0
ENSG00000252714.1,0.0
ENSG00000252716.1,0.0
ENSG00000252717.1,0.0
ENSG00000252718.1,0.0
ENSG00000252719.1,0.0
ENSG00000252720.1,0.0
ENSG00000252721.1,0.0
ENSG00000252722.1,0.0
ENSG00000252723.2,0.0
ENSG00000252724.1,0.0
ENSG00000252725.1,0.0
ENSG00000252726.1,0.0
ENSG00000252727.1,0.0
ENSG00000252729.1,0.0
ENSG00000252734.1,0.0
ENSG00000252735.1,0.0
ENSG00000252739.1,0.0
ENSG00000252742.1,0.0
ENSG00000252743.1,0.0
ENSG00000252744.1,0.0
ENSG00000252745.1,0.0
ENSG00000252746.1,0.0
ENSG00000252747.1,0.0
ENSG00000252749.1,0.0
ENSG00000252750.1,0.0
ENSG00000252751.1,0.0
ENSG00000252752.1,0.0
ENSG00000252755.1,0.0
ENSG00000252756.1,0.0
ENSG00000252757.1,0.0
ENSG00000252758.1,0.0
ENSG00000252759.1,0.0
ENSG00000252760.1,0.0
ENSG00000252761.1,0.0
ENSG00000252762.1,0.0
ENSG00000252763.1,0.0
ENSG00000252764.1,0.0
ENSG00000252765.1,0.0
ENSG00000252766.1,0.0
ENSG00000252767.1,0.0
ENSG00000252768.1,0.0
ENSG00000252769.1,0.0
ENSG00000252770.1,0.0
ENSG00000252772.1,0.0
ENSG00000252774.1,0.0
ENSG00000252776.1,0.0
ENSG00000252777.1,0.0
ENSG00000252778.1,0.0
ENSG00000252779.1,0.0
ENSG00000252780.1,0.0
ENSG00000252782.1,0.0
ENSG00000252783.1,0.0
ENSG00000252784.1,0.0
ENSG00000252787.2,0.0
ENSG00000252794.1,0.0
ENSG00000252795.1,0.0
ENSG00000252796.1,0.0
ENSG00000252797.1,0.0
ENSG00000252798.1,0.0
ENSG00000252800.1,0.0
ENSG00000252802.1,0.0
ENSG00000252804.1,0.0
ENSG00000252806.1,0.0
ENSG00000252807.1,0.0
ENSG00000252810.1,0.0
ENSG00000252812.1,0.0
ENSG00000252814.1,0.0
ENSG00000252815.1,0.0
ENSG00000252816.1,0.0
ENSG00000252820.1,0.0
ENSG00000252821.1,0.0
ENSG00000252822.1,0.0
ENSG00000252823.1,0.0
ENSG00000252824.1,0.0
ENSG00000252826.1,0.0
ENSG00000252827.1,0.0
ENSG00000252828.1,0.0
ENSG00000252830.2,0.0
ENSG00000252832.1,0.0
ENSG00000252833.1,0.0
ENSG00000252835.1,0.0
ENSG00000252837.1,0.0
ENSG00000252839.1,0.0
ENSG00000252840.1,0.0
ENSG00000252845.1,0.0
ENSG00000252847.1,0.0
ENSG00000252848.1,0.0
ENSG00000252850.1,0.0
ENSG00000252852.1,0.0
ENSG00000252854.1,0.0
ENSG00000252856.1,0.0
ENSG00000252857.1,0.0
ENSG00000252858.1,0.0
ENSG00000252859.1,0.0
ENSG00000252860.1,0.0
ENSG00000252861.1,0.0
ENSG00000252863.1,0.0
ENSG00000252864.1,0.0
ENSG00000252866.1,0.0
ENSG00000252867.1,0.0
ENSG00000252868.1,0.0
ENSG00000252870.1,0.0
ENSG00000252872.1,0.0
ENSG00000252874.2,0.0
ENSG00000252877.1,0.0
ENSG00000252879.1,0.0
ENSG00000252881.1,0.0
ENSG00000252882.1,0.0
ENSG00000252884.1,0.0
ENSG00000252886.1,0.0
ENSG00000252887.1,0.0
ENSG00000252888.1,0.0
ENSG00000252889.1,0.0
ENSG00000252890.1,0.0
ENSG00000252891.1,0.0
ENSG00000252892.1,0.0
ENSG00000252894.2,0.0
ENSG00000252897.1,0.0
ENSG00000252898.1,0.0
ENSG00000252900.1,0.0
ENSG00000252903.2,0.0
ENSG00000252904.1,0.0
ENSG00000252905.1,0.0
ENSG00000252906.1,0.0
ENSG00000252908.1,0.0
ENSG00000252909.1,0.0
ENSG00000252913.1,0.0
ENSG00000252914.1,0.0
ENSG00000252915.1,0.0
ENSG00000252916.1,0.0
ENSG00000252917.1,0.0
ENSG00000252919.1,0.0
ENSG00000252920.1,0.0
ENSG00000252922.1,0.0
ENSG00000252923.1,0.0
ENSG00000252927.1,0.0
ENSG00000252928.1,0.0
ENSG00000252929.1,0.0
ENSG00000252930.1,0.0
ENSG00000252931.1,0.0
ENSG00000252933.1,0.0
ENSG00000252934.1,0.0
ENSG00000252935.1,0.0
ENSG00000252936.1,0.0
ENSG00000252937.1,0.0
ENSG00000252941.1,0.0
ENSG00000252942.1,0.0
ENSG00000252943.1,0.0
ENSG00000252944.1,0.0
ENSG00000252945.1,0.0
ENSG00000252947.1,0.0
ENSG00000252948.1,0.0
ENSG00000252950.1,0.0
ENSG00000252951.1,0.0
ENSG00000252952.1,0.0
ENSG00000252953.1,0.0
ENSG00000252955.1,0.0
ENSG00000252956.1,0.0
ENSG00000252957.1,0.0
ENSG00000252959.1,0.0
ENSG00000252960.1,0.0
ENSG00000252962.1,0.0
ENSG00000252963.1,0.0
ENSG00000252964.1,0.0
ENSG00000252965.1,0.0
ENSG00000252969.1,0.0
ENSG00000252970.1,0.0
ENSG00000252971.1,0.0
ENSG00000252973.1,0.0
ENSG00000252975.1,0.0
ENSG00000252977.1,0.0
ENSG00000252978.1,0.0
ENSG00000252979.1,0.0
ENSG00000252980.1,0.0
ENSG00000252982.1,0.0
ENSG00000252983.1,0.0
ENSG00000252984.1,0.0
ENSG00000252985.1,0.0
ENSG00000252987.1,0.0
ENSG00000252988.1,0.0
ENSG00000252989.1,0.0
ENSG00000252990.1,0.0
ENSG00000252991.1,0.0
ENSG00000252992.1,0.0
ENSG00000252993.1,0.0
ENSG00000252994.1,0.0
ENSG00000252995.1,0.0
ENSG00000252996.1,0.0
ENSG00000252998.1,0.0
ENSG00000252999.1,0.0
ENSG00000253000.1,0.0
ENSG00000253001.1,0.0
ENSG00000253003.1,0.0
ENSG00000253005.1,0.0
ENSG00000253006.1,0.0
ENSG00000253007.2,0.0
ENSG00000253008.2,0.0
ENSG00000253010.1,0.0
ENSG00000253013.1,0.0
ENSG00000253015.1,0.0
ENSG00000253016.1,0.0
ENSG00000253019.1,0.0
ENSG00000253020.2,0.0
ENSG00000253021.1,0.0
ENSG00000253022.1,0.0
ENSG00000253023.1,0.0
ENSG00000253024.1,0.0
ENSG00000253025.1,0.0
ENSG00000253026.1,0.0
ENSG00000253027.1,0.0
ENSG00000253028.1,0.0
ENSG00000253030.1,0.0
ENSG00000253031.1,0.0
ENSG00000253032.1,0.0
ENSG00000253035.1,0.0
ENSG00000253038.1,0.0
ENSG00000253039.1,0.0
ENSG00000253040.1,0.0
ENSG00000253041.1,0.0
ENSG00000253042.1,0.0
ENSG00000253043.1,0.0
ENSG00000253047.1,0.0
ENSG00000253048.1,0.0
ENSG00000253049.1,0.0
ENSG00000253051.1,0.0
ENSG00000253053.1,0.0
ENSG00000253054.1,0.0
ENSG00000253055.1,0.0
ENSG00000253056.1,0.0
ENSG00000253057.1,0.0
ENSG00000253058.1,0.0
ENSG00000253059.1,0.0
ENSG00000253060.1,0.0
ENSG00000253063.1,0.0
ENSG00000253064.1,0.0
ENSG00000253065.1,0.0
ENSG00000253066.1,0.0
ENSG00000253067.1,0.0
ENSG00000253070.1,0.0
ENSG00000253072.1,0.0
ENSG00000253073.1,0.0
ENSG00000253074.1,0.0
ENSG00000253075.1,0.0
ENSG00000253077.1,0.0
ENSG00000253078.1,0.0
ENSG00000253079.1,0.0
ENSG00000253080.1,0.0
ENSG00000253081.1,0.0
ENSG00000253083.1,0.0
ENSG00000253084.3,0.0
ENSG00000253085.1,0.0
ENSG00000253086.1,0.0
ENSG00000253087.1,0.0
ENSG00000253088.1,0.0
ENSG00000253089.1,0.0
ENSG00000253090.2,0.0
ENSG00000253092.1,0.0
ENSG00000253093.1,0.0
ENSG00000253094.1,0.0
ENSG00000253096.1,0.0
ENSG00000253097.1,0.0
ENSG00000253098.1,0.0
ENSG00000253099.1,0.0
ENSG00000253100.3,0.0
ENSG00000253102.2,0.0
ENSG00000253103.3,0.743053
ENSG00000253104.1,0.0
ENSG00000253105.7,0.0
ENSG00000253106.1,0.822179
ENSG00000253107.1,0.0
ENSG00000253108.1,0.0
ENSG00000253109.1,0.0
ENSG00000253110.1,0.0
ENSG00000253111.3,0.0
ENSG00000253112.1,0.0
ENSG00000253114.2,0.0
ENSG00000253116.1,0.0
ENSG00000253117.5,0.0
ENSG00000253118.1,0.0
ENSG00000253119.1,0.0
ENSG00000253120.1,0.0
ENSG00000253121.1,0.0
ENSG00000253122.2,0.0
ENSG00000253123.5,0.0
ENSG00000253124.1,0.0
ENSG00000253125.1,0.0
ENSG00000253126.1,0.0
ENSG00000253127.1,0.0
ENSG00000253130.3,0.0
ENSG00000253131.1,0.0
ENSG00000253132.1,0.0
ENSG00000253133.2,0.0
ENSG00000253134.1,0.0
ENSG00000253135.1,0.0
ENSG00000253137.1,0.0
ENSG00000253138.6,0.0
ENSG00000253140.3,0.0
ENSG00000253141.2,0.0
ENSG00000253142.2,0.0
ENSG00000253143.3,0.0
ENSG00000253144.1,0.0
ENSG00000253146.1,0.0
ENSG00000253147.5,0.0
ENSG00000253148.1,0.0
ENSG00000253149.3,0.0
ENSG00000253152.1,0.0
ENSG00000253153.1,0.0
ENSG00000253154.5,0.0
ENSG00000253155.1,0.0
ENSG00000253156.1,0.0
ENSG00000253158.1,0.0
ENSG00000253159.3,0.0
ENSG00000253160.1,0.0
ENSG00000253161.8,0.0
ENSG00000253162.1,0.0
ENSG00000253163.2,0.0
ENSG00000253164.6,0.0
ENSG00000253165.1,0.0
ENSG00000253166.2,0.0
ENSG00000253167.1,0.0
ENSG00000253168.2,0.0
ENSG00000253169.2,0.0
ENSG00000253170.1,0.0
ENSG00000253171.1,0.0
ENSG00000253172.1,0.0
ENSG00000253173.3,0.0
ENSG00000253174.2,0.0
ENSG00000253175.1,0.0
ENSG00000253176.3,0.0
ENSG00000253177.3,0.0
ENSG00000253178.1,0.0
ENSG00000253179.1,0.0
ENSG00000253180.1,0.0
ENSG00000253181.3,0.0
ENSG00000253182.2,0.0
ENSG00000253183.1,0.0
ENSG00000253184.2,0.0
ENSG00000253186.2,0.0
ENSG00000253187.3,0.0
ENSG00000253188.1,0.0
ENSG00000253189.1,0.0
ENSG00000253190.5,0.0
ENSG00000253191.1,0.0
ENSG00000253194.3,0.0
ENSG00000253195.2,0.0
ENSG00000253196.4,0.0
ENSG00000253198.1,0.0
ENSG00000253199.2,0.0
ENSG00000253200.1,1.042729
ENSG00000253202.1,0.0
ENSG00000253203.7,0.0
ENSG00000253204.1,0.0
ENSG00000253205.7,0.0
ENSG00000253206.1,0.0
ENSG00000253207.3,0.0
ENSG00000253208.1,0.0
ENSG00000253209.1,0.0
ENSG00000253210.5,9.333013000000001
ENSG00000253213.1,0.0
ENSG00000253214.4,2.0797350000000003
ENSG00000253215.1,0.0
ENSG00000253216.1,0.0
ENSG00000253217.2,0.0
ENSG00000253218.1,0.0
ENSG00000253219.1,0.0
ENSG00000253220.3,0.0
ENSG00000253223.1,0.0
ENSG00000253224.1,0.0
ENSG00000253225.1,0.0
ENSG00000253226.1,0.0
ENSG00000253227.3,0.0
ENSG00000253228.1,0.0
ENSG00000253229.1,0.0
ENSG00000253230.12,0.0
ENSG00000253231.1,0.0
ENSG00000253232.1,0.0
ENSG00000253233.1,0.0
ENSG00000253234.1,0.0
ENSG00000253236.3,0.0
ENSG00000253237.2,0.0
ENSG00000253238.4,0.0
ENSG00000253239.1,0.0
ENSG00000253240.1,0.0
ENSG00000253241.1,0.0
ENSG00000253242.1,0.0
ENSG00000253244.1,0.0
ENSG00000253245.2,0.0
ENSG00000253247.1,0.0
ENSG00000253250.3,0.0
ENSG00000253251.3,0.16477
ENSG00000253252.3,0.0
ENSG00000253257.1,0.0
ENSG00000253258.1,0.0
ENSG00000253259.1,0.0
ENSG00000253260.2,0.0
ENSG00000253261.1,0.0
ENSG00000253262.1,0.0
ENSG00000253263.1,0.0
ENSG00000253265.1,0.0
ENSG00000253266.1,0.0
ENSG00000253267.6,0.0
ENSG00000253269.1,0.0
ENSG00000253270.2,0.0
ENSG00000253271.2,0.0
ENSG00000253273.2,0.0
ENSG00000253274.1,0.0
ENSG00000253275.1,0.0
ENSG00000253276.5,3.328001
ENSG00000253278.1,0.0
ENSG00000253279.7,0.0
ENSG00000253280.1,0.0
ENSG00000253281.8,0.0
ENSG00000253282.2,0.0
ENSG00000253283.1,0.0
ENSG00000253284.2,0.042753
ENSG00000253286.7,0.0
ENSG00000253287.2,0.0
ENSG00000253288.3,0.0
ENSG00000253290.1,0.0
ENSG00000253291.1,5.504901
ENSG00000253292.1,0.0
ENSG00000253293.6,0.189251
ENSG00000253294.1,0.0
ENSG00000253295.3,0.0
ENSG00000253297.1,0.0
ENSG00000253298.2,0.0
ENSG00000253299.1,0.0
ENSG00000253300.3,0.0
ENSG00000253301.7,0.0
ENSG00000253302.1,0.0
ENSG00000253303.1,0.0
ENSG00000253304.2,0.0
ENSG00000253305.3,0.050414
ENSG00000253307.1,5.34514
ENSG00000253308.3,0.0
ENSG00000253309.7,0.0
ENSG00000253310.1,0.0
ENSG00000253311.4,0.0
ENSG00000253312.1,0.0
ENSG00000253313.6,0.312947
ENSG00000253314.8,0.0
ENSG00000253315.2,0.0
ENSG00000253317.1,0.0
ENSG00000253318.1,0.0
ENSG00000253319.1,0.0
ENSG00000253320.8,2.684754
ENSG00000253321.2,0.0
ENSG00000253322.2,0.0
ENSG00000253325.1,0.0
ENSG00000253326.2,0.483901
ENSG00000253327.2,0.0
ENSG00000253328.2,0.0
ENSG00000253329.1,0.0
ENSG00000253330.1,0.0
ENSG00000253331.1,0.0
ENSG00000253332.1,0.0
ENSG00000253333.1,0.0
ENSG00000253334.1,0.0
ENSG00000253335.1,0.0
ENSG00000253336.1,0.0
ENSG00000253338.1,0.0
ENSG00000253339.5,0.0
ENSG00000253340.1,0.0
ENSG00000253341.1,0.0
ENSG00000253342.1,0.0
ENSG00000253343.1,0.0
ENSG00000253344.1,0.0
ENSG00000253345.1,0.0
ENSG00000253346.1,0.0
ENSG00000253347.1,0.0
ENSG00000253348.2,0.0
ENSG00000253349.1,0.0
ENSG00000253351.3,0.0
ENSG00000253352.10,31.607729000000003
ENSG00000253354.2,0.0
ENSG00000253355.2,0.0
ENSG00000253356.1,0.0
ENSG00000253357.1,0.0
ENSG00000253358.2,0.0
ENSG00000253359.1,0.0
ENSG00000253361.4,0.078349
ENSG00000253362.1,0.0
ENSG00000253363.8,0.169031
ENSG00000253364.2,0.0
ENSG00000253365.1,0.0
ENSG00000253366.3,0.0
ENSG00000253367.1,0.0
ENSG00000253368.5,0.289208
ENSG00000253370.2,0.0
ENSG00000253372.5,0.0
ENSG00000253373.1,0.0
ENSG00000253374.6,1.572203
ENSG00000253376.3,0.0
ENSG00000253377.3,0.0
ENSG00000253380.2,0.0
ENSG00000253382.3,0.0
ENSG00000253383.1,0.0
ENSG00000253384.1,0.0
ENSG00000253385.1,0.0
ENSG00000253386.1,0.0
ENSG00000253387.1,0.0
ENSG00000253388.1,0.0
ENSG00000253389.3,0.0
ENSG00000253390.1,0.0
ENSG00000253391.1,0.0
ENSG00000253392.5,0.360236
ENSG00000253393.1,0.0
ENSG00000253394.7,0.462966
ENSG00000253395.2,0.0
ENSG00000253396.2,0.0
ENSG00000253397.2,0.0
ENSG00000253398.1,0.0
ENSG00000253399.1,0.0
ENSG00000253401.1,0.0
ENSG00000253403.1,0.0
ENSG00000253404.2,0.0
ENSG00000253405.2,0.0
ENSG00000253406.1,0.0
ENSG00000253407.2,0.0
ENSG00000253408.7,0.0
ENSG00000253409.1,1.376225
ENSG00000253410.1,0.0
ENSG00000253412.1,0.0
ENSG00000253413.1,0.0
ENSG00000253415.1,0.0
ENSG00000253416.1,0.0
ENSG00000253417.5,0.0
ENSG00000253418.1,0.0
ENSG00000253420.1,0.0
ENSG00000253421.1,0.0
ENSG00000253422.1,0.0
ENSG00000253423.1,0.0
ENSG00000253424.1,0.0
ENSG00000253425.2,0.0
ENSG00000253427.2,0.0
ENSG00000253428.2,0.0
ENSG00000253429.1,0.0
ENSG00000253430.1,0.0
ENSG00000253431.1,0.0
ENSG00000253432.1,0.0
ENSG00000253433.2,0.0
ENSG00000253434.9,0.0
ENSG00000253435.1,0.0
ENSG00000253437.1,0.0
ENSG00000253438.6,1.712008
ENSG00000253439.1,0.0
ENSG00000253440.1,0.0
ENSG00000253441.1,0.0
ENSG00000253445.2,0.0
ENSG00000253447.7,0.0
ENSG00000253448.1,0.0
ENSG00000253449.1,0.0
ENSG00000253451.1,0.0
ENSG00000253452.7,0.108692
ENSG00000253454.1,0.0
ENSG00000253455.2,0.0
ENSG00000253456.1,0.0
ENSG00000253457.4,0.0
ENSG00000253458.1,0.0
ENSG00000253460.2,0.0
ENSG00000253461.1,0.0
ENSG00000253462.1,0.0
ENSG00000253463.1,0.0
ENSG00000253465.1,0.0
ENSG00000253467.2,0.0
ENSG00000253468.1,0.0
ENSG00000253469.1,0.0
ENSG00000253470.2,0.0
ENSG00000253471.2,0.0
ENSG00000253472.1,0.0
ENSG00000253474.3,0.0
ENSG00000253475.1,0.0
ENSG00000253476.1,1.982664
ENSG00000253477.6,0.0
ENSG00000253479.7,0.0
ENSG00000253480.1,0.0
ENSG00000253481.2,0.0
ENSG00000253482.1,0.0
ENSG00000253483.1,0.0
ENSG00000253485.3,0.0
ENSG00000253487.1,0.0
ENSG00000253488.1,0.0
ENSG00000253489.1,0.0
ENSG00000253490.5,0.082189
ENSG00000253491.2,0.0
ENSG00000253492.1,0.0
ENSG00000253493.1,0.0
ENSG00000253495.1,0.0
ENSG00000253496.4,0.0
ENSG00000253497.1,0.0
ENSG00000253499.2,0.0
ENSG00000253500.6,0.0
ENSG00000253501.1,0.0
ENSG00000253502.1,0.0
ENSG00000253503.7,0.0
ENSG00000253504.1,0.0
ENSG00000253505.4,0.0
ENSG00000253506.3,0.0
ENSG00000253507.7,0.0
ENSG00000253508.1,0.0
ENSG00000253509.1,0.0
ENSG00000253510.1,0.0
ENSG00000253512.1,0.0
ENSG00000253513.2,0.0
ENSG00000253515.3,0.0
ENSG00000253516.1,0.0
ENSG00000253517.1,0.0
ENSG00000253519.2,2.6918179999999996
ENSG00000253520.1,0.0
ENSG00000253521.2,0.0
ENSG00000253522.7,1.015651
ENSG00000253523.1,0.0
ENSG00000253524.2,0.0
ENSG00000253525.1,0.0
ENSG00000253526.1,0.0
ENSG00000253527.1,0.0
ENSG00000253528.2,0.0
ENSG00000253530.2,0.0
ENSG00000253532.1,0.0
ENSG00000253534.1,0.0
ENSG00000253535.6,0.0
ENSG00000253536.1,0.0
ENSG00000253537.3,0.0
ENSG00000253538.1,0.0
ENSG00000253539.1,0.0
ENSG00000253540.8,0.0
ENSG00000253541.1,0.0
ENSG00000253542.8,0.0
ENSG00000253543.1,0.0
ENSG00000253544.1,0.0
ENSG00000253545.1,0.0
ENSG00000253546.1,0.0
ENSG00000253547.2,0.0
ENSG00000253548.1,0.0
ENSG00000253549.7,3.1583490000000003
ENSG00000253550.1,0.0
ENSG00000253551.2,0.0
ENSG00000253552.8,0.0
ENSG00000253553.10,0.0
ENSG00000253554.8,0.0
ENSG00000253555.1,0.0
ENSG00000253556.1,0.0
ENSG00000253557.7,0.0
ENSG00000253558.2,0.0
ENSG00000253559.2,0.651816
ENSG00000253560.1,0.0
ENSG00000253561.1,0.0
ENSG00000253562.1,0.0
ENSG00000253563.3,0.0
ENSG00000253564.1,0.0
ENSG00000253567.2,0.0
ENSG00000253568.1,0.0
ENSG00000253569.1,0.0
ENSG00000253570.1,0.0
ENSG00000253571.1,0.0
ENSG00000253572.3,0.0
ENSG00000253573.3,0.0
ENSG00000253574.6,0.0
ENSG00000253576.1,0.0
ENSG00000253577.3,0.0
ENSG00000253578.1,0.0
ENSG00000253579.1,0.0
ENSG00000253580.1,0.0
ENSG00000253581.1,0.0
ENSG00000253582.2,0.0
ENSG00000253583.2,0.0
ENSG00000253585.1,0.0
ENSG00000253586.1,0.0
ENSG00000253587.2,0.0
ENSG00000253590.1,0.0
ENSG00000253591.2,0.0
ENSG00000253592.1,0.0
ENSG00000253593.3,0.0
ENSG00000253595.7,0.448092
ENSG00000253596.2,0.0
ENSG00000253598.3,0.0
ENSG00000253600.1,0.0
ENSG00000253602.2,0.0
ENSG00000253603.2,0.0
ENSG00000253604.1,0.0
ENSG00000253605.1,0.0
ENSG00000253606.2,0.0
ENSG00000253607.1,0.0
ENSG00000253608.3,0.0
ENSG00000253610.1,0.0
ENSG00000253611.1,0.0
ENSG00000253612.1,0.0
ENSG00000253613.3,0.0
ENSG00000253614.1,0.0
ENSG00000253615.1,0.0
ENSG00000253616.5,41.749565
ENSG00000253617.2,0.0
ENSG00000253618.2,0.0
ENSG00000253619.1,0.0
ENSG00000253620.2,0.0
ENSG00000253621.1,0.0
ENSG00000253622.1,0.0
ENSG00000253623.1,0.0
ENSG00000253625.1,0.0
ENSG00000253626.4,0.898554
ENSG00000253627.1,0.0
ENSG00000253628.2,0.0
ENSG00000253629.1,0.0
ENSG00000253630.1,0.0
ENSG00000253631.1,0.0
ENSG00000253632.2,0.0
ENSG00000253633.3,0.0
ENSG00000253634.4,0.0
ENSG00000253635.1,0.0
ENSG00000253636.2,0.066212
ENSG00000253637.1,0.0
ENSG00000253638.1,0.0
ENSG00000253639.1,0.0
ENSG00000253641.6,0.0
ENSG00000253642.7,0.404134
ENSG00000253643.7,0.0
ENSG00000253644.3,0.0
ENSG00000253645.1,0.0
ENSG00000253646.1,0.0
ENSG00000253647.2,0.0
ENSG00000253648.1,0.0
ENSG00000253649.6,0.0
ENSG00000253650.1,0.0
ENSG00000253651.1,0.0
ENSG00000253652.2,0.545212
ENSG00000253653.1,0.0
ENSG00000253654.2,0.0
ENSG00000253655.2,0.0
ENSG00000253656.2,0.0
ENSG00000253657.1,0.0
ENSG00000253658.7,0.0
ENSG00000253659.3,0.0
ENSG00000253660.1,0.0
ENSG00000253661.4,0.0
ENSG00000253663.1,0.0
ENSG00000253664.1,0.0
ENSG00000253665.3,0.0
ENSG00000253666.5,0.0
ENSG00000253667.2,0.0
ENSG00000253668.1,0.0
ENSG00000253669.5,0.4311
ENSG00000253670.1,0.0
ENSG00000253672.1,0.0
ENSG00000253673.2,0.0
ENSG00000253674.1,0.0
ENSG00000253675.1,0.0
ENSG00000253676.1,0.0
ENSG00000253677.1,0.0
ENSG00000253678.4,0.0
ENSG00000253679.2,0.0
ENSG00000253680.1,0.0
ENSG00000253681.1,0.0
ENSG00000253682.3,0.0
ENSG00000253683.1,0.0
ENSG00000253684.1,0.0
ENSG00000253685.1,0.0
ENSG00000253686.3,0.193115
ENSG00000253687.1,0.0
ENSG00000253688.3,0.0
ENSG00000253690.2,0.0
ENSG00000253691.2,0.0
ENSG00000253692.3,0.0
ENSG00000253693.2,0.0
ENSG00000253695.3,0.0
ENSG00000253696.3,0.0
ENSG00000253697.1,0.0
ENSG00000253698.1,0.0
ENSG00000253699.2,0.0
ENSG00000253702.2,0.0
ENSG00000253703.2,0.0
ENSG00000253704.5,0.0
ENSG00000253706.6,0.0
ENSG00000253707.1,0.0
ENSG00000253708.1,0.0
ENSG00000253709.1,0.0
ENSG00000253710.5,2.180526
ENSG00000253711.1,0.0
ENSG00000253712.1,0.744398
ENSG00000253713.1,0.0
ENSG00000253714.1,0.0
ENSG00000253715.1,0.541992
ENSG00000253716.9,1.820571
ENSG00000253717.1,0.0
ENSG00000253719.4,8.976255
ENSG00000253720.2,0.0
ENSG00000253721.1,0.0
ENSG00000253722.1,0.0
ENSG00000253723.1,0.0
ENSG00000253725.1,0.0
ENSG00000253726.1,0.0
ENSG00000253728.5,0.0
ENSG00000253729.9,36.631259
ENSG00000253730.2,0.0
ENSG00000253731.3,0.084764
ENSG00000253732.1,0.0
ENSG00000253733.3,0.0
ENSG00000253734.3,0.0
ENSG00000253736.6,2.21129
ENSG00000253738.4,0.760245
ENSG00000253739.1,0.0
ENSG00000253740.6,0.0
ENSG00000253741.5,0.0
ENSG00000253742.1,0.0
ENSG00000253743.1,0.0
ENSG00000253744.1,0.0
ENSG00000253745.3,0.0
ENSG00000253746.1,0.0
ENSG00000253747.1,0.0
ENSG00000253748.2,0.0
ENSG00000253749.1,0.0
ENSG00000253750.1,0.0
ENSG00000253752.1,0.0
ENSG00000253754.1,0.0
ENSG00000253755.1,0.236891
ENSG00000253756.1,0.0
ENSG00000253759.1,0.0
ENSG00000253760.1,0.0
ENSG00000253763.1,0.0
ENSG00000253764.5,0.571189
ENSG00000253765.1,0.0
ENSG00000253767.3,0.035055
ENSG00000253768.2,0.0
ENSG00000253770.1,0.0
ENSG00000253771.9,0.0
ENSG00000253772.1,0.0
ENSG00000253773.7,0.631433
ENSG00000253775.3,0.0
ENSG00000253776.1,0.0
ENSG00000253777.1,0.0
ENSG00000253778.2,0.0
ENSG00000253779.1,0.0
ENSG00000253780.1,0.0
ENSG00000253781.1,0.0
ENSG00000253782.3,0.0
ENSG00000253783.1,0.0
ENSG00000253784.1,0.0
ENSG00000253785.1,0.0
ENSG00000253786.1,0.0
ENSG00000253787.2,0.0
ENSG00000253789.2,0.0
ENSG00000253790.1,0.0
ENSG00000253792.2,0.0
ENSG00000253793.1,0.0
ENSG00000253794.1,0.0
ENSG00000253795.1,0.0
ENSG00000253796.5,0.0
ENSG00000253797.2,0.0
ENSG00000253798.3,0.0
ENSG00000253799.2,0.0
ENSG00000253800.1,0.0
ENSG00000253801.2,0.0
ENSG00000253802.3,0.0
ENSG00000253803.1,0.0
ENSG00000253806.1,0.0
ENSG00000253807.7,0.0
ENSG00000253808.1,0.0
ENSG00000253809.1,0.0
ENSG00000253810.1,0.0
ENSG00000253811.1,0.0
ENSG00000253813.1,0.0
ENSG00000253814.1,0.0
ENSG00000253816.3,0.0
ENSG00000253817.1,0.0
ENSG00000253818.1,0.0
ENSG00000253819.4,0.0
ENSG00000253820.1,0.0
ENSG00000253821.3,0.0
ENSG00000253822.1,0.0
ENSG00000253823.1,0.0
ENSG00000253824.3,0.0
ENSG00000253825.1,0.0
ENSG00000253826.1,0.0
ENSG00000253828.3,0.0
ENSG00000253829.1,0.0
ENSG00000253831.3,0.0
ENSG00000253832.2,0.0
ENSG00000253833.1,1.099213
ENSG00000253834.2,0.0
ENSG00000253836.1,0.0
ENSG00000253837.1,0.0
ENSG00000253838.1,0.0
ENSG00000253840.1,0.0
ENSG00000253841.1,0.0
ENSG00000253843.1,0.0
ENSG00000253845.1,0.0
ENSG00000253846.3,0.0
ENSG00000253848.2,0.0
ENSG00000253849.2,0.0
ENSG00000253851.1,0.0
ENSG00000253852.1,0.0
ENSG00000253853.4,0.185229
ENSG00000253854.1,0.0
ENSG00000253855.2,0.0
ENSG00000253857.3,0.0
ENSG00000253858.1,0.0
ENSG00000253860.1,0.0
ENSG00000253861.1,0.0
ENSG00000253862.1,0.0
ENSG00000253865.2,0.513234
ENSG00000253866.1,0.0
ENSG00000253868.5,0.0
ENSG00000253869.1,0.0
ENSG00000253870.1,0.0
ENSG00000253871.3,0.0
ENSG00000253873.6,0.0
ENSG00000253874.1,0.0
ENSG00000253875.3,0.0
ENSG00000253877.7,0.436324
ENSG00000253879.2,0.0
ENSG00000253880.2,0.0
ENSG00000253881.1,0.0
ENSG00000253882.9,0.0
ENSG00000253883.1,0.0
ENSG00000253884.1,0.0
ENSG00000253885.1,0.0
ENSG00000253886.1,0.0
ENSG00000253887.2,0.0
ENSG00000253888.3,0.0
ENSG00000253889.1,0.0
ENSG00000253892.1,0.0
ENSG00000253893.3,16.636275
ENSG00000253894.3,0.0
ENSG00000253895.1,0.0
ENSG00000253896.4,0.0
ENSG00000253897.3,0.0
ENSG00000253898.2,0.0
ENSG00000253899.1,0.0
ENSG00000253900.1,0.0
ENSG00000253901.2,0.0
ENSG00000253903.2,0.0
ENSG00000253906.1,0.0
ENSG00000253907.1,0.0
ENSG00000253908.1,0.0
ENSG00000253910.3,0.075914
ENSG00000253911.1,0.0
ENSG00000253912.1,0.0
ENSG00000253913.1,0.0
ENSG00000253915.1,0.0
ENSG00000253916.1,0.0
ENSG00000253917.5,0.89642
ENSG00000253919.1,0.0
ENSG00000253920.1,0.0
ENSG00000253921.2,0.0
ENSG00000253923.2,0.434997
ENSG00000253924.2,0.0
ENSG00000253925.2,0.0
ENSG00000253926.2,0.0
ENSG00000253927.1,0.0
ENSG00000253930.1,0.0
ENSG00000253932.1,0.134876
ENSG00000253934.2,0.0
ENSG00000253935.1,0.0
ENSG00000253936.1,0.0
ENSG00000253937.1,0.0
ENSG00000253939.1,0.0
ENSG00000253940.1,0.0
ENSG00000253941.1,0.0
ENSG00000253942.1,0.0
ENSG00000253943.1,0.0
ENSG00000253944.1,0.737063
ENSG00000253945.1,0.0
ENSG00000253946.1,0.0
ENSG00000253947.1,0.0
ENSG00000253948.5,1.364208
ENSG00000253949.1,0.0
ENSG00000253951.1,0.0
ENSG00000253952.1,0.0
ENSG00000253953.3,0.171802
ENSG00000253954.3,0.0
ENSG00000253955.2,0.0
ENSG00000253956.1,0.0
ENSG00000253957.1,0.0
ENSG00000253958.2,1.016502
ENSG00000253959.2,0.0
ENSG00000253961.1,0.0
ENSG00000253963.1,0.0
ENSG00000253964.1,0.0
ENSG00000253965.4,0.0
ENSG00000253966.1,0.0
ENSG00000253967.2,0.0
ENSG00000253968.3,0.0
ENSG00000253970.1,0.0
ENSG00000253971.1,0.0
ENSG00000253972.7,0.0
ENSG00000253973.4,0.0
ENSG00000253974.7,0.0
ENSG00000253975.1,0.0
ENSG00000253976.1,0.0
ENSG00000253977.1,0.0
ENSG00000253978.3,0.0
ENSG00000253979.1,0.0
ENSG00000253980.1,0.0
ENSG00000253981.8,0.0
ENSG00000253982.4,7.904507
ENSG00000253986.2,0.328809
ENSG00000253989.2,0.0
ENSG00000253991.1,0.0
ENSG00000253992.2,0.0
ENSG00000253993.1,0.0
ENSG00000253994.1,0.0
ENSG00000253995.1,0.0
ENSG00000253997.1,0.0
ENSG00000253998.3,1.2055
ENSG00000253999.1,0.0
ENSG00000254000.1,0.0
ENSG00000254001.6,0.0
ENSG00000254002.5,0.0
ENSG00000254003.2,0.0
ENSG00000254004.7,0.30564
ENSG00000254006.6,0.452239
ENSG00000254007.3,0.0
ENSG00000254008.2,0.0
ENSG00000254009.1,0.0
ENSG00000254011.1,0.0
ENSG00000254012.1,0.0
ENSG00000254013.1,0.0
ENSG00000254014.1,0.0
ENSG00000254015.1,0.0
ENSG00000254016.3,0.0
ENSG00000254017.1,0.208905
ENSG00000254019.1,0.0
ENSG00000254020.1,0.0
ENSG00000254021.1,0.0
ENSG00000254023.1,0.0
ENSG00000254024.2,0.0
ENSG00000254025.1,0.0
ENSG00000254026.1,0.0
ENSG00000254027.2,0.0
ENSG00000254029.1,0.0
ENSG00000254030.1,0.0
ENSG00000254031.7,0.0
ENSG00000254033.1,0.0
ENSG00000254034.2,0.0
ENSG00000254035.1,0.0
ENSG00000254036.1,0.0
ENSG00000254037.2,0.0
ENSG00000254038.1,0.0
ENSG00000254040.3,0.0
ENSG00000254041.1,0.0
ENSG00000254042.2,0.0
ENSG00000254043.1,0.0
ENSG00000254044.5,0.0
ENSG00000254045.1,0.0
ENSG00000254046.1,0.0
ENSG00000254047.2,0.0
ENSG00000254048.2,0.0
ENSG00000254049.3,0.0
ENSG00000254050.1,0.0
ENSG00000254051.1,0.0
ENSG00000254052.1,0.0
ENSG00000254053.1,0.0
ENSG00000254054.4,0.414666
ENSG00000254055.2,0.0
ENSG00000254056.1,0.0
ENSG00000254057.1,0.0
ENSG00000254060.1,0.0
ENSG00000254061.1,0.0
ENSG00000254063.2,0.0
ENSG00000254064.2,0.0
ENSG00000254065.1,0.0
ENSG00000254066.3,0.0
ENSG00000254067.4,0.0
ENSG00000254069.2,0.0
ENSG00000254070.1,0.0
ENSG00000254073.1,0.0
ENSG00000254075.1,0.0
ENSG00000254076.1,0.0
ENSG00000254077.1,0.0
ENSG00000254079.1,0.0
ENSG00000254080.2,0.0
ENSG00000254081.2,0.0
ENSG00000254083.6,0.0
ENSG00000254084.1,0.0
ENSG00000254086.2,0.0
ENSG00000254087.8,173.253138
ENSG00000254088.1,0.0
ENSG00000254089.3,0.0
ENSG00000254090.1,0.0
ENSG00000254091.2,0.0
ENSG00000254092.5,0.561115
ENSG00000254093.9,6.446758
ENSG00000254094.1,0.0
ENSG00000254097.1,0.0
ENSG00000254098.1,0.0
ENSG00000254099.1,0.0
ENSG00000254101.9,0.570672
ENSG00000254102.3,0.0
ENSG00000254103.1,0.0
ENSG00000254104.2,0.0
ENSG00000254105.1,0.0
ENSG00000254106.2,0.0
ENSG00000254109.7,0.0
ENSG00000254111.4,0.0
ENSG00000254112.1,0.0
ENSG00000254113.1,0.0
ENSG00000254114.1,0.0
ENSG00000254118.1,0.0
ENSG00000254119.6,0.0
ENSG00000254122.3,0.074936
ENSG00000254123.3,0.0
ENSG00000254124.1,0.0
ENSG00000254126.8,0.0
ENSG00000254127.1,0.0
ENSG00000254129.2,0.0
ENSG00000254130.1,0.0
ENSG00000254131.1,0.0
ENSG00000254132.1,0.0
ENSG00000254134.1,0.0
ENSG00000254135.4,0.0
ENSG00000254136.1,0.0
ENSG00000254139.3,0.0
ENSG00000254141.1,0.0
ENSG00000254145.1,0.0
ENSG00000254146.1,0.0
ENSG00000254150.1,0.0
ENSG00000254151.1,0.0
ENSG00000254152.1,0.0
ENSG00000254153.3,0.0
ENSG00000254154.9,0.184998
ENSG00000254156.1,0.0
ENSG00000254157.1,0.0
ENSG00000254158.1,0.0
ENSG00000254160.1,0.0
ENSG00000254161.1,0.0
ENSG00000254162.1,0.186583
ENSG00000254163.1,0.0
ENSG00000254164.1,0.0
ENSG00000254165.1,0.0
ENSG00000254166.5,0.0
ENSG00000254167.2,0.0
ENSG00000254170.1,0.0
ENSG00000254171.2,0.0
ENSG00000254172.1,0.0
ENSG00000254174.1,0.0
ENSG00000254175.1,0.0
ENSG00000254176.1,0.0
ENSG00000254177.1,0.0
ENSG00000254178.2,0.0
ENSG00000254181.1,0.0
ENSG00000254182.1,0.0
ENSG00000254183.1,0.0
ENSG00000254185.1,0.0
ENSG00000254186.4,0.701156
ENSG00000254187.2,0.238525
ENSG00000254189.1,0.0
ENSG00000254190.1,0.0
ENSG00000254192.1,0.0
ENSG00000254193.1,0.0
ENSG00000254194.6,0.0
ENSG00000254195.1,0.0
ENSG00000254197.1,0.0
ENSG00000254198.1,0.0
ENSG00000254200.1,0.0
ENSG00000254201.2,0.0
ENSG00000254202.3,0.0
ENSG00000254203.1,0.0
ENSG00000254204.1,0.0
ENSG00000254205.2,0.0
ENSG00000254206.6,3.123844
ENSG00000254207.1,0.0
ENSG00000254208.1,0.0
ENSG00000254209.3,0.0
ENSG00000254211.7,0.0
ENSG00000254212.1,0.0
ENSG00000254213.2,0.0
ENSG00000254215.1,0.0
ENSG00000254216.1,0.0
ENSG00000254219.2,0.0
ENSG00000254220.1,0.0
ENSG00000254221.3,0.0
ENSG00000254222.2,0.0
ENSG00000254224.3,0.0
ENSG00000254225.1,0.0
ENSG00000254226.7,0.065394
ENSG00000254227.1,0.0
ENSG00000254228.2,0.0
ENSG00000254229.4,0.0
ENSG00000254230.2,0.0
ENSG00000254231.4,0.193563
ENSG00000254233.2,1.262944
ENSG00000254236.1,0.0
ENSG00000254237.7,0.0
ENSG00000254238.1,0.0
ENSG00000254239.1,0.0
ENSG00000254240.1,0.0
ENSG00000254241.1,0.0
ENSG00000254242.3,0.0
ENSG00000254244.1,0.0
ENSG00000254245.3,0.0
ENSG00000254246.1,0.0
ENSG00000254247.1,0.0
ENSG00000254248.1,0.0
ENSG00000254249.1,0.0
ENSG00000254251.2,0.0
ENSG00000254252.1,0.0
ENSG00000254253.1,0.0
ENSG00000254254.8,0.090687
ENSG00000254255.1,0.0
ENSG00000254256.1,0.0
ENSG00000254258.1,0.554095
ENSG00000254260.1,0.0
ENSG00000254261.2,0.0
ENSG00000254263.1,0.0
ENSG00000254264.2,0.0
ENSG00000254265.1,0.0
ENSG00000254266.7,0.297045
ENSG00000254268.1,0.0
ENSG00000254270.1,0.0
ENSG00000254271.1,0.0
ENSG00000254272.1,0.0
ENSG00000254273.1,0.0
ENSG00000254274.1,0.0
ENSG00000254275.7,1.704933
ENSG00000254277.3,0.264771
ENSG00000254278.2,0.0
ENSG00000254279.1,0.0
ENSG00000254283.1,0.0
ENSG00000254285.3,0.0
ENSG00000254287.1,0.0
ENSG00000254288.2,2.034173
ENSG00000254289.2,0.0
ENSG00000254291.2,0.0
ENSG00000254292.1,0.0
ENSG00000254293.2,0.0
ENSG00000254294.1,0.0
ENSG00000254295.1,0.0
ENSG00000254297.1,0.0
ENSG00000254298.2,0.0
ENSG00000254299.4,0.0
ENSG00000254300.1,0.0
ENSG00000254302.3,0.0
ENSG00000254303.2,0.0
ENSG00000254305.1,0.0
ENSG00000254307.2,0.0
ENSG00000254308.1,0.0
ENSG00000254309.1,0.0
ENSG00000254310.1,0.0
ENSG00000254311.1,0.0
ENSG00000254312.1,0.0
ENSG00000254313.1,0.0
ENSG00000254314.1,0.0
ENSG00000254315.1,0.0
ENSG00000254316.1,0.0
ENSG00000254317.1,0.0
ENSG00000254319.7,0.0
ENSG00000254320.1,0.0
ENSG00000254321.3,0.0
ENSG00000254324.3,0.0
ENSG00000254325.2,0.0
ENSG00000254326.1,0.0
ENSG00000254328.1,0.0
ENSG00000254329.1,0.0
ENSG00000254330.1,0.0
ENSG00000254331.1,0.0
ENSG00000254332.1,0.0
ENSG00000254333.2,0.0
ENSG00000254334.3,0.0
ENSG00000254336.1,0.0
ENSG00000254337.3,1.145317
ENSG00000254338.3,0.0
ENSG00000254339.7,0.0
ENSG00000254340.3,0.0
ENSG00000254341.2,0.0
ENSG00000254342.1,0.0
ENSG00000254343.2,0.0
ENSG00000254344.4,0.0
ENSG00000254345.1,0.0
ENSG00000254346.2,0.0
ENSG00000254347.1,0.0
ENSG00000254348.1,0.0
ENSG00000254349.8,0.041407
ENSG00000254350.2,0.0
ENSG00000254351.1,0.0
ENSG00000254352.1,0.0
ENSG00000254355.1,0.0
ENSG00000254357.2,0.0
ENSG00000254358.1,0.0
ENSG00000254361.3,0.0
ENSG00000254362.1,0.0
ENSG00000254363.7,0.664458
ENSG00000254365.1,0.0
ENSG00000254366.8,0.0
ENSG00000254367.6,0.0
ENSG00000254369.7,0.0
ENSG00000254370.1,0.0
ENSG00000254372.2,0.0
ENSG00000254373.1,0.0
ENSG00000254376.2,0.0
ENSG00000254377.9,0.0
ENSG00000254380.3,0.0
ENSG00000254381.3,0.0
ENSG00000254383.1,0.0
ENSG00000254384.1,0.0
ENSG00000254387.1,0.0
ENSG00000254388.1,0.0
ENSG00000254389.4,0.219639
ENSG00000254391.1,0.0
ENSG00000254392.1,0.0
ENSG00000254394.3,0.0
ENSG00000254395.1,0.0
ENSG00000254396.1,0.0
ENSG00000254397.1,0.0
ENSG00000254398.1,0.0
ENSG00000254399.2,0.0
ENSG00000254400.1,2.11872
ENSG00000254401.2,0.0
ENSG00000254402.7,1.178397
ENSG00000254403.1,0.0
ENSG00000254404.1,0.0
ENSG00000254405.10,0.0
ENSG00000254406.1,0.0
ENSG00000254407.1,0.0
ENSG00000254408.1,0.0
ENSG00000254409.4,0.0
ENSG00000254411.1,0.0
ENSG00000254412.1,0.0
ENSG00000254413.8,10.469914
ENSG00000254415.4,0.0
ENSG00000254416.7,0.0
ENSG00000254417.2,0.0
ENSG00000254418.1,0.0
ENSG00000254419.1,2.885573
ENSG00000254422.1,0.0
ENSG00000254423.1,0.0
ENSG00000254424.1,0.0
ENSG00000254425.1,0.0
ENSG00000254428.1,0.0
ENSG00000254429.1,0.0
ENSG00000254430.1,0.0
ENSG00000254431.2,0.559898
ENSG00000254432.1,0.0
ENSG00000254433.1,0.0
ENSG00000254434.1,0.0
ENSG00000254436.1,0.0
ENSG00000254437.1,0.0
ENSG00000254438.2,0.0
ENSG00000254440.3,0.0
ENSG00000254441.1,0.0
ENSG00000254442.1,0.0
ENSG00000254443.2,0.0
ENSG00000254444.1,0.0
ENSG00000254445.1,0.0
ENSG00000254447.4,0.0
ENSG00000254449.1,0.0
ENSG00000254450.1,0.0
ENSG00000254451.3,0.0
ENSG00000254452.1,0.0
ENSG00000254453.3,0.0
ENSG00000254454.2,0.0
ENSG00000254455.1,0.0
ENSG00000254456.7,0.0
ENSG00000254457.3,0.0
ENSG00000254458.2,0.0
ENSG00000254459.1,0.0
ENSG00000254460.1,0.0
ENSG00000254461.1,0.0
ENSG00000254463.1,0.0
ENSG00000254464.1,0.0
ENSG00000254465.1,0.0
ENSG00000254466.2,0.0
ENSG00000254467.3,0.0
ENSG00000254468.3,0.0
ENSG00000254469.11,0.79097
ENSG00000254470.3,67.571978
ENSG00000254471.1,0.0
ENSG00000254472.1,0.0
ENSG00000254473.3,0.512746
ENSG00000254475.1,0.0
ENSG00000254477.2,0.29382
ENSG00000254478.1,0.0
ENSG00000254479.1,0.0
ENSG00000254480.3,0.0
ENSG00000254481.1,2.147636
ENSG00000254482.1,0.0
ENSG00000254483.1,0.0
ENSG00000254484.1,0.0
ENSG00000254485.5,0.0
ENSG00000254486.1,0.0
ENSG00000254487.2,0.0
ENSG00000254488.1,0.0
ENSG00000254489.5,0.0
ENSG00000254490.1,0.0
ENSG00000254491.1,0.0
ENSG00000254492.1,0.0
ENSG00000254495.1,0.0
ENSG00000254496.1,0.0
ENSG00000254497.2,0.0
ENSG00000254498.1,0.0
ENSG00000254499.1,0.0
ENSG00000254500.1,0.0
ENSG00000254501.1,0.0
ENSG00000254502.1,0.0
ENSG00000254503.1,0.208513
ENSG00000254505.11,75.5635
ENSG00000254506.2,0.0
ENSG00000254507.3,0.0
ENSG00000254508.6,0.0
ENSG00000254509.1,0.0
ENSG00000254510.4,0.428241
ENSG00000254511.1,0.0
ENSG00000254512.1,0.0
ENSG00000254514.2,0.0
ENSG00000254515.1,0.0
ENSG00000254516.2,0.0
ENSG00000254517.1,0.0
ENSG00000254518.2,0.0
ENSG00000254519.6,0.0
ENSG00000254521.7,0.214035
ENSG00000254522.1,0.0
ENSG00000254524.1,0.0
ENSG00000254526.2,0.0
ENSG00000254527.2,0.0
ENSG00000254528.7,3.453482
ENSG00000254529.1,0.0
ENSG00000254530.3,0.0
ENSG00000254531.4,9.036351999999999
ENSG00000254532.3,0.0
ENSG00000254533.1,0.0
ENSG00000254534.1,0.0
ENSG00000254535.4,0.0
ENSG00000254536.2,0.862072
ENSG00000254537.1,0.0
ENSG00000254538.1,0.0
ENSG00000254539.1,0.36657
ENSG00000254540.1,0.0
ENSG00000254541.1,0.0
ENSG00000254542.1,0.0
ENSG00000254543.1,0.0
ENSG00000254544.1,0.0
ENSG00000254545.1,0.0
ENSG00000254546.1,0.0
ENSG00000254547.1,0.0
ENSG00000254548.1,0.0
ENSG00000254550.1,0.0
ENSG00000254551.1,0.0
ENSG00000254552.1,0.0
ENSG00000254553.1,0.0
ENSG00000254554.2,1.16597
ENSG00000254555.1,0.0
ENSG00000254556.1,0.146426
ENSG00000254557.1,0.0
ENSG00000254558.1,0.0
ENSG00000254559.1,0.0
ENSG00000254560.7,0.333496
ENSG00000254562.8,0.0
ENSG00000254563.1,0.0
ENSG00000254564.1,0.0
ENSG00000254565.1,0.0
ENSG00000254566.2,0.0
ENSG00000254567.2,0.0
ENSG00000254568.1,0.0
ENSG00000254569.1,0.0
ENSG00000254571.1,0.0
ENSG00000254572.2,0.0
ENSG00000254573.2,0.0
ENSG00000254574.1,0.0
ENSG00000254575.2,0.0
ENSG00000254576.3,0.0
ENSG00000254577.1,0.0
ENSG00000254578.1,0.0
ENSG00000254579.3,0.0
ENSG00000254580.2,0.0
ENSG00000254581.2,0.0
ENSG00000254582.1,0.0
ENSG00000254583.1,0.0
ENSG00000254584.3,0.0
ENSG00000254585.5,0.0
ENSG00000254586.3,0.0
ENSG00000254588.1,0.0
ENSG00000254589.1,0.0
ENSG00000254590.1,0.0
ENSG00000254591.1,0.0
ENSG00000254592.1,0.0
ENSG00000254593.1,0.0
ENSG00000254594.6,0.0
ENSG00000254595.1,0.0
ENSG00000254596.1,0.0
ENSG00000254598.3,0.0
ENSG00000254599.2,0.0
ENSG00000254601.1,0.0
ENSG00000254602.3,0.0
ENSG00000254603.1,0.0
ENSG00000254604.1,0.0
ENSG00000254605.2,0.0
ENSG00000254606.1,0.0
ENSG00000254607.4,0.0
ENSG00000254609.1,0.0
ENSG00000254610.4,0.0
ENSG00000254612.2,0.0
ENSG00000254613.3,0.0
ENSG00000254614.2,4.082605
ENSG00000254616.1,0.0
ENSG00000254617.1,0.0
ENSG00000254618.1,0.0
ENSG00000254620.1,0.0
ENSG00000254621.1,0.0
ENSG00000254622.2,0.0
ENSG00000254623.1,0.0
ENSG00000254624.1,0.0
ENSG00000254625.2,0.0
ENSG00000254626.1,0.0
ENSG00000254627.1,0.0
ENSG00000254629.1,0.0
ENSG00000254630.1,0.0
ENSG00000254631.5,0.0
ENSG00000254632.3,0.365567
ENSG00000254633.2,0.53045
ENSG00000254634.4,0.0
ENSG00000254635.7,8.933873
ENSG00000254636.1,0.0
ENSG00000254637.1,0.0
ENSG00000254638.1,0.0
ENSG00000254639.2,0.0
ENSG00000254641.1,0.0
ENSG00000254642.1,0.0
ENSG00000254644.1,0.0
ENSG00000254645.3,0.0
ENSG00000254646.1,0.0
ENSG00000254647.7,0.0
ENSG00000254648.1,0.0
ENSG00000254649.1,0.0
ENSG00000254650.1,0.0
ENSG00000254653.1,0.0
ENSG00000254654.3,0.0
ENSG00000254655.1,0.0
ENSG00000254656.3,0.0
ENSG00000254658.3,0.0
ENSG00000254659.4,0.7136
ENSG00000254660.1,0.0
ENSG00000254661.4,0.0
ENSG00000254662.2,0.547321
ENSG00000254663.1,0.0
ENSG00000254664.2,0.0
ENSG00000254665.1,0.0
ENSG00000254668.1,0.0
ENSG00000254669.1,0.0
ENSG00000254670.2,0.0
ENSG00000254672.1,0.0
ENSG00000254673.1,0.0
ENSG00000254674.1,0.0
ENSG00000254675.2,0.0
ENSG00000254676.1,0.311739
ENSG00000254677.1,0.0
ENSG00000254678.1,0.0
ENSG00000254680.1,0.0
ENSG00000254681.7,0.149855
ENSG00000254682.3,10.971728
ENSG00000254683.1,0.0
ENSG00000254684.1,0.0
ENSG00000254685.8,0.543339
ENSG00000254686.2,0.0
ENSG00000254687.1,0.358827
ENSG00000254688.1,0.0
ENSG00000254689.4,0.136281
ENSG00000254691.1,0.0
ENSG00000254692.1,1.245417
ENSG00000254693.1,0.0
ENSG00000254694.1,0.0
ENSG00000254697.1,0.0
ENSG00000254698.1,0.0
ENSG00000254699.2,0.0
ENSG00000254700.2,0.0
ENSG00000254701.3,0.0
ENSG00000254702.1,0.0
ENSG00000254703.5,14.30371
ENSG00000254704.3,0.0
ENSG00000254705.1,0.0
ENSG00000254706.3,0.0
ENSG00000254707.1,0.0
ENSG00000254708.1,0.0
ENSG00000254709.8,7.891284000000001
ENSG00000254710.2,0.0
ENSG00000254712.1,0.0
ENSG00000254713.2,0.0
ENSG00000254715.3,0.0
ENSG00000254717.3,0.0
ENSG00000254718.7,2.628005
ENSG00000254719.1,0.0
ENSG00000254720.1,0.0
ENSG00000254721.2,1.387988
ENSG00000254722.1,0.0
ENSG00000254723.1,0.0
ENSG00000254724.1,0.0
ENSG00000254725.1,0.0
ENSG00000254726.3,0.0
ENSG00000254727.1,0.0
ENSG00000254728.1,0.0
ENSG00000254730.1,0.0
ENSG00000254732.2,0.0
ENSG00000254733.2,0.0
ENSG00000254734.1,0.0
ENSG00000254735.1,0.0
ENSG00000254736.1,0.0
ENSG00000254737.3,0.0
ENSG00000254738.1,0.0
ENSG00000254739.1,0.0
ENSG00000254741.1,0.0
ENSG00000254743.1,0.0
ENSG00000254746.7,0.0
ENSG00000254747.1,0.0
ENSG00000254748.1,0.0
ENSG00000254749.1,0.0
ENSG00000254750.1,0.0
ENSG00000254751.4,0.189493
ENSG00000254752.3,0.0
ENSG00000254753.2,0.0
ENSG00000254754.2,0.0
ENSG00000254755.1,0.0
ENSG00000254756.2,0.424158
ENSG00000254758.1,0.0
ENSG00000254759.1,0.0
ENSG00000254760.1,2.218482
ENSG00000254762.1,0.0
ENSG00000254764.2,0.0
ENSG00000254765.1,0.0
ENSG00000254767.1,0.0
ENSG00000254768.6,0.0
ENSG00000254769.4,0.0
ENSG00000254770.1,0.0
ENSG00000254771.1,0.0
ENSG00000254772.10,905.9547819999999
ENSG00000254775.3,0.0
ENSG00000254776.1,0.0
ENSG00000254777.6,0.7932309999999999
ENSG00000254778.7,0.0
ENSG00000254779.4,0.0
ENSG00000254780.1,0.0
ENSG00000254781.1,0.111027
ENSG00000254783.1,1.212337
ENSG00000254784.1,0.0
ENSG00000254785.1,0.0
ENSG00000254786.1,0.0
ENSG00000254787.2,0.0
ENSG00000254788.7,9.282686000000002
ENSG00000254789.5,2.553934
ENSG00000254790.1,0.0
ENSG00000254791.1,0.0
ENSG00000254792.1,0.0
ENSG00000254793.1,0.0
ENSG00000254794.1,0.0
ENSG00000254795.1,0.0
ENSG00000254796.1,0.0
ENSG00000254798.1,0.0
ENSG00000254799.1,0.0
ENSG00000254800.2,0.0
ENSG00000254801.1,0.0
ENSG00000254802.2,1.02681
ENSG00000254803.1,0.0
ENSG00000254804.1,0.0
ENSG00000254805.1,0.0
ENSG00000254806.5,0.0
ENSG00000254807.1,0.0
ENSG00000254810.3,2.9248469999999998
ENSG00000254811.6,0.0
ENSG00000254812.4,0.87514
ENSG00000254813.6,0.0
ENSG00000254815.7,0.0
ENSG00000254816.1,0.0
ENSG00000254817.1,0.0
ENSG00000254818.1,0.0
ENSG00000254819.3,0.0
ENSG00000254820.1,0.0
ENSG00000254822.1,0.0
ENSG00000254823.3,0.0
ENSG00000254824.1,0.0
ENSG00000254825.1,0.0
ENSG00000254826.1,0.0
ENSG00000254827.8,3.8936859999999998
ENSG00000254828.1,0.0
ENSG00000254829.1,0.0
ENSG00000254830.1,0.0
ENSG00000254831.1,0.0
ENSG00000254832.1,0.0
ENSG00000254833.1,0.0
ENSG00000254834.5,0.0
ENSG00000254835.1,0.0
ENSG00000254837.3,0.482997
ENSG00000254838.8,0.0
ENSG00000254839.1,0.0
ENSG00000254840.2,0.0
ENSG00000254841.1,0.0
ENSG00000254842.7,0.0
ENSG00000254843.1,0.267801
ENSG00000254844.4,0.0
ENSG00000254846.1,0.0
ENSG00000254847.1,0.0
ENSG00000254848.1,0.0
ENSG00000254850.2,0.0
ENSG00000254851.1,0.0
ENSG00000254852.9,0.0
ENSG00000254853.1,0.0
ENSG00000254854.2,0.252299
ENSG00000254855.1,0.0
ENSG00000254856.1,0.0
ENSG00000254857.1,0.0
ENSG00000254858.10,7.921784
ENSG00000254859.2,6.422434
ENSG00000254860.8,1.498242
ENSG00000254861.3,0.0
ENSG00000254862.6,0.0
ENSG00000254863.3,0.0
ENSG00000254864.1,0.0
ENSG00000254865.1,0.0
ENSG00000254866.3,0.0
ENSG00000254867.1,0.0
ENSG00000254870.5,0.0
ENSG00000254871.1,0.0
ENSG00000254872.4,0.0
ENSG00000254873.2,0.0
ENSG00000254874.2,0.0
ENSG00000254875.8,0.0
ENSG00000254876.6,0.110024
ENSG00000254877.1,0.0
ENSG00000254878.2,0.0
ENSG00000254879.1,0.0
ENSG00000254880.1,0.0
ENSG00000254883.1,0.0
ENSG00000254884.1,0.0
ENSG00000254885.1,0.0
ENSG00000254887.3,6.933225
ENSG00000254888.2,0.0
ENSG00000254889.1,0.0
ENSG00000254890.1,0.0
ENSG00000254891.1,0.0
ENSG00000254892.1,0.0
ENSG00000254893.6,0.0
ENSG00000254894.1,0.0
ENSG00000254895.2,0.0
ENSG00000254896.1,0.0
ENSG00000254897.1,0.0
ENSG00000254898.1,0.0
ENSG00000254900.1,0.0
ENSG00000254901.8,52.006579
ENSG00000254902.1,0.0
ENSG00000254903.1,0.0
ENSG00000254905.1,0.0
ENSG00000254906.2,0.0
ENSG00000254907.2,0.0
ENSG00000254909.1,0.0
ENSG00000254910.2,14.611515
ENSG00000254911.3,0.0
ENSG00000254912.2,0.0
ENSG00000254913.1,0.0
ENSG00000254914.1,0.0
ENSG00000254915.1,0.0
ENSG00000254916.1,0.0
ENSG00000254917.1,0.0
ENSG00000254919.2,0.0
ENSG00000254920.1,0.0
ENSG00000254921.3,0.0
ENSG00000254923.1,0.0
ENSG00000254924.2,0.0
ENSG00000254925.1,0.0
ENSG00000254926.1,0.0
ENSG00000254928.2,1.612736
ENSG00000254929.6,0.0
ENSG00000254930.2,0.0
ENSG00000254931.2,0.0
ENSG00000254932.2,0.0
ENSG00000254933.1,0.0
ENSG00000254934.6,0.0
ENSG00000254935.1,0.0
ENSG00000254936.4,0.0
ENSG00000254937.1,0.0
ENSG00000254938.2,0.0
ENSG00000254939.1,0.0
ENSG00000254940.1,0.0
ENSG00000254941.1,0.0
ENSG00000254942.1,0.0
ENSG00000254943.2,0.0
ENSG00000254944.1,0.0
ENSG00000254946.3,0.516813
ENSG00000254947.1,0.0
ENSG00000254948.1,0.0
ENSG00000254949.1,0.0
ENSG00000254951.8,0.0
ENSG00000254952.2,1.811081
ENSG00000254953.1,0.0
ENSG00000254954.1,0.0
ENSG00000254957.1,0.0
ENSG00000254959.6,0.0
ENSG00000254960.3,0.0
ENSG00000254961.1,0.0
ENSG00000254963.1,0.0
ENSG00000254964.1,0.0
ENSG00000254965.1,0.0
ENSG00000254966.2,0.418992
ENSG00000254968.9,0.0
ENSG00000254971.1,0.0
ENSG00000254972.1,0.0
ENSG00000254973.2,0.0
ENSG00000254974.1,0.0
ENSG00000254975.1,0.0
ENSG00000254976.1,0.0
ENSG00000254978.2,0.0
ENSG00000254979.5,0.0
ENSG00000254980.1,0.0
ENSG00000254983.1,0.0
ENSG00000254984.1,0.0
ENSG00000254985.1,0.0
ENSG00000254986.8,25.959501000000003
ENSG00000254987.2,0.461756
ENSG00000254988.2,0.0
ENSG00000254989.1,0.0
ENSG00000254990.8,0.0
ENSG00000254991.2,0.0
ENSG00000254992.1,0.0
ENSG00000254993.2,0.0
ENSG00000254995.4,23.572352
ENSG00000254996.5,22.771486
ENSG00000254997.4,0.0
ENSG00000254999.4,120.114315
ENSG00000255000.1,0.0
ENSG00000255001.1,0.0
ENSG00000255002.3,0.0
ENSG00000255003.1,0.0
ENSG00000255004.2,0.0
ENSG00000255005.1,0.0
ENSG00000255006.1,0.0
ENSG00000255007.4,0.0
ENSG00000255008.6,0.0
ENSG00000255009.4,0.0
ENSG00000255010.1,0.0
ENSG00000255011.1,0.0
ENSG00000255012.3,0.0
ENSG00000255014.1,0.0
ENSG00000255016.1,0.0
ENSG00000255018.1,0.0
ENSG00000255019.1,0.0
ENSG00000255020.2,0.0
ENSG00000255021.2,0.0
ENSG00000255022.1,0.0
ENSG00000255025.1,0.0
ENSG00000255026.2,37.863904
ENSG00000255027.3,0.0
ENSG00000255029.3,0.0
ENSG00000255030.1,0.0
ENSG00000255031.6,38.795473
ENSG00000255032.1,0.0
ENSG00000255033.1,0.0
ENSG00000255035.2,0.0
ENSG00000255036.6,0.410606
ENSG00000255037.1,0.0
ENSG00000255038.2,0.411595
ENSG00000255039.1,0.0
ENSG00000255040.1,0.0
ENSG00000255041.1,0.0
ENSG00000255042.6,0.0
ENSG00000255043.1,0.0
ENSG00000255045.2,0.0
ENSG00000255046.2,0.359072
ENSG00000255047.1,0.0
ENSG00000255048.1,0.0
ENSG00000255050.1,0.0
ENSG00000255051.1,0.0
ENSG00000255052.6,0.316631
ENSG00000255053.1,0.0
ENSG00000255054.3,0.818868
ENSG00000255055.1,0.0
ENSG00000255057.1,0.0
ENSG00000255058.1,0.0
ENSG00000255059.1,2.845343
ENSG00000255060.1,0.0
ENSG00000255062.3,0.540159
ENSG00000255063.1,0.0
ENSG00000255065.1,0.0
ENSG00000255067.1,0.0
ENSG00000255070.1,0.0
ENSG00000255071.3,0.0
ENSG00000255073.8,0.0
ENSG00000255074.1,0.0
ENSG00000255075.1,0.0
ENSG00000255076.2,0.0
ENSG00000255077.1,0.0
ENSG00000255078.1,0.0
ENSG00000255079.2,0.0
ENSG00000255081.1,0.0
ENSG00000255082.1,0.0
ENSG00000255083.2,0.0
ENSG00000255084.1,0.0
ENSG00000255085.9,0.0
ENSG00000255086.1,0.0
ENSG00000255087.7,0.0
ENSG00000255088.1,0.0
ENSG00000255089.1,2.121642
ENSG00000255091.1,0.0
ENSG00000255092.1,0.0
ENSG00000255093.3,0.0
ENSG00000255094.1,0.0
ENSG00000255095.3,0.0
ENSG00000255096.2,0.0
ENSG00000255097.1,0.0
ENSG00000255099.1,0.0
ENSG00000255100.2,0.0
ENSG00000255101.1,0.0
ENSG00000255102.2,0.0
ENSG00000255104.9,0.0
ENSG00000255105.1,0.0
ENSG00000255106.1,0.0
ENSG00000255107.1,0.0
ENSG00000255108.2,0.0
ENSG00000255109.7,0.0
ENSG00000255110.1,0.0
ENSG00000255111.1,0.0
ENSG00000255112.3,34.186971
ENSG00000255113.1,0.0
ENSG00000255114.1,0.0
ENSG00000255115.2,0.0
ENSG00000255116.2,0.0
ENSG00000255117.7,0.0
ENSG00000255118.1,0.0
ENSG00000255119.1,0.0
ENSG00000255120.5,0.0
ENSG00000255121.2,1.241346
ENSG00000255122.1,0.0
ENSG00000255123.1,0.0
ENSG00000255126.2,0.0
ENSG00000255127.4,0.0
ENSG00000255128.1,0.0
ENSG00000255129.7,0.0
ENSG00000255130.1,0.0
ENSG00000255131.2,0.0
ENSG00000255132.1,0.0
ENSG00000255133.3,0.0
ENSG00000255134.1,0.0
ENSG00000255135.6,1.722406
ENSG00000255136.4,0.0
ENSG00000255138.1,0.0
ENSG00000255139.3,0.499414
ENSG00000255140.1,0.0
ENSG00000255141.1,0.0
ENSG00000255142.1,4.117992
ENSG00000255143.1,0.0
ENSG00000255144.1,0.0
ENSG00000255146.2,0.0
ENSG00000255147.1,0.0
ENSG00000255148.2,0.0
ENSG00000255149.1,0.0
ENSG00000255150.2,0.871667
ENSG00000255151.2,0.0
ENSG00000255152.8,1.86894
ENSG00000255153.1,0.892657
ENSG00000255154.9,2.98383
ENSG00000255155.1,0.0
ENSG00000255156.1,0.0
ENSG00000255157.2,0.0
ENSG00000255158.1,0.0
ENSG00000255159.2,0.0
ENSG00000255161.1,0.0
ENSG00000255162.1,0.0
ENSG00000255163.1,6.364926
ENSG00000255164.1,0.0
ENSG00000255165.1,0.0
ENSG00000255166.1,0.0
ENSG00000255167.2,0.0
ENSG00000255170.2,0.0
ENSG00000255171.8,0.0
ENSG00000255172.2,0.0
ENSG00000255173.1,0.0
ENSG00000255174.1,0.0
ENSG00000255175.7,0.0
ENSG00000255176.1,0.0
ENSG00000255177.2,0.0
ENSG00000255178.2,0.0
ENSG00000255179.2,0.0
ENSG00000255181.3,0.0
ENSG00000255182.2,0.321639
ENSG00000255183.2,0.0
ENSG00000255184.1,0.0
ENSG00000255185.7,0.0
ENSG00000255186.1,0.0
ENSG00000255187.3,0.0
ENSG00000255188.1,0.0
ENSG00000255189.1,0.0
ENSG00000255190.2,0.0
ENSG00000255191.1,0.0
ENSG00000255192.7,0.0
ENSG00000255193.2,0.0
ENSG00000255196.1,0.0
ENSG00000255197.8,62.685141
ENSG00000255198.7,1.921902
ENSG00000255199.2,0.0
ENSG00000255200.2,0.0
ENSG00000255201.1,0.0
ENSG00000255202.1,0.0
ENSG00000255203.1,0.0
ENSG00000255204.1,0.0
ENSG00000255205.1,0.0
ENSG00000255206.1,0.0
ENSG00000255207.1,0.0
ENSG00000255209.1,0.0
ENSG00000255210.1,0.0
ENSG00000255211.1,0.0
ENSG00000255213.1,0.0
ENSG00000255214.1,0.0
ENSG00000255215.1,0.0
ENSG00000255216.3,0.0
ENSG00000255217.1,0.0
ENSG00000255218.1,0.0
ENSG00000255219.2,0.0
ENSG00000255220.1,0.0
ENSG00000255221.5,0.0
ENSG00000255222.1,0.355625
ENSG00000255223.5,0.0
ENSG00000255224.3,0.819448
ENSG00000255225.1,0.0
ENSG00000255226.3,0.0
ENSG00000255227.2,0.0
ENSG00000255229.2,0.0
ENSG00000255230.1,0.0
ENSG00000255231.1,0.0
ENSG00000255232.1,0.0
ENSG00000255233.2,0.0
ENSG00000255234.7,0.288919
ENSG00000255235.1,0.0
ENSG00000255236.4,0.0
ENSG00000255237.1,0.0
ENSG00000255238.1,0.0
ENSG00000255239.2,0.0
ENSG00000255240.7,0.712395
ENSG00000255241.1,0.0
ENSG00000255244.2,0.0
ENSG00000255245.4,0.0
ENSG00000255246.2,0.0
ENSG00000255247.1,0.605333
ENSG00000255248.11,0.401084
ENSG00000255250.3,0.0
ENSG00000255251.2,0.0
ENSG00000255252.4,0.0
ENSG00000255253.1,0.0
ENSG00000255254.1,0.0
ENSG00000255255.1,0.0
ENSG00000255256.1,0.0
ENSG00000255258.3,0.0
ENSG00000255259.2,0.0
ENSG00000255260.2,0.0
ENSG00000255261.1,0.0
ENSG00000255262.3,0.0
ENSG00000255265.1,0.0
ENSG00000255266.1,0.0
ENSG00000255267.5,0.326866
ENSG00000255268.2,0.0
ENSG00000255269.4,0.161186
ENSG00000255270.1,0.0
ENSG00000255271.1,0.0
ENSG00000255273.1,0.0
ENSG00000255274.10,0.437549
ENSG00000255276.1,0.0
ENSG00000255277.4,0.0
ENSG00000255280.1,0.0
ENSG00000255281.1,0.0
ENSG00000255282.7,0.0
ENSG00000255283.3,0.0
ENSG00000255284.5,10.467778
ENSG00000255285.1,0.0
ENSG00000255286.2,0.0
ENSG00000255287.1,0.0
ENSG00000255288.1,0.0
ENSG00000255289.2,0.0
ENSG00000255291.2,0.0
ENSG00000255292.9,0.0
ENSG00000255293.1,0.0
ENSG00000255294.2,0.0
ENSG00000255295.1,0.0
ENSG00000255296.1,0.0
ENSG00000255297.1,0.0
ENSG00000255298.5,0.0
ENSG00000255299.6,0.0
ENSG00000255300.6,0.0
ENSG00000255301.1,0.0
ENSG00000255302.5,25.360374
ENSG00000255303.3,0.0
ENSG00000255304.1,0.0
ENSG00000255305.1,0.0
ENSG00000255306.2,0.0
ENSG00000255307.2,0.0
ENSG00000255308.2,0.0
ENSG00000255309.1,0.0
ENSG00000255310.2,0.50893
ENSG00000255311.5,0.0
ENSG00000255312.1,0.0
ENSG00000255313.3,0.0
ENSG00000255314.5,0.0
ENSG00000255315.1,0.0
ENSG00000255316.1,0.0
ENSG00000255317.2,0.0
ENSG00000255319.6,0.0
ENSG00000255320.3,0.503938
ENSG00000255321.1,0.0
ENSG00000255323.7,0.0
ENSG00000255326.2,0.554131
ENSG00000255327.1,0.0
ENSG00000255329.1,0.0
ENSG00000255330.9,0.0
ENSG00000255331.1,0.0
ENSG00000255332.9,0.0
ENSG00000255333.1,0.0
ENSG00000255334.1,0.0
ENSG00000255335.3,0.0
ENSG00000255336.1,0.0
ENSG00000255337.2,0.398319
ENSG00000255338.1,0.0
ENSG00000255339.6,1.640265
ENSG00000255340.1,0.0
ENSG00000255341.1,0.0
ENSG00000255342.1,0.0
ENSG00000255343.1,0.0
ENSG00000255344.3,0.0
ENSG00000255345.1,0.0
ENSG00000255346.11,0.0
ENSG00000255347.1,0.0
ENSG00000255348.2,0.0
ENSG00000255349.1,0.0
ENSG00000255350.1,0.0
ENSG00000255351.1,0.0
ENSG00000255352.1,0.0
ENSG00000255353.1,0.0
ENSG00000255355.2,0.0
ENSG00000255356.2,0.0
ENSG00000255357.3,0.0
ENSG00000255358.1,0.0
ENSG00000255359.3,0.0
ENSG00000255360.1,0.0
ENSG00000255361.1,0.0
ENSG00000255362.2,0.0
ENSG00000255363.4,1.391342
ENSG00000255364.1,0.0
ENSG00000255365.1,0.0
ENSG00000255366.2,0.622109
ENSG00000255367.5,3.4191109999999996
ENSG00000255368.1,0.0
ENSG00000255369.1,0.0
ENSG00000255370.1,0.0
ENSG00000255371.1,0.0
ENSG00000255372.1,0.0
ENSG00000255374.3,0.0
ENSG00000255375.4,0.0
ENSG00000255376.1,0.0
ENSG00000255377.1,0.0
ENSG00000255378.1,0.0
ENSG00000255379.1,0.0
ENSG00000255380.1,0.0
ENSG00000255381.1,0.0
ENSG00000255382.3,0.0
ENSG00000255384.2,0.0
ENSG00000255385.1,0.0
ENSG00000255386.1,0.0
ENSG00000255387.1,0.0
ENSG00000255388.7,0.0
ENSG00000255389.1,0.797757
ENSG00000255390.1,0.0
ENSG00000255391.1,0.0
ENSG00000255393.3,0.0
ENSG00000255395.2,0.0
ENSG00000255396.2,0.0
ENSG00000255397.1,0.0
ENSG00000255398.3,74.600632
ENSG00000255399.7,0.0
ENSG00000255400.2,0.0
ENSG00000255401.1,0.0
ENSG00000255402.2,0.0
ENSG00000255403.1,0.0
ENSG00000255404.1,0.0
ENSG00000255406.4,0.0
ENSG00000255408.4,0.0
ENSG00000255409.1,0.0
ENSG00000255410.3,0.0
ENSG00000255411.4,0.298428
ENSG00000255413.1,0.0
ENSG00000255415.1,0.0
ENSG00000255416.1,0.0
ENSG00000255417.1,0.0
ENSG00000255418.7,0.0
ENSG00000255419.7,0.0
ENSG00000255420.2,0.0
ENSG00000255421.1,0.0
ENSG00000255422.5,4.751505
ENSG00000255423.1,0.151414
ENSG00000255424.1,0.0
ENSG00000255425.6,0.0
ENSG00000255426.1,0.0
ENSG00000255427.1,0.0
ENSG00000255428.1,0.0
ENSG00000255429.1,0.0
ENSG00000255430.1,0.0
ENSG00000255431.1,0.0
ENSG00000255432.1,0.0
ENSG00000255433.5,0.0
ENSG00000255434.1,0.0
ENSG00000255435.8,0.11842
ENSG00000255437.1,0.0
ENSG00000255438.2,0.0
ENSG00000255439.6,1.701511
ENSG00000255440.3,0.0
ENSG00000255441.1,5.768555
ENSG00000255442.1,0.0
ENSG00000255443.1,0.0
ENSG00000255444.1,0.0
ENSG00000255445.1,0.0
ENSG00000255446.1,0.0
ENSG00000255447.2,0.0
ENSG00000255448.1,0.0
ENSG00000255449.1,0.854835
ENSG00000255450.1,0.0
ENSG00000255451.2,0.0
ENSG00000255452.1,0.0
ENSG00000255454.1,0.0
ENSG00000255455.2,0.0
ENSG00000255456.1,0.0
ENSG00000255457.1,0.0
ENSG00000255458.10,0.796336
ENSG00000255459.2,0.0
ENSG00000255460.1,0.0
ENSG00000255461.1,0.0
ENSG00000255462.2,0.0
ENSG00000255463.1,0.0
ENSG00000255464.1,0.0
ENSG00000255466.1,0.0
ENSG00000255467.1,0.0
ENSG00000255468.8,0.335752
ENSG00000255469.1,0.0
ENSG00000255470.1,0.0
ENSG00000255471.2,0.305318
ENSG00000255472.1,0.0
ENSG00000255474.1,0.0
ENSG00000255475.2,0.0
ENSG00000255476.1,0.0
ENSG00000255477.2,0.0
ENSG00000255478.1,0.597224
ENSG00000255480.1,0.0
ENSG00000255481.2,0.0
ENSG00000255482.2,0.0
ENSG00000255483.1,0.0
ENSG00000255484.3,0.0
ENSG00000255485.1,0.0
ENSG00000255486.1,0.0
ENSG00000255487.1,0.0
ENSG00000255489.1,0.0
ENSG00000255490.1,0.0
ENSG00000255491.5,0.23381
ENSG00000255492.1,0.0
ENSG00000255493.2,0.0
ENSG00000255494.3,0.0
ENSG00000255496.1,0.0
ENSG00000255497.1,0.0
ENSG00000255498.1,0.0
ENSG00000255499.1,0.0
ENSG00000255500.2,0.0
ENSG00000255501.3,0.0
ENSG00000255502.7,0.0
ENSG00000255503.1,0.0
ENSG00000255504.2,0.0
ENSG00000255505.1,0.0
ENSG00000255506.1,0.0
ENSG00000255508.7,1.082068
ENSG00000255510.1,0.0
ENSG00000255511.1,0.0
ENSG00000255512.2,0.0
ENSG00000255513.1,0.0
ENSG00000255514.1,0.0
ENSG00000255515.1,0.0
ENSG00000255516.2,0.0
ENSG00000255517.9,1.544391
ENSG00000255519.1,0.0
ENSG00000255520.1,0.0
ENSG00000255521.4,0.488517
ENSG00000255522.1,0.0
ENSG00000255523.1,0.0
ENSG00000255524.8,0.702417
ENSG00000255525.1,0.0
ENSG00000255526.6,0.0
ENSG00000255527.1,0.0
ENSG00000255528.2,0.0
ENSG00000255529.9,3.079538
ENSG00000255530.1,0.0
ENSG00000255531.1,0.0
ENSG00000255532.2,0.0
ENSG00000255533.1,0.0
ENSG00000255534.1,0.0
ENSG00000255535.2,0.0
ENSG00000255536.1,0.0
ENSG00000255537.1,0.0
ENSG00000255538.1,0.0
ENSG00000255539.1,0.0
ENSG00000255540.1,0.0
ENSG00000255541.1,0.0
ENSG00000255542.2,0.0
ENSG00000255543.1,0.0
ENSG00000255544.2,0.0
ENSG00000255545.9,0.104773
ENSG00000255547.1,0.0
ENSG00000255548.1,0.0
ENSG00000255549.2,0.0
ENSG00000255550.1,0.0
ENSG00000255551.1,0.0
ENSG00000255552.10,0.0
ENSG00000255553.3,0.0
ENSG00000255554.1,0.0
ENSG00000255555.1,0.0
ENSG00000255556.2,0.0
ENSG00000255557.1,0.0
ENSG00000255558.1,0.0
ENSG00000255559.2,0.190876
ENSG00000255560.1,0.0
ENSG00000255561.7,1.437544
ENSG00000255562.3,0.0
ENSG00000255563.1,0.0
ENSG00000255565.2,0.0
ENSG00000255566.1,0.0
ENSG00000255569.1,7.658456
ENSG00000255571.10,0.918045
ENSG00000255572.1,0.0
ENSG00000255575.1,0.0
ENSG00000255580.1,0.0
ENSG00000255581.1,0.0
ENSG00000255582.1,0.0
ENSG00000255583.3,0.0
ENSG00000255585.4,0.0
ENSG00000255587.9,11.16301
ENSG00000255595.6,0.0
ENSG00000255605.2,0.0
ENSG00000255606.2,0.0
ENSG00000255608.1,0.0
ENSG00000255618.3,0.0
ENSG00000255621.2,0.0
ENSG00000255622.4,0.0
ENSG00000255624.6,0.0
ENSG00000255627.1,0.0
ENSG00000255628.1,0.0
ENSG00000255629.1,0.0
ENSG00000255639.3,8.011826
ENSG00000255641.1,0.551552
ENSG00000255642.1,0.0
ENSG00000255647.4,0.0
ENSG00000255648.1,0.0
ENSG00000255649.3,0.0
ENSG00000255650.6,0.0
ENSG00000255652.6,0.0
ENSG00000255653.1,0.0
ENSG00000255655.1,0.0
ENSG00000255660.1,0.0
ENSG00000255663.1,0.0
ENSG00000255664.1,0.0
ENSG00000255666.8,0.086792
ENSG00000255669.3,0.0
ENSG00000255670.1,0.0
ENSG00000255671.2,0.0
ENSG00000255672.2,0.0
ENSG00000255679.2,0.0
ENSG00000255680.2,0.0
ENSG00000255686.1,0.0
ENSG00000255689.3,0.0
ENSG00000255690.3,0.0
ENSG00000255692.1,0.0
ENSG00000255693.4,0.0
ENSG00000255700.2,0.0
ENSG00000255703.1,0.0
ENSG00000255704.1,0.0
ENSG00000255710.2,0.0
ENSG00000255713.2,0.0
ENSG00000255714.1,0.0
ENSG00000255717.10,28.075782000000004
ENSG00000255723.1,0.0
ENSG00000255725.2,0.0
ENSG00000255726.1,0.0
ENSG00000255727.3,0.0
ENSG00000255730.5,0.0
ENSG00000255733.7,0.82665
ENSG00000255734.1,0.0
ENSG00000255737.2,0.0
ENSG00000255741.1,0.0
ENSG00000255745.3,0.0
ENSG00000255746.1,0.0
ENSG00000255749.1,0.0
ENSG00000255750.7,0.0
ENSG00000255753.1,0.0
ENSG00000255757.1,0.0
ENSG00000255760.5,20.905221
ENSG00000255763.1,0.0
ENSG00000255769.8,0.0
ENSG00000255772.6,0.0
ENSG00000255774.3,0.0
ENSG00000255775.2,0.0
ENSG00000255776.1,0.0
ENSG00000255780.1,0.0
ENSG00000255786.1,0.0
ENSG00000255790.6,0.0
ENSG00000255794.13,0.0
ENSG00000255801.3,25.828379
ENSG00000255804.2,0.0
ENSG00000255807.1,0.0
ENSG00000255808.1,0.0
ENSG00000255811.1,0.0
ENSG00000255814.2,0.0
ENSG00000255815.3,0.0
ENSG00000255819.7,1.704283
ENSG00000255825.1,0.0
ENSG00000255829.1,0.0
ENSG00000255830.2,0.0
ENSG00000255833.2,0.662038
ENSG00000255835.1,0.0
ENSG00000255836.1,0.218131
ENSG00000255837.2,0.309863
ENSG00000255838.1,0.0
ENSG00000255839.1,0.0
ENSG00000255843.2,0.0
ENSG00000255845.2,0.0
ENSG00000255847.6,0.0
ENSG00000255850.3,0.0
ENSG00000255851.2,4.618778
ENSG00000255853.1,0.0
ENSG00000255855.4,0.0
ENSG00000255856.2,0.0
ENSG00000255857.9,0.914553
ENSG00000255858.3,0.236463
ENSG00000255860.3,0.0
ENSG00000255866.3,0.0
ENSG00000255867.2,0.0
ENSG00000255870.1,0.0
ENSG00000255871.2,0.0
ENSG00000255872.3,0.0
ENSG00000255874.5,0.141988
ENSG00000255875.2,0.0
ENSG00000255882.1,0.0
ENSG00000255883.1,0.0
ENSG00000255885.1,0.0
ENSG00000255886.1,0.0
ENSG00000255892.1,0.0
ENSG00000255893.1,0.571189
ENSG00000255899.1,0.0
ENSG00000255900.1,0.0
ENSG00000255903.2,0.0
ENSG00000255909.1,0.0
ENSG00000255910.3,0.0
ENSG00000255916.2,0.0
ENSG00000255919.1,0.0
ENSG00000255920.5,0.194978
ENSG00000255921.2,0.0
ENSG00000255923.1,0.0
ENSG00000255928.1,0.0
ENSG00000255929.7,0.0
ENSG00000255931.3,0.284601
ENSG00000255933.1,0.0
ENSG00000255946.4,0.0
ENSG00000255947.1,0.0
ENSG00000255949.1,0.0
ENSG00000255951.1,0.0
ENSG00000255958.1,0.0
ENSG00000255959.2,0.964736
ENSG00000255960.1,0.0
ENSG00000255964.1,0.0
ENSG00000255965.1,0.0
ENSG00000255966.2,0.0
ENSG00000255967.1,0.0
ENSG00000255968.1,0.0
ENSG00000255970.2,0.0
ENSG00000255972.1,0.0
ENSG00000255973.1,0.0
ENSG00000255974.8,0.0
ENSG00000255976.1,0.0
ENSG00000255977.1,0.0
ENSG00000255980.4,0.0
ENSG00000255982.1,0.0
ENSG00000255983.1,0.0
ENSG00000255986.7,0.0
ENSG00000255987.1,0.0
ENSG00000255988.1,0.0
ENSG00000255991.2,0.0
ENSG00000255992.2,0.331744
ENSG00000255993.1,0.0
ENSG00000255995.1,0.0
ENSG00000255996.1,0.0
ENSG00000255998.3,0.0
ENSG00000256004.1,0.0
ENSG00000256006.1,0.0
ENSG00000256007.1,0.0
ENSG00000256008.4,0.0
ENSG00000256011.1,0.0
ENSG00000256013.1,0.0
ENSG00000256019.1,0.0
ENSG00000256020.4,26.203879999999998
ENSG00000256021.1,0.0
ENSG00000256022.7,0.0
ENSG00000256025.2,0.0
ENSG00000256028.2,3.38997
ENSG00000256029.6,0.199287
ENSG00000256030.2,0.0
ENSG00000256034.1,0.0
ENSG00000256035.1,0.0
ENSG00000256037.1,0.0
ENSG00000256039.5,0.857753
ENSG00000256040.2,0.0
ENSG00000256041.1,0.0
ENSG00000256043.5,10.021409
ENSG00000256044.1,0.0
ENSG00000256053.9,16.126128
ENSG00000256056.1,0.0
ENSG00000256060.3,4.42913
ENSG00000256061.7,0.177394
ENSG00000256064.1,0.0
ENSG00000256069.8,0.0
ENSG00000256070.1,0.0
ENSG00000256071.1,0.0
ENSG00000256072.1,0.0
ENSG00000256073.5,0.77923
ENSG00000256075.1,0.0
ENSG00000256077.6,0.0
ENSG00000256079.1,0.0
ENSG00000256081.2,0.0
ENSG00000256083.1,0.0
ENSG00000256084.2,0.992142
ENSG00000256085.1,0.0
ENSG00000256087.7,0.720169
ENSG00000256091.1,0.0
ENSG00000256092.5,0.127087
ENSG00000256093.1,0.0
ENSG00000256098.1,0.0
ENSG00000256100.1,0.0
ENSG00000256103.2,0.0
ENSG00000256108.1,0.0
ENSG00000256115.7,0.0
ENSG00000256116.2,0.25345
ENSG00000256120.3,0.0
ENSG00000256124.7,0.0
ENSG00000256125.1,0.0
ENSG00000256128.8,2.5564479999999996
ENSG00000256134.1,0.0
ENSG00000256136.1,0.0
ENSG00000256137.1,0.0
ENSG00000256138.1,0.0
ENSG00000256139.3,0.0
ENSG00000256146.1,0.0
ENSG00000256148.1,0.0
ENSG00000256149.1,0.0
ENSG00000256151.1,0.0
ENSG00000256152.2,0.0
ENSG00000256155.1,0.0
ENSG00000256157.1,0.0
ENSG00000256159.1,0.0
ENSG00000256162.2,0.0
ENSG00000256166.1,0.0
ENSG00000256167.2,0.0
ENSG00000256171.1,0.0
ENSG00000256172.2,0.0
ENSG00000256176.1,0.0
ENSG00000256181.1,0.0
ENSG00000256185.1,0.0
ENSG00000256188.3,0.0
ENSG00000256189.1,0.31483
ENSG00000256192.1,0.0
ENSG00000256193.7,0.0
ENSG00000256195.4,0.0
ENSG00000256196.3,0.0
ENSG00000256197.1,0.0
ENSG00000256199.1,0.0
ENSG00000256204.1,0.0
ENSG00000256206.2,0.0
ENSG00000256209.3,0.0
ENSG00000256210.3,0.0
ENSG00000256211.1,0.0
ENSG00000256218.2,0.228444
ENSG00000256220.1,0.0
ENSG00000256221.1,0.0
ENSG00000256223.6,2.22094
ENSG00000256226.2,0.0
ENSG00000256229.8,2.20174
ENSG00000256232.2,0.0
ENSG00000256234.1,0.0
ENSG00000256235.3,20.051977
ENSG00000256237.2,0.0
ENSG00000256238.1,0.0
ENSG00000256243.2,0.0
ENSG00000256249.1,0.0
ENSG00000256250.1,0.0
ENSG00000256254.1,0.0
ENSG00000256256.2,0.0
ENSG00000256258.1,0.0
ENSG00000256259.2,0.0
ENSG00000256262.4,3.424887
ENSG00000256263.1,0.0
ENSG00000256268.4,0.0
ENSG00000256269.11,16.121046
ENSG00000256273.2,0.0
ENSG00000256274.2,0.0
ENSG00000256278.1,0.0
ENSG00000256280.1,2.170188
ENSG00000256281.1,0.0
ENSG00000256282.3,0.0
ENSG00000256283.1,0.0
ENSG00000256285.1,0.0
ENSG00000256286.3,0.0
ENSG00000256288.2,0.0
ENSG00000256292.3,0.0
ENSG00000256293.2,0.0
ENSG00000256294.8,0.470147
ENSG00000256298.2,0.0
ENSG00000256299.1,0.0
ENSG00000256306.2,0.0
ENSG00000256310.1,0.0
ENSG00000256311.2,0.0
ENSG00000256312.2,0.0
ENSG00000256314.1,0.0
ENSG00000256315.2,0.0
ENSG00000256325.1,0.0
ENSG00000256331.1,0.0
ENSG00000256338.2,1.017777
ENSG00000256339.2,0.0
ENSG00000256340.11,0.0
ENSG00000256341.1,0.0
ENSG00000256343.8,0.0
ENSG00000256346.1,0.0
ENSG00000256347.1,0.0
ENSG00000256349.1,0.0
ENSG00000256350.1,0.0
ENSG00000256351.1,0.0
ENSG00000256353.1,0.0
ENSG00000256355.1,0.0
ENSG00000256356.1,0.0
ENSG00000256357.2,7.047282
ENSG00000256358.1,1.187542
ENSG00000256361.1,0.916258
ENSG00000256362.3,0.0
ENSG00000256364.1,0.0
ENSG00000256371.1,0.0
ENSG00000256372.1,0.0
ENSG00000256377.7,0.0
ENSG00000256378.1,0.0
ENSG00000256379.2,0.0
ENSG00000256381.1,0.0
ENSG00000256385.1,0.0
ENSG00000256389.2,0.0
ENSG00000256394.3,0.0
ENSG00000256399.1,0.0
ENSG00000256400.1,0.0
ENSG00000256403.1,0.0
ENSG00000256407.2,0.0
ENSG00000256417.2,0.275434
ENSG00000256420.1,0.0
ENSG00000256422.9,0.0
ENSG00000256424.3,0.0
ENSG00000256433.3,0.41392
ENSG00000256436.1,0.0
ENSG00000256440.2,0.0
ENSG00000256441.1,0.0
ENSG00000256442.3,0.0
ENSG00000256443.1,0.0
ENSG00000256448.5,13.560706
ENSG00000256450.1,0.0
ENSG00000256452.1,0.0
ENSG00000256453.2,1.108999
ENSG00000256458.1,0.0
ENSG00000256462.1,0.0
ENSG00000256463.10,0.0
ENSG00000256464.1,0.426598
ENSG00000256465.1,0.0
ENSG00000256469.1,0.0
ENSG00000256473.1,0.0
ENSG00000256474.1,0.0
ENSG00000256480.1,0.0
ENSG00000256481.2,0.0
ENSG00000256482.1,0.0
ENSG00000256484.2,0.0
ENSG00000256494.1,0.0
ENSG00000256496.1,0.0
ENSG00000256499.3,0.0
ENSG00000256500.6,0.0
ENSG00000256502.1,0.0
ENSG00000256504.2,0.0
ENSG00000256508.3,0.0
ENSG00000256512.1,0.0
ENSG00000256513.1,0.0
ENSG00000256514.1,167.870814
ENSG00000256518.3,0.0
ENSG00000256525.8,5.471087
ENSG00000256533.1,0.0
ENSG00000256537.5,0.070207
ENSG00000256538.3,0.0
ENSG00000256540.3,0.0
ENSG00000256546.5,0.0
ENSG00000256551.3,0.0
ENSG00000256552.4,0.0
ENSG00000256553.1,7.315755
ENSG00000256557.1,0.0
ENSG00000256560.2,0.0
ENSG00000256563.2,0.0
ENSG00000256564.1,0.0
ENSG00000256566.1,0.0
ENSG00000256568.3,0.0
ENSG00000256569.1,0.0
ENSG00000256571.1,0.0
ENSG00000256574.8,0.364186
ENSG00000256576.4,0.0
ENSG00000256577.3,0.0
ENSG00000256581.1,0.451228
ENSG00000256582.1,3.622162
ENSG00000256588.1,0.0
ENSG00000256589.2,0.0
ENSG00000256590.2,0.94656
ENSG00000256591.5,7.123704
ENSG00000256594.11,0.0
ENSG00000256596.2,0.0
ENSG00000256597.3,0.0
ENSG00000256603.1,0.0
ENSG00000256609.2,0.0
ENSG00000256612.9,0.0
ENSG00000256614.1,0.0
ENSG00000256615.2,0.0
ENSG00000256616.4,0.0
ENSG00000256625.1,0.0
ENSG00000256626.1,0.0
ENSG00000256627.1,0.0
ENSG00000256628.5,0.853263
ENSG00000256630.1,0.0
ENSG00000256632.3,0.0
ENSG00000256633.2,3.477531
ENSG00000256637.10,0.0
ENSG00000256640.1,0.0
ENSG00000256642.1,0.0
ENSG00000256643.2,0.0
ENSG00000256646.8,8.248473
ENSG00000256650.1,0.0
ENSG00000256651.1,0.0
ENSG00000256654.5,0.0
ENSG00000256657.1,0.0
ENSG00000256658.2,0.0
ENSG00000256659.3,0.0
ENSG00000256660.7,6.410411000000001
ENSG00000256661.1,0.0
ENSG00000256663.1,0.0
ENSG00000256664.1,0.0
ENSG00000256667.7,0.0
ENSG00000256670.1,0.0
ENSG00000256671.7,0.271388
ENSG00000256672.2,0.0
ENSG00000256673.1,0.0
ENSG00000256674.1,0.0
ENSG00000256678.1,0.0
ENSG00000256681.1,0.0
ENSG00000256682.3,0.0
ENSG00000256683.7,5.240505000000001
ENSG00000256684.2,0.0
ENSG00000256690.2,0.0
ENSG00000256691.1,0.0
ENSG00000256695.3,0.0
ENSG00000256699.1,0.0
ENSG00000256704.3,0.0
ENSG00000256705.3,0.0
ENSG00000256706.3,0.765147
ENSG00000256708.1,0.0
ENSG00000256709.2,0.0
ENSG00000256712.1,0.0
ENSG00000256713.8,0.319462
ENSG00000256714.1,0.0
ENSG00000256717.2,0.0
ENSG00000256720.1,3.369369
ENSG00000256721.2,0.0
ENSG00000256723.1,0.0
ENSG00000256733.2,0.0
ENSG00000256734.1,0.0
ENSG00000256737.1,0.0
ENSG00000256742.2,0.22161
ENSG00000256745.1,0.0
ENSG00000256746.5,0.0
ENSG00000256747.1,0.0
ENSG00000256748.1,0.0
ENSG00000256750.3,0.0
ENSG00000256751.7,1.060915
ENSG00000256752.1,0.0
ENSG00000256756.1,0.0
ENSG00000256757.1,0.0
ENSG00000256762.1,0.0
ENSG00000256769.1,0.0
ENSG00000256771.5,1.880736
ENSG00000256774.1,0.0
ENSG00000256777.1,0.0
ENSG00000256779.3,0.0
ENSG00000256783.1,0.0
ENSG00000256789.2,0.0
ENSG00000256797.1,0.0
ENSG00000256799.1,0.0
ENSG00000256802.4,0.0
ENSG00000256803.2,0.0
ENSG00000256804.1,0.0
ENSG00000256806.6,0.437837
ENSG00000256810.2,0.0
ENSG00000256811.2,0.0
ENSG00000256812.2,0.273738
ENSG00000256813.1,1.810435
ENSG00000256814.1,0.0
ENSG00000256817.1,0.0
ENSG00000256824.1,0.0
ENSG00000256825.4,0.0
ENSG00000256826.1,0.0
ENSG00000256827.1,0.0
ENSG00000256835.1,0.0
ENSG00000256837.1,0.0
ENSG00000256843.1,0.0
ENSG00000256844.1,0.0
ENSG00000256847.1,0.0
ENSG00000256849.1,0.0
ENSG00000256851.1,0.0
ENSG00000256852.1,0.0
ENSG00000256861.1,0.0
ENSG00000256862.6,2.379008
ENSG00000256870.3,0.0
ENSG00000256875.2,0.0
ENSG00000256879.2,0.0
ENSG00000256884.2,0.0
ENSG00000256888.7,0.0
ENSG00000256894.1,0.0
ENSG00000256896.1,0.0
ENSG00000256897.1,0.0
ENSG00000256898.1,0.0
ENSG00000256902.1,0.0
ENSG00000256904.1,0.0
ENSG00000256906.2,0.0
ENSG00000256912.1,0.0
ENSG00000256913.1,0.0
ENSG00000256915.3,0.0
ENSG00000256916.2,0.0
ENSG00000256917.1,0.0
ENSG00000256925.4,0.0
ENSG00000256928.1,0.0
ENSG00000256937.1,0.0
ENSG00000256940.5,0.0
ENSG00000256943.3,0.0
ENSG00000256944.2,0.0
ENSG00000256947.1,0.0
ENSG00000256948.2,0.0
ENSG00000256950.2,1.055344
ENSG00000256951.1,0.0
ENSG00000256955.3,0.0
ENSG00000256963.1,0.0
ENSG00000256966.6,0.0
ENSG00000256967.2,0.0
ENSG00000256968.1,0.0
ENSG00000256969.3,0.0
ENSG00000256971.3,0.0
ENSG00000256972.2,0.0
ENSG00000256973.1,0.0
ENSG00000256975.1,0.0
ENSG00000256977.13,0.0
ENSG00000256980.5,0.0
ENSG00000256981.1,0.0
ENSG00000256982.4,0.0
ENSG00000256984.3,0.0
ENSG00000256986.2,0.0
ENSG00000256987.1,0.0
ENSG00000256988.2,0.173924
ENSG00000256994.2,0.0
ENSG00000256995.9,0.0
ENSG00000257000.1,0.0
ENSG00000257002.2,0.0
ENSG00000257004.2,0.0
ENSG00000257005.1,0.0
ENSG00000257008.7,0.178534
ENSG00000257009.1,0.0
ENSG00000257012.1,0.0
ENSG00000257016.1,0.0
ENSG00000257017.10,37.084542
ENSG00000257021.1,0.0
ENSG00000257022.1,0.0
ENSG00000257023.2,0.0
ENSG00000257025.1,0.0
ENSG00000257027.1,2.615749
ENSG00000257035.1,0.0
ENSG00000257037.1,0.0
ENSG00000257038.2,0.0
ENSG00000257042.2,0.0
ENSG00000257043.1,0.0
ENSG00000257045.1,0.0
ENSG00000257046.5,0.0
ENSG00000257048.2,0.0
ENSG00000257052.2,0.672519
ENSG00000257056.4,0.0
ENSG00000257057.3,0.0
ENSG00000257058.2,0.0
ENSG00000257060.10,0.0
ENSG00000257062.6,0.0
ENSG00000257065.1,0.0
ENSG00000257067.7,0.0
ENSG00000257069.6,0.0
ENSG00000257070.1,0.0
ENSG00000257074.3,0.0
ENSG00000257075.1,0.0
ENSG00000257078.1,0.0
ENSG00000257083.8,0.0
ENSG00000257084.3,0.0
ENSG00000257086.2,0.672519
ENSG00000257087.1,0.0
ENSG00000257093.7,0.0
ENSG00000257094.1,0.0
ENSG00000257095.2,0.0
ENSG00000257096.1,0.0
ENSG00000257097.1,0.0
ENSG00000257101.1,0.0
ENSG00000257103.9,20.819513
ENSG00000257105.1,0.0
ENSG00000257108.2,2.484181
ENSG00000257109.3,0.0
ENSG00000257113.1,0.0
ENSG00000257114.4,0.0
ENSG00000257115.2,0.0
ENSG00000257119.1,0.0
ENSG00000257120.1,0.0
ENSG00000257121.1,0.0
ENSG00000257122.6,0.0
ENSG00000257124.2,0.0
ENSG00000257125.1,0.0
ENSG00000257126.7,0.0
ENSG00000257127.6,0.0
ENSG00000257128.1,0.0
ENSG00000257129.2,0.0
ENSG00000257135.9,2.135828
ENSG00000257137.8,0.0
ENSG00000257138.1,0.0
ENSG00000257139.2,1.354526
ENSG00000257142.1,0.0
ENSG00000257146.1,0.0
ENSG00000257150.5,0.0
ENSG00000257155.2,0.0
ENSG00000257157.1,0.0
ENSG00000257159.1,0.0
ENSG00000257162.7,0.0
ENSG00000257165.6,0.0
ENSG00000257167.4,1.858257
ENSG00000257169.1,0.0
ENSG00000257171.2,0.0
ENSG00000257173.1,0.0
ENSG00000257175.2,0.0
ENSG00000257176.4,1.775989
ENSG00000257178.5,0.0
ENSG00000257179.1,0.0
ENSG00000257180.1,0.0
ENSG00000257181.1,0.0
ENSG00000257184.3,0.0
ENSG00000257185.2,0.0
ENSG00000257191.2,0.0
ENSG00000257193.2,0.0
ENSG00000257195.1,0.0
ENSG00000257198.7,0.0
ENSG00000257199.2,0.0
ENSG00000257202.1,0.0
ENSG00000257207.5,0.0
ENSG00000257210.1,0.0
ENSG00000257215.2,0.0
ENSG00000257218.6,5.548633
ENSG00000257219.7,1.731332
ENSG00000257220.1,0.0
ENSG00000257221.5,2.210776
ENSG00000257222.2,0.0
ENSG00000257224.1,0.0
ENSG00000257225.1,0.0
ENSG00000257228.5,0.0
ENSG00000257230.2,0.0
ENSG00000257231.1,0.0
ENSG00000257232.1,0.0
ENSG00000257235.1,0.0
ENSG00000257237.1,0.0
ENSG00000257239.2,0.0
ENSG00000257241.1,0.0
ENSG00000257242.10,0.899444
ENSG00000257243.1,0.636404
ENSG00000257246.3,0.0
ENSG00000257252.8,1.4069729999999998
ENSG00000257253.3,0.371994
ENSG00000257254.1,0.0
ENSG00000257256.1,0.0
ENSG00000257258.2,0.299962
ENSG00000257259.4,0.167882
ENSG00000257261.8,2.779523
ENSG00000257262.2,0.0
ENSG00000257264.5,0.0
ENSG00000257265.1,0.0
ENSG00000257267.6,0.0
ENSG00000257268.1,0.0
ENSG00000257270.1,0.0
ENSG00000257271.1,0.0
ENSG00000257272.1,0.0
ENSG00000257275.7,0.432778
ENSG00000257279.1,0.111026
ENSG00000257281.1,0.0
ENSG00000257283.2,0.0
ENSG00000257284.1,0.0
ENSG00000257285.8,0.523822
ENSG00000257286.1,0.0
ENSG00000257287.1,0.0
ENSG00000257288.1,0.0
ENSG00000257289.1,0.0
ENSG00000257292.2,0.0
ENSG00000257294.2,0.0
ENSG00000257296.1,0.0
ENSG00000257298.1,0.147273
ENSG00000257300.1,0.0
ENSG00000257302.1,0.0
ENSG00000257303.5,1.206694
ENSG00000257307.1,0.0
ENSG00000257308.1,0.0
ENSG00000257310.1,0.0
ENSG00000257315.4,0.142795
ENSG00000257316.1,0.0
ENSG00000257319.2,0.0
ENSG00000257323.1,0.0
ENSG00000257325.1,0.0
ENSG00000257327.2,0.0
ENSG00000257329.2,0.0
ENSG00000257331.1,0.0
ENSG00000257332.1,0.0
ENSG00000257335.8,5.4068179999999995
ENSG00000257336.1,1.826099
ENSG00000257337.10,1.808382
ENSG00000257341.5,0.0
ENSG00000257342.1,0.438814
ENSG00000257343.1,0.0
ENSG00000257345.3,0.594042
ENSG00000257346.2,0.0
ENSG00000257350.1,0.0
ENSG00000257354.2,0.496786
ENSG00000257355.1,0.0
ENSG00000257356.2,0.0
ENSG00000257359.1,0.0
ENSG00000257360.1,0.0
ENSG00000257364.1,0.0
ENSG00000257365.8,12.621469
ENSG00000257366.1,0.0
ENSG00000257368.2,0.0
ENSG00000257373.1,0.0
ENSG00000257376.1,0.0
ENSG00000257378.1,0.0
ENSG00000257379.1,8.292271
ENSG00000257384.1,0.0
ENSG00000257386.1,0.0
ENSG00000257389.1,0.0
ENSG00000257390.5,0.0
ENSG00000257391.2,0.46163
ENSG00000257392.1,0.0
ENSG00000257395.2,0.0
ENSG00000257398.9,0.166873
ENSG00000257400.1,0.0
ENSG00000257402.2,0.0
ENSG00000257403.2,0.0
ENSG00000257404.1,0.0
ENSG00000257405.1,0.0
ENSG00000257407.2,0.0
ENSG00000257408.3,0.0
ENSG00000257410.1,0.0
ENSG00000257411.2,0.0
ENSG00000257414.1,0.0
ENSG00000257415.1,0.0
ENSG00000257426.1,0.0
ENSG00000257429.1,0.0
ENSG00000257431.1,0.075373
ENSG00000257432.1,0.0
ENSG00000257433.9,11.886082
ENSG00000257434.1,0.0
ENSG00000257435.1,0.0
ENSG00000257438.2,0.0
ENSG00000257443.3,0.0
ENSG00000257444.1,0.0
ENSG00000257446.4,0.0
ENSG00000257449.2,2.210356
ENSG00000257452.1,0.0
ENSG00000257453.1,0.0
ENSG00000257456.1,0.0
ENSG00000257458.1,0.0
ENSG00000257464.1,0.0
ENSG00000257465.2,0.0
ENSG00000257467.6,0.0
ENSG00000257470.3,0.0
ENSG00000257472.1,0.0
ENSG00000257473.7,0.0
ENSG00000257474.6,0.0
ENSG00000257475.2,0.0
ENSG00000257476.2,0.0
ENSG00000257480.1,0.0
ENSG00000257488.5,0.0
ENSG00000257489.7,0.0
ENSG00000257493.1,0.0
ENSG00000257494.1,0.0
ENSG00000257495.6,0.061479
ENSG00000257496.4,0.0
ENSG00000257497.2,1.568283
ENSG00000257500.1,0.0
ENSG00000257501.9,0.0
ENSG00000257503.1,0.0
ENSG00000257504.1,0.0
ENSG00000257506.1,0.0
ENSG00000257507.2,0.229386
ENSG00000257509.1,1.317877
ENSG00000257510.2,0.0
ENSG00000257511.1,0.273401
ENSG00000257512.2,0.0
ENSG00000257513.8,0.0
ENSG00000257514.6,0.0
ENSG00000257515.1,0.0
ENSG00000257517.1,0.0
ENSG00000257519.1,0.0
ENSG00000257520.2,0.0
ENSG00000257522.8,0.0
ENSG00000257523.4,0.0
ENSG00000257524.6,9.257673
ENSG00000257526.4,0.079189
ENSG00000257527.1,0.632799
ENSG00000257528.1,0.0
ENSG00000257529.5,26.146169
ENSG00000257530.2,0.0
ENSG00000257531.2,0.0
ENSG00000257534.1,0.0
ENSG00000257539.2,0.0
ENSG00000257541.2,0.0
ENSG00000257542.6,0.0
ENSG00000257543.1,0.0
ENSG00000257545.6,0.0
ENSG00000257548.2,0.0
ENSG00000257550.2,0.0
ENSG00000257551.2,2.441116
ENSG00000257553.1,0.0
ENSG00000257556.5,0.184614
ENSG00000257557.3,0.932454
ENSG00000257558.2,0.0
ENSG00000257564.1,0.0
ENSG00000257568.1,0.0
ENSG00000257569.1,0.0
ENSG00000257570.1,0.0
ENSG00000257572.1,0.0
ENSG00000257576.1,0.0
ENSG00000257579.1,0.0
ENSG00000257580.1,0.0
ENSG00000257582.6,0.0
ENSG00000257585.2,0.0
ENSG00000257586.1,0.0
ENSG00000257587.1,0.0
ENSG00000257588.2,0.0
ENSG00000257591.6,0.0
ENSG00000257594.4,0.0
ENSG00000257595.4,0.0
ENSG00000257596.2,0.0
ENSG00000257599.6,0.0
ENSG00000257604.1,0.0
ENSG00000257605.5,0.0
ENSG00000257607.1,0.0
ENSG00000257609.1,0.0
ENSG00000257611.1,0.0
ENSG00000257612.3,0.0
ENSG00000257614.1,0.0
ENSG00000257616.1,0.0
ENSG00000257621.10,22.484973999999998
ENSG00000257622.1,0.0
ENSG00000257624.1,0.0
ENSG00000257629.1,0.0
ENSG00000257634.1,0.0
ENSG00000257635.2,0.0
ENSG00000257636.7,0.0
ENSG00000257639.1,0.0
ENSG00000257642.1,0.0
ENSG00000257643.1,0.0
ENSG00000257644.1,0.0
ENSG00000257645.1,0.0
ENSG00000257647.1,0.0
ENSG00000257648.1,0.0
ENSG00000257649.1,0.0
ENSG00000257653.1,0.0
ENSG00000257657.4,0.0
ENSG00000257658.1,0.0
ENSG00000257660.6,0.636404
ENSG00000257662.1,0.0
ENSG00000257663.2,0.0
ENSG00000257664.1,0.0
ENSG00000257666.1,0.0
ENSG00000257668.1,0.0
ENSG00000257671.1,0.0
ENSG00000257672.2,0.0
ENSG00000257674.1,0.0
ENSG00000257675.1,0.0
ENSG00000257677.3,0.0
ENSG00000257680.1,0.0
ENSG00000257681.1,0.0
ENSG00000257682.1,0.0
ENSG00000257683.1,0.0
ENSG00000257687.1,0.0
ENSG00000257691.2,1.758402
ENSG00000257696.2,0.0
ENSG00000257698.4,3.958807
ENSG00000257700.1,0.0
ENSG00000257702.6,4.504360999999999
ENSG00000257703.7,0.0
ENSG00000257704.4,15.115538
ENSG00000257718.2,0.0
ENSG00000257720.1,0.0
ENSG00000257721.1,0.0
ENSG00000257723.1,0.0
ENSG00000257726.1,0.0
ENSG00000257727.6,33.53481
ENSG00000257729.3,0.0
ENSG00000257730.1,0.0
ENSG00000257731.2,0.0
ENSG00000257732.2,0.0
ENSG00000257735.2,0.0
ENSG00000257737.1,0.0
ENSG00000257738.2,0.0
ENSG00000257740.1,1.803538
ENSG00000257741.7,0.0
ENSG00000257743.9,0.0
ENSG00000257746.3,0.0
ENSG00000257747.2,0.0
ENSG00000257748.3,0.0
ENSG00000257750.3,0.0
ENSG00000257751.2,0.0
ENSG00000257752.1,0.0
ENSG00000257754.1,0.0
ENSG00000257756.7,0.0
ENSG00000257757.1,0.0
ENSG00000257758.1,0.0
ENSG00000257759.2,0.0
ENSG00000257761.3,0.0
ENSG00000257762.6,0.0
ENSG00000257763.1,0.0
ENSG00000257764.2,1.638925
ENSG00000257766.1,0.0
ENSG00000257767.3,0.0
ENSG00000257769.1,0.0
ENSG00000257770.5,0.0
ENSG00000257771.7,0.0
ENSG00000257773.1,0.0
ENSG00000257777.1,0.0
ENSG00000257779.1,0.0
ENSG00000257780.6,0.0
ENSG00000257781.2,0.0
ENSG00000257784.3,0.0
ENSG00000257786.1,0.0
ENSG00000257787.3,0.0
ENSG00000257790.1,0.0
ENSG00000257792.1,0.0
ENSG00000257797.1,0.0
ENSG00000257800.1,0.0
ENSG00000257802.1,0.0
ENSG00000257803.2,0.0
ENSG00000257807.1,0.0
ENSG00000257808.1,0.0
ENSG00000257809.1,0.0
ENSG00000257813.2,0.0
ENSG00000257815.10,2.261862
ENSG00000257817.3,0.0
ENSG00000257818.1,0.0
ENSG00000257820.1,0.0
ENSG00000257823.1,0.0
ENSG00000257824.1,0.0
ENSG00000257825.1,0.0
ENSG00000257826.1,0.0
ENSG00000257829.1,0.0
ENSG00000257830.1,0.0
ENSG00000257831.2,0.0
ENSG00000257835.3,0.0
ENSG00000257837.2,0.0
ENSG00000257838.6,0.0
ENSG00000257839.2,0.0
ENSG00000257842.7,0.0
ENSG00000257844.2,0.0
ENSG00000257845.1,0.0
ENSG00000257846.2,0.0
ENSG00000257847.1,0.0
ENSG00000257848.1,0.0
ENSG00000257849.2,0.0
ENSG00000257851.2,0.0
ENSG00000257852.1,0.0
ENSG00000257853.3,0.0
ENSG00000257855.1,0.0
ENSG00000257858.1,0.0
ENSG00000257859.2,0.0
ENSG00000257860.7,0.0
ENSG00000257863.1,0.0
ENSG00000257864.1,0.0
ENSG00000257865.1,0.0
ENSG00000257869.2,0.453839
ENSG00000257870.2,0.0
ENSG00000257872.1,0.0
ENSG00000257875.1,0.0
ENSG00000257878.4,38.359639
ENSG00000257880.1,0.0
ENSG00000257883.2,0.0
ENSG00000257884.2,0.0
ENSG00000257885.1,0.0
ENSG00000257890.2,0.099496
ENSG00000257891.2,0.0
ENSG00000257893.4,0.0
ENSG00000257894.3,0.313745
ENSG00000257896.2,0.0
ENSG00000257897.1,0.0
ENSG00000257900.2,6.269074
ENSG00000257904.1,0.0
ENSG00000257905.1,0.0
ENSG00000257906.4,0.162363
ENSG00000257907.2,0.0
ENSG00000257910.1,0.0
ENSG00000257912.2,0.0
ENSG00000257913.5,0.0
ENSG00000257915.1,0.0
ENSG00000257920.3,0.0
ENSG00000257921.6,0.0
ENSG00000257923.12,54.729024
ENSG00000257924.2,0.0
ENSG00000257925.1,0.0
ENSG00000257927.1,0.0
ENSG00000257932.2,0.0
ENSG00000257935.5,0.0
ENSG00000257940.2,0.0
ENSG00000257941.1,0.0
ENSG00000257943.3,0.0
ENSG00000257947.1,0.0
ENSG00000257948.3,0.0
ENSG00000257949.7,19.721359
ENSG00000257950.3,0.26721
ENSG00000257951.5,0.0
ENSG00000257953.1,0.0
ENSG00000257954.1,0.0
ENSG00000257955.2,0.0
ENSG00000257956.1,0.0
ENSG00000257957.1,0.0
ENSG00000257958.1,0.0
ENSG00000257959.2,0.0
ENSG00000257964.1,0.0
ENSG00000257966.1,0.234281
ENSG00000257976.1,0.0
ENSG00000257979.1,0.0
ENSG00000257985.2,0.0
ENSG00000257986.4,0.0
ENSG00000257987.6,0.0
ENSG00000257989.1,0.0
ENSG00000257991.1,0.0
ENSG00000257994.1,0.0
ENSG00000257995.1,0.0
ENSG00000257997.6,0.0
ENSG00000257998.1,0.0
ENSG00000258001.2,0.460143
ENSG00000258007.1,0.0
ENSG00000258010.4,0.0
ENSG00000258011.2,0.0
ENSG00000258012.1,0.0
ENSG00000258013.2,0.0
ENSG00000258016.1,0.0
ENSG00000258017.4,1.3099210000000001
ENSG00000258018.3,0.0
ENSG00000258021.1,0.0
ENSG00000258024.1,0.0
ENSG00000258026.3,0.0
ENSG00000258027.2,0.0
ENSG00000258033.1,0.0
ENSG00000258034.2,0.0
ENSG00000258035.2,0.0
ENSG00000258036.2,0.0
ENSG00000258038.7,0.0
ENSG00000258039.2,0.0
ENSG00000258044.1,0.0
ENSG00000258045.2,0.0
ENSG00000258048.1,0.0
ENSG00000258050.2,0.590891
ENSG00000258051.1,0.0
ENSG00000258052.1,0.0
ENSG00000258053.2,0.136857
ENSG00000258056.4,1.733816
ENSG00000258057.7,0.077018
ENSG00000258064.1,0.0
ENSG00000258065.1,0.0
ENSG00000258066.2,0.0
ENSG00000258068.3,0.0
ENSG00000258071.1,0.0
ENSG00000258072.2,0.0
ENSG00000258073.1,0.0
ENSG00000258074.1,0.0
ENSG00000258076.1,0.0
ENSG00000258077.3,0.0
ENSG00000258080.1,0.0
ENSG00000258082.2,0.597916
ENSG00000258083.2,0.0
ENSG00000258084.7,0.821742
ENSG00000258086.2,0.364369
ENSG00000258090.1,0.0
ENSG00000258091.1,0.0
ENSG00000258096.2,0.0
ENSG00000258098.3,0.0
ENSG00000258099.2,0.0
ENSG00000258100.4,0.0
ENSG00000258101.3,0.25846
ENSG00000258102.5,4.780475
ENSG00000258104.1,0.0
ENSG00000258107.4,0.0
ENSG00000258108.3,0.0
ENSG00000258111.1,0.0
ENSG00000258112.1,0.0
ENSG00000258114.2,0.0
ENSG00000258115.1,0.0
ENSG00000258116.1,0.0
ENSG00000258117.3,0.0
ENSG00000258118.1,0.0
ENSG00000258119.1,0.0
ENSG00000258120.2,0.220293
ENSG00000258121.1,0.0
ENSG00000258122.2,0.0
ENSG00000258123.1,0.0
ENSG00000258125.1,0.0
ENSG00000258128.3,0.0
ENSG00000258130.9,0.0
ENSG00000258133.1,0.0
ENSG00000258134.1,0.0
ENSG00000258135.6,0.0
ENSG00000258136.2,0.0
ENSG00000258140.2,0.0
ENSG00000258142.2,0.0
ENSG00000258144.3,0.0
ENSG00000258148.2,0.0
ENSG00000258150.7,0.0
ENSG00000258153.1,0.0
ENSG00000258154.2,0.0
ENSG00000258159.1,0.0
ENSG00000258162.4,0.0
ENSG00000258167.2,0.0
ENSG00000258168.7,0.0
ENSG00000258169.2,0.0
ENSG00000258171.3,0.0
ENSG00000258172.2,0.0
ENSG00000258173.1,0.0
ENSG00000258175.2,0.0
ENSG00000258177.1,0.0
ENSG00000258178.1,0.0
ENSG00000258179.1,0.0
ENSG00000258181.2,0.0
ENSG00000258183.6,0.0
ENSG00000258184.1,0.0
ENSG00000258185.2,0.0
ENSG00000258186.2,0.0
ENSG00000258193.1,0.0
ENSG00000258197.2,0.0
ENSG00000258199.2,0.0
ENSG00000258202.1,0.0
ENSG00000258203.6,0.0
ENSG00000258204.1,0.0
ENSG00000258205.1,0.0
ENSG00000258206.1,0.0
ENSG00000258210.1,0.0
ENSG00000258212.1,0.0
ENSG00000258214.1,0.0
ENSG00000258215.1,0.0
ENSG00000258220.2,0.0
ENSG00000258223.6,0.0
ENSG00000258224.1,0.0
ENSG00000258225.1,0.0
ENSG00000258227.7,2.283187
ENSG00000258230.3,0.0
ENSG00000258231.6,0.0
ENSG00000258232.2,0.0
ENSG00000258233.1,0.0
ENSG00000258234.2,0.0
ENSG00000258235.2,0.0
ENSG00000258239.1,0.0
ENSG00000258240.6,0.0
ENSG00000258244.1,0.0
ENSG00000258245.1,0.0
ENSG00000258249.2,0.0
ENSG00000258251.1,0.0
ENSG00000258253.1,0.0
ENSG00000258254.2,0.0
ENSG00000258256.2,0.0
ENSG00000258260.1,0.0
ENSG00000258262.1,0.0
ENSG00000258271.1,0.0
ENSG00000258272.1,0.0
ENSG00000258273.1,0.0
ENSG00000258274.2,0.0
ENSG00000258275.1,0.0
ENSG00000258278.2,0.0
ENSG00000258279.5,0.0
ENSG00000258282.2,0.0
ENSG00000258283.1,0.0
ENSG00000258284.1,0.0
ENSG00000258285.2,0.0
ENSG00000258288.1,0.0
ENSG00000258289.10,13.312717
ENSG00000258290.1,0.0
ENSG00000258292.2,0.0
ENSG00000258294.6,0.0
ENSG00000258300.2,0.0
ENSG00000258303.1,0.0
ENSG00000258304.1,0.0
ENSG00000258308.7,0.0
ENSG00000258311.5,4.00379
ENSG00000258312.2,0.0
ENSG00000258313.1,0.0
ENSG00000258314.4,0.0
ENSG00000258315.5,148.715016
ENSG00000258316.1,0.0
ENSG00000258317.2,0.0
ENSG00000258320.1,0.0
ENSG00000258323.1,0.0
ENSG00000258324.2,0.0
ENSG00000258325.3,0.5440579999999999
ENSG00000258331.1,0.0
ENSG00000258332.3,0.0
ENSG00000258334.2,0.0
ENSG00000258336.2,0.0
ENSG00000258337.1,2.211189
ENSG00000258338.1,0.0
ENSG00000258343.3,0.0
ENSG00000258344.1,0.0
ENSG00000258346.2,0.0
ENSG00000258350.1,0.0
ENSG00000258352.2,0.0
ENSG00000258354.1,0.0
ENSG00000258355.1,0.0
ENSG00000258357.1,0.0
ENSG00000258358.2,0.0
ENSG00000258359.1,0.695861
ENSG00000258360.1,0.0
ENSG00000258364.2,0.0
ENSG00000258365.1,0.0
ENSG00000258366.12,7.537004
ENSG00000258367.2,0.0
ENSG00000258368.2,0.0
ENSG00000258369.1,0.0
ENSG00000258373.1,0.0
ENSG00000258375.2,0.238237
ENSG00000258376.3,0.306904
ENSG00000258377.2,0.0
ENSG00000258378.1,0.0
ENSG00000258379.1,0.0
ENSG00000258380.1,0.0
ENSG00000258381.1,0.0
ENSG00000258383.2,0.0
ENSG00000258384.1,0.0
ENSG00000258385.1,0.0
ENSG00000258387.1,0.0
ENSG00000258388.7,0.153156
ENSG00000258390.3,0.0
ENSG00000258392.1,0.0
ENSG00000258393.1,0.0
ENSG00000258394.1,0.0
ENSG00000258397.1,0.0
ENSG00000258399.10,0.0
ENSG00000258400.1,0.0
ENSG00000258401.1,0.0
ENSG00000258402.2,0.0
ENSG00000258404.2,0.0
ENSG00000258405.11,0.405611
ENSG00000258406.1,0.0
ENSG00000258408.1,0.0
ENSG00000258410.1,0.584686
ENSG00000258411.2,0.0
ENSG00000258412.1,0.0
ENSG00000258413.3,0.0
ENSG00000258415.2,0.0
ENSG00000258416.2,0.0
ENSG00000258417.3,0.0
ENSG00000258419.1,0.0
ENSG00000258420.1,0.0
ENSG00000258421.2,0.0
ENSG00000258422.7,0.0
ENSG00000258423.1,0.0
ENSG00000258424.1,0.0
ENSG00000258425.1,0.0
ENSG00000258426.2,0.0
ENSG00000258427.3,0.0
ENSG00000258428.6,0.0
ENSG00000258429.2,0.566106
ENSG00000258430.1,0.0
ENSG00000258431.1,0.0
ENSG00000258433.2,0.0
ENSG00000258435.2,0.0
ENSG00000258436.2,0.0
ENSG00000258437.1,0.0
ENSG00000258438.3,0.0
ENSG00000258439.1,0.0
ENSG00000258440.1,0.0
ENSG00000258441.1,3.235751
ENSG00000258443.1,0.0
ENSG00000258444.1,0.0
ENSG00000258445.3,0.0
ENSG00000258446.1,0.0
ENSG00000258448.1,0.0
ENSG00000258449.1,0.0
ENSG00000258450.1,0.0
ENSG00000258451.1,0.0
ENSG00000258452.1,0.0
ENSG00000258453.4,0.0
ENSG00000258454.2,0.709085
ENSG00000258455.1,0.0
ENSG00000258456.2,0.0
ENSG00000258457.6,0.0
ENSG00000258458.9,1.191258
ENSG00000258459.1,0.0
ENSG00000258460.5,0.0
ENSG00000258461.5,2.948509
ENSG00000258462.2,0.0
ENSG00000258463.1,0.0
ENSG00000258464.3,0.0
ENSG00000258465.8,0.0
ENSG00000258466.5,0.0
ENSG00000258467.1,0.0
ENSG00000258468.1,0.0
ENSG00000258469.2,0.599125
ENSG00000258471.2,0.0
ENSG00000258472.10,0.0
ENSG00000258474.2,0.0
ENSG00000258476.9,4.174447
ENSG00000258477.1,0.0
ENSG00000258478.1,0.0
ENSG00000258479.7,0.263985
ENSG00000258481.2,0.0
ENSG00000258482.1,0.0
ENSG00000258483.5,0.0
ENSG00000258484.4,0.183093
ENSG00000258485.2,0.0
ENSG00000258487.3,0.0
ENSG00000258488.2,0.0
ENSG00000258489.5,0.0
ENSG00000258490.1,0.0
ENSG00000258491.2,0.0
ENSG00000258493.2,0.0
ENSG00000258494.1,0.0
ENSG00000258496.1,0.0
ENSG00000258497.1,0.0
ENSG00000258498.11,0.0
ENSG00000258499.1,0.559417
ENSG00000258500.2,0.0
ENSG00000258501.1,0.0
ENSG00000258502.7,0.0
ENSG00000258503.1,0.0
ENSG00000258504.2,0.0
ENSG00000258505.1,0.0
ENSG00000258506.2,0.0
ENSG00000258507.1,0.0
ENSG00000258509.1,0.0
ENSG00000258510.2,0.0
ENSG00000258511.3,1.392782
ENSG00000258512.3,0.0
ENSG00000258513.1,0.0
ENSG00000258515.1,0.0
ENSG00000258516.3,0.0
ENSG00000258517.4,0.0
ENSG00000258519.1,0.0
ENSG00000258520.1,0.0
ENSG00000258521.1,0.0
ENSG00000258524.1,0.0
ENSG00000258525.2,0.0
ENSG00000258526.9,0.073382
ENSG00000258527.1,0.0
ENSG00000258529.5,0.722702
ENSG00000258531.2,0.0
ENSG00000258532.3,0.0
ENSG00000258534.2,0.0
ENSG00000258535.1,0.153558
ENSG00000258536.1,0.0
ENSG00000258537.7,0.610636
ENSG00000258538.6,0.0
ENSG00000258539.1,0.080709
ENSG00000258540.1,0.0
ENSG00000258541.1,0.0
ENSG00000258542.1,0.0
ENSG00000258543.8,0.0
ENSG00000258544.1,0.0
ENSG00000258545.8,2.534707
ENSG00000258546.1,0.0
ENSG00000258548.7,0.0
ENSG00000258549.1,0.0
ENSG00000258550.1,0.0
ENSG00000258551.8,0.512053
ENSG00000258552.1,0.0
ENSG00000258553.6,0.0
ENSG00000258554.1,0.0
ENSG00000258555.6,0.0
ENSG00000258556.2,2.175457
ENSG00000258557.1,0.0
ENSG00000258558.1,0.0
ENSG00000258559.2,1.200855
ENSG00000258560.1,0.0
ENSG00000258561.3,0.884267
ENSG00000258562.2,0.0
ENSG00000258563.2,0.0
ENSG00000258564.2,0.0
ENSG00000258565.1,0.0
ENSG00000258566.2,0.0
ENSG00000258567.1,0.0
ENSG00000258568.1,0.0
ENSG00000258569.1,0.0
ENSG00000258570.1,0.0
ENSG00000258571.1,0.0
ENSG00000258572.2,1.350397
ENSG00000258573.6,0.0
ENSG00000258576.1,0.0
ENSG00000258577.1,0.0
ENSG00000258578.2,0.0
ENSG00000258580.1,0.0
ENSG00000258581.2,0.0
ENSG00000258583.8,0.0
ENSG00000258584.3,0.354056
ENSG00000258585.2,0.0
ENSG00000258586.1,0.0
ENSG00000258587.1,0.0
ENSG00000258588.3,0.0
ENSG00000258589.8,0.0
ENSG00000258590.6,0.0
ENSG00000258591.2,0.0
ENSG00000258592.2,0.0
ENSG00000258593.2,0.0
ENSG00000258594.2,0.0
ENSG00000258595.2,0.0
ENSG00000258597.4,0.0
ENSG00000258598.2,0.0
ENSG00000258599.2,0.0
ENSG00000258601.1,0.0
ENSG00000258602.3,0.0
ENSG00000258603.6,0.0
ENSG00000258604.1,0.0
ENSG00000258605.1,0.0
ENSG00000258608.1,0.0
ENSG00000258609.4,0.590891
ENSG00000258610.1,2.323578
ENSG00000258611.2,0.0
ENSG00000258613.1,0.0
ENSG00000258615.1,0.0
ENSG00000258616.6,0.0
ENSG00000258618.2,0.0
ENSG00000258619.2,0.0
ENSG00000258620.2,0.0
ENSG00000258622.2,0.0
ENSG00000258623.2,0.439239
ENSG00000258624.1,0.0
ENSG00000258625.3,0.0
ENSG00000258626.2,0.0
ENSG00000258627.1,0.0
ENSG00000258628.1,0.0
ENSG00000258629.1,0.0
ENSG00000258630.4,0.0
ENSG00000258632.2,0.0
ENSG00000258633.2,0.0
ENSG00000258634.3,3.093289
ENSG00000258636.3,0.0
ENSG00000258637.1,0.0
ENSG00000258638.2,0.0
ENSG00000258639.1,0.0
ENSG00000258640.3,0.0
ENSG00000258641.1,0.0
ENSG00000258643.6,1.491469
ENSG00000258644.6,1.823346
ENSG00000258645.2,0.0
ENSG00000258646.1,0.0
ENSG00000258647.7,0.058309
ENSG00000258648.1,0.0
ENSG00000258649.4,0.0
ENSG00000258650.1,0.0
ENSG00000258651.2,0.69027
ENSG00000258653.3,0.0
ENSG00000258654.2,0.0
ENSG00000258655.3,0.080651
ENSG00000258656.1,0.0
ENSG00000258657.6,0.0
ENSG00000258658.2,0.0
ENSG00000258659.7,19.354084
ENSG00000258660.1,0.443622
ENSG00000258661.2,0.0
ENSG00000258662.2,0.0
ENSG00000258663.1,0.0
ENSG00000258665.1,0.0
ENSG00000258666.1,0.0
ENSG00000258667.5,1.797139
ENSG00000258668.1,0.0
ENSG00000258670.2,0.0
ENSG00000258671.2,0.0
ENSG00000258672.2,0.0
ENSG00000258673.3,0.0
ENSG00000258674.5,0.659963
ENSG00000258675.3,0.0
ENSG00000258676.6,0.261597
ENSG00000258677.2,0.0
ENSG00000258678.3,0.0
ENSG00000258679.2,0.0
ENSG00000258680.2,0.0
ENSG00000258681.1,0.0
ENSG00000258682.1,0.0
ENSG00000258683.1,0.0
ENSG00000258684.2,0.0
ENSG00000258685.2,0.0
ENSG00000258687.1,0.0
ENSG00000258689.3,1.182249
ENSG00000258690.1,0.0
ENSG00000258691.1,0.0
ENSG00000258692.2,0.0
ENSG00000258693.1,0.0
ENSG00000258694.2,0.0
ENSG00000258695.2,1.357912
ENSG00000258696.1,0.0
ENSG00000258698.2,0.0
ENSG00000258699.1,0.0
ENSG00000258700.7,0.0
ENSG00000258701.1,0.764488
ENSG00000258702.6,0.387218
ENSG00000258703.1,0.0
ENSG00000258704.9,0.0
ENSG00000258705.2,0.0
ENSG00000258706.1,0.0
ENSG00000258707.2,0.0
ENSG00000258708.1,0.0
ENSG00000258710.9,0.0
ENSG00000258711.3,1.383838
ENSG00000258712.2,0.0
ENSG00000258713.3,0.0
ENSG00000258716.1,0.0
ENSG00000258717.2,0.0
ENSG00000258718.4,0.0
ENSG00000258719.1,0.0
ENSG00000258721.3,0.0
ENSG00000258722.2,0.0
ENSG00000258723.1,0.0
ENSG00000258724.1,0.0
ENSG00000258725.2,0.0
ENSG00000258726.1,0.0
ENSG00000258727.2,7.540098
ENSG00000258728.2,4.456134
ENSG00000258729.2,0.0
ENSG00000258730.1,0.0
ENSG00000258731.2,0.615356
ENSG00000258732.1,0.0
ENSG00000258733.8,3.563416
ENSG00000258734.2,0.0
ENSG00000258735.2,0.300169
ENSG00000258736.2,0.0
ENSG00000258737.2,0.0
ENSG00000258738.1,1.039208
ENSG00000258739.1,0.0
ENSG00000258740.2,0.0
ENSG00000258741.7,2.607179
ENSG00000258742.7,0.0
ENSG00000258743.9,0.198771
ENSG00000258744.4,0.0
ENSG00000258745.1,0.0
ENSG00000258746.2,0.0
ENSG00000258747.3,0.0
ENSG00000258748.2,0.0
ENSG00000258749.1,0.0
ENSG00000258750.2,0.0
ENSG00000258751.3,0.0
ENSG00000258752.3,0.0
ENSG00000258753.1,0.0
ENSG00000258754.8,0.0
ENSG00000258757.1,0.0
ENSG00000258758.1,0.0
ENSG00000258759.1,0.0
ENSG00000258760.1,0.0
ENSG00000258761.1,0.0
ENSG00000258762.1,0.0
ENSG00000258763.6,0.0
ENSG00000258764.1,0.0
ENSG00000258765.1,0.0
ENSG00000258766.2,0.0
ENSG00000258767.1,0.0
ENSG00000258768.2,0.492993
ENSG00000258769.1,0.0
ENSG00000258770.1,0.0
ENSG00000258771.1,0.0
ENSG00000258773.3,0.0
ENSG00000258774.1,0.0
ENSG00000258776.2,0.0
ENSG00000258778.2,0.0
ENSG00000258779.9,0.0
ENSG00000258780.1,0.0
ENSG00000258781.3,0.0
ENSG00000258782.3,0.0
ENSG00000258783.1,0.0
ENSG00000258784.2,0.0
ENSG00000258787.1,0.0
ENSG00000258788.3,0.0
ENSG00000258789.1,0.0
ENSG00000258790.1,3.461287
ENSG00000258791.9,0.0
ENSG00000258792.5,0.0
ENSG00000258793.2,0.0
ENSG00000258794.3,0.207928
ENSG00000258795.1,0.0
ENSG00000258796.1,0.0
ENSG00000258797.2,0.0
ENSG00000258798.2,0.823281
ENSG00000258799.1,0.0
ENSG00000258800.1,0.0
ENSG00000258802.1,0.0
ENSG00000258803.1,0.0
ENSG00000258804.1,0.0
ENSG00000258805.2,0.0
ENSG00000258806.2,0.0
ENSG00000258807.6,0.0
ENSG00000258810.1,1.916364
ENSG00000258811.1,0.0
ENSG00000258812.1,0.0
ENSG00000258813.3,0.0
ENSG00000258814.2,0.0
ENSG00000258815.2,0.0
ENSG00000258816.1,0.0
ENSG00000258817.1,0.0
ENSG00000258818.4,1.330003
ENSG00000258819.3,16.996548
ENSG00000258820.6,0.0
ENSG00000258822.3,0.0
ENSG00000258823.1,0.0
ENSG00000258824.2,0.0
ENSG00000258826.7,0.0
ENSG00000258827.2,0.0
ENSG00000258828.2,0.0
ENSG00000258829.1,0.0
ENSG00000258830.1,0.50949
ENSG00000258834.4,0.0
ENSG00000258835.1,0.0
ENSG00000258836.2,0.0
ENSG00000258837.1,0.0
ENSG00000258839.4,2.366718
ENSG00000258841.1,0.0
ENSG00000258842.1,0.0
ENSG00000258843.2,0.0
ENSG00000258845.1,0.0
ENSG00000258846.1,0.0
ENSG00000258847.2,0.235212
ENSG00000258848.1,0.0
ENSG00000258849.1,0.0
ENSG00000258850.1,0.0
ENSG00000258851.1,0.0
ENSG00000258853.1,0.0
ENSG00000258854.2,0.0
ENSG00000258855.1,0.0
ENSG00000258856.3,0.0
ENSG00000258857.2,0.0
ENSG00000258858.1,0.0
ENSG00000258859.2,0.0
ENSG00000258860.2,0.0
ENSG00000258863.1,0.0
ENSG00000258864.1,0.0
ENSG00000258866.3,0.0
ENSG00000258867.9,1.174127
ENSG00000258868.1,0.0
ENSG00000258869.1,0.0
ENSG00000258870.1,0.0
ENSG00000258871.1,0.0
ENSG00000258872.2,0.0
ENSG00000258873.3,0.0
ENSG00000258874.2,0.0
ENSG00000258875.7,11.59563
ENSG00000258876.1,0.0
ENSG00000258877.2,0.0
ENSG00000258878.1,0.0
ENSG00000258880.1,0.0
ENSG00000258881.6,0.0
ENSG00000258883.1,0.0
ENSG00000258884.4,0.150389
ENSG00000258886.2,0.0
ENSG00000258887.3,0.0
ENSG00000258888.1,0.0
ENSG00000258890.8,7.988255
ENSG00000258891.1,0.0
ENSG00000258892.1,0.0
ENSG00000258893.1,0.0
ENSG00000258894.1,0.0
ENSG00000258895.1,0.0
ENSG00000258896.1,0.0
ENSG00000258897.1,0.0
ENSG00000258899.1,0.0
ENSG00000258900.1,0.0
ENSG00000258901.2,0.0
ENSG00000258902.3,0.0
ENSG00000258903.3,0.0
ENSG00000258904.1,0.0
ENSG00000258905.1,0.0
ENSG00000258906.2,0.0
ENSG00000258907.2,0.0
ENSG00000258908.1,0.0
ENSG00000258909.1,0.0
ENSG00000258910.4,0.0
ENSG00000258912.2,0.0
ENSG00000258913.3,0.0
ENSG00000258915.1,0.0
ENSG00000258916.2,0.0
ENSG00000258917.1,0.0
ENSG00000258920.1,1.506951
ENSG00000258922.1,1.62876
ENSG00000258923.2,0.0
ENSG00000258924.4,0.0
ENSG00000258925.2,0.0
ENSG00000258926.2,0.0
ENSG00000258928.1,0.0
ENSG00000258930.1,0.0
ENSG00000258931.1,0.0
ENSG00000258932.6,0.0
ENSG00000258933.2,0.0
ENSG00000258934.1,0.0
ENSG00000258935.1,0.0
ENSG00000258938.1,1.213558
ENSG00000258940.3,0.182342
ENSG00000258942.2,0.0
ENSG00000258943.1,0.0
ENSG00000258944.1,1.899692
ENSG00000258945.3,0.0
ENSG00000258947.8,0.081693
ENSG00000258948.2,0.0
ENSG00000258951.1,0.0
ENSG00000258952.2,0.0
ENSG00000258954.1,0.0
ENSG00000258955.3,0.145946
ENSG00000258956.2,0.0
ENSG00000258957.3,0.0
ENSG00000258958.1,0.0
ENSG00000258959.3,0.0
ENSG00000258960.1,0.0
ENSG00000258962.2,0.0
ENSG00000258963.1,0.0
ENSG00000258964.1,0.0
ENSG00000258965.2,0.0
ENSG00000258966.1,0.0
ENSG00000258967.1,0.0
ENSG00000258968.2,0.0
ENSG00000258969.2,0.0
ENSG00000258970.2,0.0
ENSG00000258971.1,0.0
ENSG00000258972.1,0.0
ENSG00000258973.1,2.350795
ENSG00000258975.2,0.0
ENSG00000258976.1,0.0
ENSG00000258977.3,0.0
ENSG00000258978.1,0.0
ENSG00000258979.4,0.0
ENSG00000258980.1,0.0
ENSG00000258981.1,0.0
ENSG00000258982.2,0.239779
ENSG00000258983.2,0.0
ENSG00000258984.5,0.805216
ENSG00000258985.1,0.0
ENSG00000258986.7,0.0
ENSG00000258987.2,0.0
ENSG00000258988.1,0.0
ENSG00000258989.1,0.0
ENSG00000258990.2,0.0
ENSG00000258991.1,0.0
ENSG00000258992.7,0.0
ENSG00000258993.1,0.0
ENSG00000258994.2,0.0
ENSG00000258995.1,0.0
ENSG00000258996.2,0.0
ENSG00000258997.2,0.0
ENSG00000259000.1,0.0
ENSG00000259001.4,0.0
ENSG00000259002.3,0.292463
ENSG00000259003.4,0.343005
ENSG00000259004.3,1.944908
ENSG00000259005.1,0.0
ENSG00000259006.1,0.0
ENSG00000259007.1,0.0
ENSG00000259008.1,0.0
ENSG00000259009.5,0.0
ENSG00000259010.1,0.0
ENSG00000259011.2,0.0
ENSG00000259012.2,0.0
ENSG00000259013.2,0.0
ENSG00000259015.1,0.0
ENSG00000259016.1,0.0
ENSG00000259017.1,0.0
ENSG00000259018.1,0.0
ENSG00000259019.1,0.0
ENSG00000259020.3,0.0
ENSG00000259021.2,0.0
ENSG00000259022.2,0.0
ENSG00000259023.4,0.924035
ENSG00000259024.7,2.690733
ENSG00000259025.1,0.0
ENSG00000259026.1,0.0
ENSG00000259028.2,0.0
ENSG00000259029.1,0.0
ENSG00000259030.8,0.0
ENSG00000259031.1,0.0
ENSG00000259032.2,0.0
ENSG00000259033.3,0.179689
ENSG00000259035.3,0.0
ENSG00000259036.1,0.0
ENSG00000259037.1,0.0
ENSG00000259039.3,0.0
ENSG00000259040.5,0.0
ENSG00000259041.1,0.0
ENSG00000259042.3,0.0
ENSG00000259043.1,0.0
ENSG00000259044.2,0.0
ENSG00000259045.1,0.0
ENSG00000259046.1,0.0
ENSG00000259047.1,0.0
ENSG00000259048.1,0.0
ENSG00000259049.1,0.0
ENSG00000259050.2,0.0
ENSG00000259051.1,0.0
ENSG00000259052.1,0.0
ENSG00000259053.1,0.0
ENSG00000259054.2,0.0
ENSG00000259055.1,0.0
ENSG00000259056.1,0.0
ENSG00000259057.1,0.0
ENSG00000259058.2,0.0
ENSG00000259059.1,0.0
ENSG00000259060.7,0.0
ENSG00000259061.1,0.0
ENSG00000259062.3,0.421744
ENSG00000259064.2,0.0
ENSG00000259065.4,4.893096
ENSG00000259066.5,0.0
ENSG00000259067.1,0.0
ENSG00000259068.1,0.0
ENSG00000259069.2,0.0
ENSG00000259070.10,0.899192
ENSG00000259071.1,0.0
ENSG00000259072.3,0.0
ENSG00000259073.1,0.0
ENSG00000259074.1,0.0
ENSG00000259075.6,0.942249
ENSG00000259076.1,0.0
ENSG00000259077.2,0.0
ENSG00000259078.2,0.0
ENSG00000259079.1,0.0
ENSG00000259080.1,0.243127
ENSG00000259081.1,2.444246
ENSG00000259082.2,0.0
ENSG00000259083.2,0.0
ENSG00000259084.6,0.0
ENSG00000259086.3,0.0
ENSG00000259087.6,2.92072
ENSG00000259088.2,0.221169
ENSG00000259089.2,0.0
ENSG00000259090.1,0.0
ENSG00000259091.1,0.0
ENSG00000259092.1,2.913702
ENSG00000259093.3,0.0
ENSG00000259094.1,0.0
ENSG00000259095.1,0.0
ENSG00000259096.1,0.0
ENSG00000259097.4,0.232749
ENSG00000259098.1,0.0
ENSG00000259099.2,0.0
ENSG00000259100.1,0.0
ENSG00000259102.2,0.0
ENSG00000259103.3,0.0
ENSG00000259104.4,0.687305
ENSG00000259105.1,0.0
ENSG00000259106.1,0.0
ENSG00000259107.2,0.0
ENSG00000259108.4,0.0
ENSG00000259109.1,0.0
ENSG00000259110.2,0.0
ENSG00000259111.1,0.0
ENSG00000259112.2,0.0
ENSG00000259113.1,0.0
ENSG00000259115.1,0.0
ENSG00000259116.3,0.0
ENSG00000259117.1,0.0
ENSG00000259118.6,0.0
ENSG00000259119.1,0.0
ENSG00000259120.3,0.0
ENSG00000259121.2,0.0
ENSG00000259122.2,0.0
ENSG00000259124.1,0.0
ENSG00000259125.2,0.0
ENSG00000259129.7,0.420831
ENSG00000259130.3,0.0
ENSG00000259132.1,17.426148
ENSG00000259133.6,0.0
ENSG00000259134.8,0.0
ENSG00000259135.2,0.327347
ENSG00000259136.1,0.0
ENSG00000259137.1,0.0
ENSG00000259138.2,0.0
ENSG00000259140.2,0.0
ENSG00000259142.2,0.666992
ENSG00000259143.1,0.0
ENSG00000259144.2,0.0
ENSG00000259146.5,4.759846
ENSG00000259148.1,0.0
ENSG00000259149.2,0.0
ENSG00000259150.7,0.0
ENSG00000259151.2,0.0
ENSG00000259152.1,0.0
ENSG00000259153.5,0.708565
ENSG00000259154.1,0.0
ENSG00000259155.2,0.0
ENSG00000259156.8,0.0
ENSG00000259157.1,0.0
ENSG00000259158.5,0.0
ENSG00000259160.1,0.0
ENSG00000259161.2,0.0
ENSG00000259162.4,0.0
ENSG00000259163.3,0.0
ENSG00000259164.1,0.0
ENSG00000259165.1,0.0
ENSG00000259167.2,0.0
ENSG00000259168.2,0.0
ENSG00000259169.1,0.506231
ENSG00000259170.2,0.0
ENSG00000259171.1,4.603803
ENSG00000259172.2,0.092692
ENSG00000259173.2,0.0
ENSG00000259175.1,0.0
ENSG00000259177.1,0.0
ENSG00000259178.2,0.0
ENSG00000259179.1,0.0
ENSG00000259180.1,0.0
ENSG00000259181.2,0.0
ENSG00000259182.6,3.441712
ENSG00000259183.1,0.0
ENSG00000259185.1,0.0
ENSG00000259186.1,0.0
ENSG00000259187.1,0.0
ENSG00000259188.7,0.0
ENSG00000259191.2,0.0
ENSG00000259192.1,0.0
ENSG00000259194.1,0.0
ENSG00000259195.1,0.0
ENSG00000259196.1,0.0
ENSG00000259198.1,0.0
ENSG00000259199.3,0.0
ENSG00000259200.3,0.0
ENSG00000259201.1,0.0
ENSG00000259202.1,0.0
ENSG00000259203.5,0.0
ENSG00000259204.1,0.0
ENSG00000259205.2,0.478011
ENSG00000259207.10,9.258236
ENSG00000259208.2,0.0
ENSG00000259211.1,0.0
ENSG00000259212.1,0.0
ENSG00000259213.1,0.0
ENSG00000259214.1,0.0
ENSG00000259215.1,0.0
ENSG00000259216.2,0.0
ENSG00000259217.2,0.0
ENSG00000259218.6,0.0
ENSG00000259219.2,0.0
ENSG00000259221.5,0.0
ENSG00000259223.3,0.0
ENSG00000259224.3,0.0
ENSG00000259225.10,0.0
ENSG00000259227.2,0.0
ENSG00000259228.1,0.0
ENSG00000259229.2,0.0
ENSG00000259230.2,0.0
ENSG00000259231.2,0.0
ENSG00000259232.2,0.0
ENSG00000259234.9,0.0
ENSG00000259235.3,0.0
ENSG00000259236.1,0.0
ENSG00000259237.3,0.0
ENSG00000259238.1,0.0
ENSG00000259239.1,0.0
ENSG00000259240.2,0.602063
ENSG00000259241.1,0.0
ENSG00000259242.2,0.0
ENSG00000259245.3,0.0
ENSG00000259246.4,0.0
ENSG00000259247.1,0.0
ENSG00000259248.8,0.157196
ENSG00000259250.1,0.0
ENSG00000259251.3,0.0
ENSG00000259252.2,0.0
ENSG00000259254.1,0.0
ENSG00000259256.3,0.0
ENSG00000259257.1,0.0
ENSG00000259258.1,0.0
ENSG00000259259.1,0.0
ENSG00000259261.2,0.0
ENSG00000259262.1,0.0
ENSG00000259265.1,0.0
ENSG00000259266.1,0.0
ENSG00000259267.4,0.070811
ENSG00000259268.3,5.678668
ENSG00000259269.3,0.0
ENSG00000259270.1,0.0
ENSG00000259271.1,0.0
ENSG00000259273.1,0.0
ENSG00000259275.6,0.0
ENSG00000259276.2,0.0
ENSG00000259277.1,0.0
ENSG00000259278.3,0.0
ENSG00000259280.3,0.0
ENSG00000259281.2,0.0
ENSG00000259282.6,0.0
ENSG00000259283.2,0.0
ENSG00000259284.3,0.0
ENSG00000259285.1,0.0
ENSG00000259286.3,0.0
ENSG00000259287.2,0.0
ENSG00000259288.7,0.0
ENSG00000259289.3,0.0
ENSG00000259290.1,0.0
ENSG00000259291.2,5.168012
ENSG00000259293.1,0.109082
ENSG00000259294.1,0.0
ENSG00000259295.7,0.0
ENSG00000259296.1,0.0
ENSG00000259299.1,0.0
ENSG00000259300.2,0.0
ENSG00000259301.2,0.0
ENSG00000259302.1,0.0
ENSG00000259303.5,0.0
ENSG00000259304.1,0.233482
ENSG00000259305.6,3.42075
ENSG00000259307.1,0.0
ENSG00000259308.3,0.0
ENSG00000259309.2,0.0
ENSG00000259312.1,0.0
ENSG00000259314.1,0.0
ENSG00000259315.2,0.0
ENSG00000259316.12,0.832437
ENSG00000259317.1,0.0
ENSG00000259318.1,0.0
ENSG00000259319.3,0.2874
ENSG00000259320.3,0.0
ENSG00000259321.1,3.203776
ENSG00000259322.1,0.0
ENSG00000259324.2,0.0
ENSG00000259326.1,0.114752
ENSG00000259327.1,0.0
ENSG00000259330.3,15.649515
ENSG00000259331.2,0.0
ENSG00000259332.3,37.892251
ENSG00000259333.1,0.0
ENSG00000259334.1,0.0
ENSG00000259335.1,0.141038
ENSG00000259336.1,0.0
ENSG00000259337.4,0.0
ENSG00000259338.1,0.0
ENSG00000259339.2,0.0
ENSG00000259340.2,0.0
ENSG00000259341.3,0.0
ENSG00000259342.1,2.373304
ENSG00000259343.10,0.517082
ENSG00000259345.8,0.152035
ENSG00000259346.2,0.0
ENSG00000259347.10,0.0
ENSG00000259349.5,0.126006
ENSG00000259350.2,0.0
ENSG00000259351.1,0.0
ENSG00000259352.1,0.0
ENSG00000259353.2,0.0
ENSG00000259354.6,0.92411
ENSG00000259356.1,0.0
ENSG00000259357.2,0.0
ENSG00000259358.1,0.0
ENSG00000259360.1,0.0
ENSG00000259361.8,0.0
ENSG00000259362.2,0.0
ENSG00000259363.7,1.814911
ENSG00000259364.1,0.0
ENSG00000259365.1,0.0
ENSG00000259366.3,0.697334
ENSG00000259367.1,0.0
ENSG00000259368.1,0.0
ENSG00000259369.1,0.0
ENSG00000259370.3,0.0
ENSG00000259371.2,0.0
ENSG00000259374.3,0.0
ENSG00000259375.2,0.0
ENSG00000259377.1,0.0
ENSG00000259378.1,0.194637
ENSG00000259379.1,0.138059
ENSG00000259380.7,0.442812
ENSG00000259381.2,0.0
ENSG00000259383.2,0.0
ENSG00000259384.7,0.0
ENSG00000259385.2,0.0
ENSG00000259388.1,0.0
ENSG00000259389.2,0.0
ENSG00000259390.1,0.0
ENSG00000259392.2,0.0
ENSG00000259393.2,0.0
ENSG00000259394.2,0.0
ENSG00000259395.1,0.0
ENSG00000259396.1,0.0
ENSG00000259397.3,0.0
ENSG00000259398.1,0.0
ENSG00000259399.1,0.0
ENSG00000259402.1,0.0
ENSG00000259403.2,0.0
ENSG00000259404.8,0.0
ENSG00000259405.1,0.0
ENSG00000259408.2,0.287918
ENSG00000259409.1,0.0
ENSG00000259410.6,0.0
ENSG00000259411.1,0.0
ENSG00000259413.2,0.0
ENSG00000259414.1,0.0
ENSG00000259415.1,0.0
ENSG00000259416.3,0.868389
ENSG00000259417.3,0.0
ENSG00000259418.1,0.0
ENSG00000259419.2,0.0
ENSG00000259420.6,0.0
ENSG00000259421.1,0.0
ENSG00000259422.1,0.0
ENSG00000259424.4,0.0
ENSG00000259425.6,0.0
ENSG00000259426.7,0.0
ENSG00000259427.2,0.0
ENSG00000259428.1,0.0
ENSG00000259429.6,0.0
ENSG00000259430.2,0.0
ENSG00000259431.6,8.463578
ENSG00000259432.1,0.0
ENSG00000259433.2,0.0
ENSG00000259434.3,0.0
ENSG00000259435.3,0.0
ENSG00000259437.1,0.0
ENSG00000259438.1,0.0
ENSG00000259439.4,0.0
ENSG00000259440.2,0.0
ENSG00000259441.2,0.0
ENSG00000259442.1,0.0
ENSG00000259443.1,0.0
ENSG00000259446.7,0.0
ENSG00000259447.2,0.0
ENSG00000259448.4,6.745299
ENSG00000259449.1,0.0
ENSG00000259452.2,0.0
ENSG00000259453.1,0.0
ENSG00000259454.1,0.0
ENSG00000259456.5,1.461097
ENSG00000259457.2,0.0
ENSG00000259458.1,0.0
ENSG00000259459.7,0.0
ENSG00000259460.2,0.0
ENSG00000259461.1,0.0
ENSG00000259462.3,0.397023
ENSG00000259463.1,0.0
ENSG00000259464.2,0.0
ENSG00000259465.2,0.0
ENSG00000259466.1,0.0
ENSG00000259467.1,0.0
ENSG00000259468.1,0.0
ENSG00000259469.1,0.0
ENSG00000259470.2,0.0
ENSG00000259471.2,0.0
ENSG00000259473.2,0.0
ENSG00000259474.1,0.0
ENSG00000259475.2,0.0
ENSG00000259476.1,0.0
ENSG00000259477.1,0.0
ENSG00000259478.3,0.0
ENSG00000259479.7,0.0
ENSG00000259481.1,0.0
ENSG00000259482.3,0.0
ENSG00000259483.2,0.37015
ENSG00000259485.3,0.334469
ENSG00000259488.2,0.294385
ENSG00000259489.2,0.0
ENSG00000259490.2,0.0
ENSG00000259493.2,0.0
ENSG00000259494.2,8.910684
ENSG00000259495.4,0.0
ENSG00000259496.2,0.0
ENSG00000259498.2,0.182492
ENSG00000259499.1,0.0
ENSG00000259500.1,0.0
ENSG00000259502.1,0.0
ENSG00000259503.1,0.0
ENSG00000259504.3,0.0
ENSG00000259505.1,0.0
ENSG00000259507.1,0.0
ENSG00000259508.2,0.0
ENSG00000259509.2,0.0
ENSG00000259511.4,0.0
ENSG00000259512.3,0.0
ENSG00000259513.1,0.0
ENSG00000259514.1,0.0
ENSG00000259515.1,0.0
ENSG00000259516.3,0.0
ENSG00000259517.4,0.0
ENSG00000259518.2,0.0
ENSG00000259519.1,0.0
ENSG00000259520.7,0.097575
ENSG00000259521.1,0.0
ENSG00000259522.3,0.0
ENSG00000259523.1,0.176549
ENSG00000259525.1,0.0
ENSG00000259527.3,0.0
ENSG00000259528.1,0.0
ENSG00000259529.2,3.115905
ENSG00000259530.2,0.0
ENSG00000259531.2,0.0
ENSG00000259532.1,0.0
ENSG00000259533.2,0.0
ENSG00000259534.2,0.0
ENSG00000259535.1,0.0
ENSG00000259536.6,0.106607
ENSG00000259538.1,0.0
ENSG00000259539.1,2.862266
ENSG00000259540.2,0.0
ENSG00000259541.5,0.0
ENSG00000259542.6,0.0
ENSG00000259543.2,0.0
ENSG00000259544.1,0.0
ENSG00000259545.2,0.0
ENSG00000259546.1,0.0
ENSG00000259547.1,0.0
ENSG00000259548.1,0.0
ENSG00000259550.2,0.0
ENSG00000259551.2,0.0
ENSG00000259553.7,0.0
ENSG00000259554.1,0.0
ENSG00000259555.2,0.0
ENSG00000259556.2,0.0
ENSG00000259557.2,0.0
ENSG00000259558.1,0.0
ENSG00000259560.3,0.0
ENSG00000259561.1,0.0
ENSG00000259562.2,0.883716
ENSG00000259563.1,0.0
ENSG00000259564.3,0.0
ENSG00000259565.2,0.0
ENSG00000259569.2,0.0
ENSG00000259570.1,0.0
ENSG00000259571.2,0.0
ENSG00000259572.8,0.0
ENSG00000259573.1,0.0
ENSG00000259575.1,0.0
ENSG00000259577.3,0.333413
ENSG00000259579.2,0.0
ENSG00000259580.1,0.0
ENSG00000259581.3,0.08845
ENSG00000259583.5,0.29062299999999996
ENSG00000259584.2,0.605605
ENSG00000259585.2,0.0
ENSG00000259586.1,0.0
ENSG00000259588.2,0.0
ENSG00000259589.2,0.0
ENSG00000259590.2,2.980611
ENSG00000259591.2,0.0
ENSG00000259592.1,0.0
ENSG00000259593.1,0.0
ENSG00000259595.1,0.0
ENSG00000259598.1,0.0
ENSG00000259600.2,0.0
ENSG00000259601.2,0.0
ENSG00000259602.1,0.0
ENSG00000259603.1,0.0
ENSG00000259605.3,0.0
ENSG00000259607.1,0.0
ENSG00000259608.1,0.0
ENSG00000259609.1,0.0
ENSG00000259611.3,0.0
ENSG00000259612.1,0.0
ENSG00000259614.2,0.0
ENSG00000259615.1,0.0
ENSG00000259617.1,0.0
ENSG00000259619.2,0.0
ENSG00000259620.2,0.0
ENSG00000259621.1,0.0
ENSG00000259622.1,0.0
ENSG00000259623.1,0.892997
ENSG00000259624.2,0.0
ENSG00000259626.2,0.0
ENSG00000259627.1,0.0
ENSG00000259630.2,0.0
ENSG00000259631.1,0.0
ENSG00000259632.2,0.0
ENSG00000259633.1,0.0
ENSG00000259635.1,0.156863
ENSG00000259636.1,0.0
ENSG00000259637.1,0.0
ENSG00000259639.7,0.0
ENSG00000259642.3,1.659939
ENSG00000259644.1,0.0
ENSG00000259645.1,0.0
ENSG00000259646.1,0.0
ENSG00000259647.2,0.0
ENSG00000259648.2,0.0
ENSG00000259649.4,0.647477
ENSG00000259650.1,0.0
ENSG00000259651.2,0.0
ENSG00000259652.1,0.0
ENSG00000259654.1,0.0
ENSG00000259655.1,0.0
ENSG00000259656.1,0.0
ENSG00000259657.1,0.0
ENSG00000259658.6,0.0
ENSG00000259659.1,0.0
ENSG00000259660.3,0.053453
ENSG00000259661.1,0.0
ENSG00000259663.3,0.0
ENSG00000259665.1,0.0
ENSG00000259666.4,0.0
ENSG00000259668.6,0.0
ENSG00000259669.6,0.0
ENSG00000259670.2,0.0
ENSG00000259671.1,0.244259
ENSG00000259672.3,0.0
ENSG00000259673.7,0.11329
ENSG00000259674.1,0.0
ENSG00000259675.5,0.0
ENSG00000259676.2,0.0
ENSG00000259677.1,0.0
ENSG00000259678.1,0.0
ENSG00000259680.5,0.0
ENSG00000259681.1,0.0
ENSG00000259682.1,0.0
ENSG00000259683.1,0.0
ENSG00000259684.1,0.0
ENSG00000259685.4,0.724153
ENSG00000259686.1,0.0
ENSG00000259687.5,1.858429
ENSG00000259688.1,0.0
ENSG00000259690.1,0.0
ENSG00000259691.2,0.0
ENSG00000259692.7,0.0
ENSG00000259694.2,0.0
ENSG00000259695.2,0.0
ENSG00000259696.2,0.0
ENSG00000259697.3,0.0
ENSG00000259698.1,0.0
ENSG00000259699.2,0.0
ENSG00000259700.4,0.0
ENSG00000259701.1,0.0
ENSG00000259702.4,0.0
ENSG00000259704.4,2.7211369999999997
ENSG00000259705.2,0.0
ENSG00000259706.1,0.0
ENSG00000259707.1,0.0
ENSG00000259708.2,0.0
ENSG00000259709.1,0.0
ENSG00000259710.1,0.0
ENSG00000259711.2,0.0
ENSG00000259712.1,0.0
ENSG00000259713.1,0.0
ENSG00000259715.1,0.0
ENSG00000259717.2,1.262496
ENSG00000259719.7,0.712991
ENSG00000259720.2,0.0
ENSG00000259721.1,0.0
ENSG00000259722.2,0.0
ENSG00000259723.1,0.0
ENSG00000259724.2,0.0
ENSG00000259725.2,0.0
ENSG00000259726.1,0.0
ENSG00000259727.2,0.0
ENSG00000259728.6,0.0
ENSG00000259731.2,0.0
ENSG00000259732.1,0.0
ENSG00000259734.1,0.0
ENSG00000259735.1,0.0
ENSG00000259736.2,0.0
ENSG00000259737.7,0.0
ENSG00000259738.1,0.0
ENSG00000259740.1,0.0
ENSG00000259742.1,0.0
ENSG00000259743.2,0.0
ENSG00000259744.1,0.0
ENSG00000259746.1,0.0
ENSG00000259749.1,0.0
ENSG00000259750.1,0.0
ENSG00000259751.1,0.0
ENSG00000259753.1,0.396475
ENSG00000259754.3,0.0
ENSG00000259755.2,3.5554580000000002
ENSG00000259756.1,0.0
ENSG00000259757.1,0.0
ENSG00000259759.2,0.0
ENSG00000259763.2,0.0
ENSG00000259764.2,0.48614
ENSG00000259767.1,0.0
ENSG00000259768.9,1.0323630000000001
ENSG00000259769.1,0.0
ENSG00000259770.2,0.0
ENSG00000259771.1,0.0
ENSG00000259772.9,0.620484
ENSG00000259773.1,0.0
ENSG00000259774.2,0.0
ENSG00000259775.1,0.0
ENSG00000259776.2,0.0
ENSG00000259779.1,0.0
ENSG00000259780.3,0.0
ENSG00000259781.1,20.197648
ENSG00000259782.2,0.0
ENSG00000259783.7,0.0
ENSG00000259784.1,0.782179
ENSG00000259786.8,0.0
ENSG00000259788.2,0.0
ENSG00000259789.2,0.0
ENSG00000259790.2,0.0
ENSG00000259791.1,0.0
ENSG00000259792.1,0.0
ENSG00000259793.1,0.0
ENSG00000259797.1,0.0
ENSG00000259798.1,0.0
ENSG00000259800.1,0.0
ENSG00000259802.4,0.92238
ENSG00000259803.8,0.468605
ENSG00000259804.2,1.49761
ENSG00000259805.1,0.395485
ENSG00000259807.3,0.0
ENSG00000259810.2,0.0
ENSG00000259813.1,0.0
ENSG00000259814.1,0.0
ENSG00000259815.2,0.0
ENSG00000259817.4,0.0
ENSG00000259818.1,0.0
ENSG00000259819.1,0.0
ENSG00000259821.2,0.0
ENSG00000259822.2,0.0
ENSG00000259823.6,0.0
ENSG00000259826.2,0.196356
ENSG00000259827.1,0.0
ENSG00000259828.1,0.0
ENSG00000259831.1,0.0
ENSG00000259832.1,0.0
ENSG00000259833.6,0.0
ENSG00000259836.1,0.0
ENSG00000259837.1,0.0
ENSG00000259838.1,0.0
ENSG00000259840.2,0.0
ENSG00000259841.7,0.0
ENSG00000259842.2,0.0
ENSG00000259843.3,0.0
ENSG00000259844.2,0.0
ENSG00000259845.1,0.0
ENSG00000259846.2,0.0
ENSG00000259847.3,0.0
ENSG00000259848.10,0.0
ENSG00000259849.3,0.0
ENSG00000259852.2,0.0
ENSG00000259854.1,0.0
ENSG00000259856.1,0.0
ENSG00000259861.2,0.0
ENSG00000259862.2,0.0
ENSG00000259863.2,0.250592
ENSG00000259864.1,0.0
ENSG00000259865.1,0.843549
ENSG00000259866.1,0.0
ENSG00000259867.7,0.0
ENSG00000259868.4,0.0
ENSG00000259869.3,0.151827
ENSG00000259870.1,0.0
ENSG00000259871.1,0.0
ENSG00000259873.1,0.0
ENSG00000259874.1,0.0
ENSG00000259876.1,0.0
ENSG00000259877.3,1.351859
ENSG00000259878.1,0.0
ENSG00000259881.1,0.0
ENSG00000259882.2,0.0
ENSG00000259883.3,0.0
ENSG00000259884.1,0.0
ENSG00000259887.2,0.0
ENSG00000259889.1,0.0
ENSG00000259890.1,0.0
ENSG00000259891.1,0.436047
ENSG00000259892.1,0.0
ENSG00000259895.1,0.0
ENSG00000259897.2,0.0
ENSG00000259899.2,0.0
ENSG00000259900.5,0.0
ENSG00000259904.1,0.0
ENSG00000259905.7,0.0
ENSG00000259906.2,0.0
ENSG00000259907.2,0.0
ENSG00000259909.1,0.0
ENSG00000259910.1,0.0
ENSG00000259912.2,0.0
ENSG00000259914.1,0.0
ENSG00000259915.2,0.0
ENSG00000259916.2,0.0
ENSG00000259917.1,0.0
ENSG00000259918.1,0.0
ENSG00000259920.1,0.0
ENSG00000259921.1,0.119567
ENSG00000259922.1,0.0
ENSG00000259923.2,0.0
ENSG00000259924.1,0.0
ENSG00000259925.2,0.0
ENSG00000259926.1,0.0
ENSG00000259928.1,0.0
ENSG00000259929.6,0.0
ENSG00000259931.2,0.0
ENSG00000259932.1,0.0
ENSG00000259933.6,0.0
ENSG00000259934.1,0.0
ENSG00000259935.1,0.0
ENSG00000259937.2,0.0
ENSG00000259940.2,0.595114
ENSG00000259941.1,0.0
ENSG00000259943.3,0.756038
ENSG00000259944.1,0.0
ENSG00000259945.1,0.0
ENSG00000259946.1,0.0
ENSG00000259947.2,0.0
ENSG00000259948.2,0.0
ENSG00000259950.1,0.0
ENSG00000259952.1,0.0
ENSG00000259953.3,4.619374
ENSG00000259954.1,0.0
ENSG00000259955.1,0.0
ENSG00000259956.2,10.091524
ENSG00000259959.1,1.214617
ENSG00000259961.2,0.0
ENSG00000259962.1,0.0
ENSG00000259963.1,0.0
ENSG00000259964.8,0.0
ENSG00000259966.7,0.0
ENSG00000259967.1,0.0
ENSG00000259968.3,0.0
ENSG00000259969.1,0.0
ENSG00000259970.1,2.869201
ENSG00000259974.6,0.0
ENSG00000259976.3,0.262235
ENSG00000259977.2,0.0
ENSG00000259978.1,0.0
ENSG00000259979.1,0.0
ENSG00000259981.1,0.0
ENSG00000259982.1,0.0
ENSG00000259983.1,0.0
ENSG00000259984.1,8.475804
ENSG00000259985.1,0.0
ENSG00000259986.3,0.0
ENSG00000259987.1,0.0
ENSG00000259989.2,0.217704
ENSG00000259990.2,0.0
ENSG00000259992.1,0.0
ENSG00000259993.1,0.0
ENSG00000259994.1,0.153146
ENSG00000259996.1,0.0
ENSG00000259997.2,0.0
ENSG00000259999.1,0.0
ENSG00000260000.4,0.284603
ENSG00000260001.8,0.186551
ENSG00000260003.1,0.0
ENSG00000260004.2,0.0
ENSG00000260005.6,0.0
ENSG00000260007.3,2.062287
ENSG00000260008.1,0.0
ENSG00000260009.2,0.0
ENSG00000260010.1,0.0
ENSG00000260011.3,0.0
ENSG00000260012.1,0.0
ENSG00000260014.1,0.0
ENSG00000260015.1,0.0
ENSG00000260017.1,0.0
ENSG00000260018.3,0.541255
ENSG00000260019.3,0.0
ENSG00000260021.1,0.0
ENSG00000260022.1,0.0
ENSG00000260024.1,0.0
ENSG00000260025.3,0.0
ENSG00000260026.4,0.0
ENSG00000260027.5,0.0
ENSG00000260029.2,0.0
ENSG00000260031.1,0.0
ENSG00000260032.3,9.029363
ENSG00000260033.1,0.0
ENSG00000260034.2,0.0
ENSG00000260035.1,0.0
ENSG00000260036.1,0.0
ENSG00000260037.5,0.0
ENSG00000260038.1,0.0
ENSG00000260041.6,0.0
ENSG00000260042.1,0.0
ENSG00000260046.1,0.0
ENSG00000260047.2,0.0
ENSG00000260048.2,0.0
ENSG00000260051.1,0.0
ENSG00000260053.2,0.0
ENSG00000260055.1,0.0
ENSG00000260057.7,0.0
ENSG00000260058.1,0.0
ENSG00000260059.2,0.0
ENSG00000260062.4,0.0
ENSG00000260063.2,0.368412
ENSG00000260064.1,0.0
ENSG00000260066.1,0.0
ENSG00000260067.1,0.0
ENSG00000260068.1,0.0
ENSG00000260070.1,1.299742
ENSG00000260072.2,0.035181
ENSG00000260073.2,0.0
ENSG00000260075.1,0.0
ENSG00000260077.2,7.485754
ENSG00000260078.6,0.0
ENSG00000260081.3,0.0
ENSG00000260082.1,0.0
ENSG00000260083.4,3.471925
ENSG00000260084.1,0.0
ENSG00000260086.6,2.976193
ENSG00000260087.1,0.0
ENSG00000260088.2,1.117022
ENSG00000260089.2,0.0
ENSG00000260091.1,0.0
ENSG00000260092.1,0.0
ENSG00000260093.2,0.0
ENSG00000260094.2,0.0
ENSG00000260096.1,0.0
ENSG00000260097.3,0.0
ENSG00000260101.3,0.563864
ENSG00000260102.3,0.0
ENSG00000260103.3,0.0
ENSG00000260104.1,0.0
ENSG00000260105.7,0.0
ENSG00000260107.1,0.0
ENSG00000260108.1,0.0
ENSG00000260109.1,0.0
ENSG00000260111.1,0.0
ENSG00000260112.1,0.0
ENSG00000260113.3,0.0
ENSG00000260115.2,0.0
ENSG00000260118.1,0.0
ENSG00000260120.2,0.0
ENSG00000260121.1,0.0
ENSG00000260122.1,0.0
ENSG00000260123.3,0.0
ENSG00000260125.2,0.0
ENSG00000260126.3,0.0
ENSG00000260128.7,0.0
ENSG00000260131.1,0.0
ENSG00000260132.2,0.0
ENSG00000260133.1,0.0
ENSG00000260134.1,0.0
ENSG00000260135.8,0.0
ENSG00000260136.7,0.413125
ENSG00000260137.1,0.0
ENSG00000260139.7,0.0
ENSG00000260142.1,0.0
ENSG00000260144.1,0.0
ENSG00000260145.1,0.0
ENSG00000260146.1,0.0
ENSG00000260147.1,0.0
ENSG00000260148.1,0.0
ENSG00000260151.1,0.0
ENSG00000260152.2,0.0
ENSG00000260153.1,0.0
ENSG00000260156.2,0.0
ENSG00000260157.4,0.0
ENSG00000260158.2,0.0
ENSG00000260159.1,0.0
ENSG00000260160.1,0.0
ENSG00000260161.1,0.0
ENSG00000260162.2,0.0
ENSG00000260165.1,0.0
ENSG00000260166.5,0.0
ENSG00000260167.2,2.974475
ENSG00000260170.1,0.0
ENSG00000260171.1,0.0
ENSG00000260172.3,0.0
ENSG00000260173.1,0.0
ENSG00000260174.1,0.0
ENSG00000260177.2,0.694924
ENSG00000260179.1,0.16272
ENSG00000260184.1,0.0
ENSG00000260185.1,0.0
ENSG00000260186.6,0.0
ENSG00000260187.3,0.0
ENSG00000260188.2,0.166125
ENSG00000260190.1,0.0
ENSG00000260192.4,0.0
ENSG00000260193.2,0.570047
ENSG00000260194.1,0.0
ENSG00000260196.1,0.412997
ENSG00000260197.1,0.0
ENSG00000260198.1,0.0
ENSG00000260201.3,0.0
ENSG00000260202.3,0.0
ENSG00000260205.1,0.0
ENSG00000260206.1,0.0
ENSG00000260207.1,0.0
ENSG00000260209.1,0.0
ENSG00000260211.2,0.0
ENSG00000260212.1,0.0
ENSG00000260213.6,0.0
ENSG00000260217.1,0.0
ENSG00000260218.1,0.0
ENSG00000260219.5,3.022992
ENSG00000260220.7,0.0
ENSG00000260221.1,0.0
ENSG00000260223.3,0.0
ENSG00000260224.1,0.0
ENSG00000260228.7,2.774631
ENSG00000260229.1,0.0
ENSG00000260230.5,0.0
ENSG00000260231.3,5.915814
ENSG00000260232.5,0.0
ENSG00000260233.5,2.4599539999999998
ENSG00000260234.5,0.0
ENSG00000260235.1,1.207387
ENSG00000260236.3,0.37834
ENSG00000260237.1,0.0
ENSG00000260238.6,3.701022
ENSG00000260239.3,0.145946
ENSG00000260240.5,0.0
ENSG00000260242.1,0.0
ENSG00000260244.1,0.639779
ENSG00000260246.1,0.0
ENSG00000260247.1,0.0
ENSG00000260249.3,0.0
ENSG00000260251.1,0.0
ENSG00000260252.1,0.0
ENSG00000260253.2,0.0
ENSG00000260254.1,0.0
ENSG00000260255.1,0.0
ENSG00000260256.1,0.658939
ENSG00000260257.2,6.551188
ENSG00000260258.3,0.0
ENSG00000260259.2,0.0
ENSG00000260260.4,3.89849
ENSG00000260261.3,0.0
ENSG00000260262.1,0.0
ENSG00000260264.2,0.0
ENSG00000260265.2,0.0
ENSG00000260266.2,0.0
ENSG00000260267.1,1.490199
ENSG00000260268.7,0.0
ENSG00000260269.5,1.132952
ENSG00000260271.5,0.0
ENSG00000260272.1,0.0
ENSG00000260273.3,0.0
ENSG00000260274.3,0.627305
ENSG00000260275.1,0.0
ENSG00000260277.3,0.0
ENSG00000260278.2,0.0
ENSG00000260279.4,0.43712
ENSG00000260280.5,15.873835
ENSG00000260281.7,0.0
ENSG00000260282.1,0.0
ENSG00000260284.2,0.0
ENSG00000260285.1,0.919808
ENSG00000260286.4,0.0
ENSG00000260287.4,0.0
ENSG00000260288.7,0.129867
ENSG00000260289.2,0.0
ENSG00000260290.2,0.0
ENSG00000260291.1,0.0
ENSG00000260293.2,0.08196
ENSG00000260296.1,1.151685
ENSG00000260298.2,0.0
ENSG00000260302.4,0.323192
ENSG00000260303.1,0.0
ENSG00000260304.1,0.0
ENSG00000260305.2,0.0
ENSG00000260306.1,0.754498
ENSG00000260307.2,0.0
ENSG00000260308.1,0.0
ENSG00000260310.1,0.0
ENSG00000260311.2,0.0
ENSG00000260312.1,0.0
ENSG00000260314.3,0.222453
ENSG00000260316.2,0.19601
ENSG00000260317.1,0.0
ENSG00000260318.1,0.0
ENSG00000260322.1,0.0
ENSG00000260325.2,0.0
ENSG00000260326.1,0.0
ENSG00000260327.2,0.0
ENSG00000260328.2,0.0
ENSG00000260329.3,0.111082
ENSG00000260331.1,0.708914
ENSG00000260332.1,0.0
ENSG00000260335.1,0.0
ENSG00000260337.5,0.0
ENSG00000260338.2,0.0
ENSG00000260339.3,0.174607
ENSG00000260340.2,0.0
ENSG00000260341.1,0.0
ENSG00000260342.2,0.0
ENSG00000260343.1,0.0
ENSG00000260344.2,0.0
ENSG00000260345.1,0.0
ENSG00000260347.1,0.0
ENSG00000260348.1,0.0
ENSG00000260349.1,0.0
ENSG00000260350.1,0.0
ENSG00000260351.1,0.0
ENSG00000260352.2,0.0
ENSG00000260357.2,0.0
ENSG00000260360.3,0.49505
ENSG00000260361.1,2.015448
ENSG00000260362.2,0.0
ENSG00000260364.2,0.0
ENSG00000260366.1,0.0
ENSG00000260367.2,0.0
ENSG00000260368.1,0.0
ENSG00000260369.2,0.0
ENSG00000260370.3,0.0
ENSG00000260371.1,0.0
ENSG00000260372.8,1.040531
ENSG00000260375.1,0.0
ENSG00000260377.1,0.0
ENSG00000260378.2,0.0
ENSG00000260379.1,0.0
ENSG00000260381.3,0.0
ENSG00000260382.1,0.0
ENSG00000260385.1,0.0
ENSG00000260386.7,0.0
ENSG00000260387.1,0.0
ENSG00000260388.2,0.097575
ENSG00000260389.2,0.0
ENSG00000260390.1,0.0
ENSG00000260391.2,0.0
ENSG00000260392.7,0.0
ENSG00000260393.1,0.0
ENSG00000260394.3,0.0
ENSG00000260395.1,0.0
ENSG00000260398.1,0.0
ENSG00000260399.1,0.0
ENSG00000260400.1,0.0
ENSG00000260401.1,3.94538
ENSG00000260402.2,0.0
ENSG00000260403.1,0.0
ENSG00000260404.6,0.0
ENSG00000260405.1,0.0
ENSG00000260406.1,0.0
ENSG00000260410.2,0.0
ENSG00000260412.1,0.03323
ENSG00000260413.1,0.856521
ENSG00000260414.1,0.0
ENSG00000260416.1,0.0
ENSG00000260417.1,0.06812
ENSG00000260418.1,0.0
ENSG00000260420.4,2.3094
ENSG00000260422.1,0.0
ENSG00000260423.4,0.201154
ENSG00000260425.1,0.0
ENSG00000260426.1,0.0
ENSG00000260427.1,0.0
ENSG00000260428.3,0.486379
ENSG00000260430.2,0.248075
ENSG00000260431.2,0.0
ENSG00000260433.4,0.0
ENSG00000260436.1,0.0
ENSG00000260438.1,0.0
ENSG00000260439.1,0.0
ENSG00000260440.5,0.0
ENSG00000260441.6,0.0
ENSG00000260442.8,0.0
ENSG00000260443.1,0.0
ENSG00000260444.1,0.0
ENSG00000260445.1,0.0
ENSG00000260447.1,0.0
ENSG00000260448.8,0.580754
ENSG00000260450.3,0.0
ENSG00000260451.1,0.0
ENSG00000260452.1,0.783281
ENSG00000260454.3,0.0
ENSG00000260455.3,0.0
ENSG00000260456.7,0.0
ENSG00000260457.2,0.0
ENSG00000260458.3,0.110916
ENSG00000260459.2,0.0
ENSG00000260460.1,0.0
ENSG00000260464.1,0.141217
ENSG00000260465.1,0.0
ENSG00000260466.2,0.0
ENSG00000260467.1,0.0
ENSG00000260468.1,0.0
ENSG00000260469.4,0.0
ENSG00000260471.1,0.0
ENSG00000260472.1,0.0
ENSG00000260473.3,0.0
ENSG00000260475.3,0.0
ENSG00000260476.1,0.0
ENSG00000260477.9,0.0
ENSG00000260478.2,0.0
ENSG00000260479.2,0.958395
ENSG00000260480.1,0.0
ENSG00000260482.3,0.0
ENSG00000260483.2,0.0
ENSG00000260484.1,0.0
ENSG00000260488.1,0.0
ENSG00000260490.2,0.0
ENSG00000260492.4,0.0
ENSG00000260493.2,0.0
ENSG00000260494.1,0.0
ENSG00000260495.1,0.088874
ENSG00000260496.5,1.630628
ENSG00000260497.1,0.0
ENSG00000260498.8,0.22856
ENSG00000260500.2,0.0
ENSG00000260504.1,0.0
ENSG00000260505.1,0.0
ENSG00000260507.1,0.982929
ENSG00000260509.2,0.0
ENSG00000260510.1,0.0
ENSG00000260514.1,0.0
ENSG00000260515.1,0.0
ENSG00000260516.2,0.0
ENSG00000260518.3,0.0
ENSG00000260519.3,0.477944
ENSG00000260520.2,0.0
ENSG00000260522.1,0.0
ENSG00000260524.1,0.0
ENSG00000260525.1,0.0
ENSG00000260526.1,0.0
ENSG00000260528.8,81.740419
ENSG00000260530.1,0.0
ENSG00000260532.3,0.0
ENSG00000260534.1,0.0
ENSG00000260536.1,0.0
ENSG00000260537.2,0.0
ENSG00000260538.1,0.0
ENSG00000260540.2,0.0
ENSG00000260541.1,0.0
ENSG00000260542.1,0.0
ENSG00000260545.1,0.0
ENSG00000260549.5,0.0
ENSG00000260550.3,0.540675
ENSG00000260551.1,0.0
ENSG00000260552.4,0.0
ENSG00000260555.1,0.0
ENSG00000260558.2,0.0
ENSG00000260563.3,9.090076
ENSG00000260564.2,0.0
ENSG00000260565.10,2.910089
ENSG00000260566.2,0.0
ENSG00000260568.1,0.0
ENSG00000260569.3,0.0
ENSG00000260570.1,0.0
ENSG00000260571.1,0.0
ENSG00000260572.2,0.0
ENSG00000260573.5,0.0
ENSG00000260574.1,0.0
ENSG00000260575.2,0.0
ENSG00000260576.1,0.0
ENSG00000260577.2,0.0
ENSG00000260578.1,0.0
ENSG00000260579.1,0.0
ENSG00000260580.1,0.0
ENSG00000260582.1,0.0
ENSG00000260583.1,0.0
ENSG00000260584.1,0.0
ENSG00000260585.1,0.0
ENSG00000260586.2,0.0
ENSG00000260588.1,0.422576
ENSG00000260589.1,0.647493
ENSG00000260590.1,0.0
ENSG00000260592.4,68.967077
ENSG00000260593.1,0.0
ENSG00000260594.1,0.0
ENSG00000260595.1,0.0
ENSG00000260596.5,0.0
ENSG00000260597.1,0.0
ENSG00000260598.1,0.0
ENSG00000260599.1,0.0
ENSG00000260600.1,0.0
ENSG00000260601.1,0.0
ENSG00000260602.2,0.0
ENSG00000260604.4,0.0
ENSG00000260605.1,0.0
ENSG00000260608.2,0.0
ENSG00000260610.1,0.0
ENSG00000260611.1,0.0
ENSG00000260612.1,0.0
ENSG00000260613.2,0.0
ENSG00000260615.1,0.0
ENSG00000260616.7,0.0
ENSG00000260617.1,0.0
ENSG00000260618.1,0.0
ENSG00000260619.1,0.0
ENSG00000260620.1,0.0
ENSG00000260621.1,0.0
ENSG00000260622.1,0.0
ENSG00000260624.3,0.0
ENSG00000260625.5,0.0
ENSG00000260626.1,0.0
ENSG00000260628.7,0.0
ENSG00000260629.2,0.0
ENSG00000260630.10,2.982525
ENSG00000260631.1,0.0
ENSG00000260633.1,0.0
ENSG00000260634.3,0.0
ENSG00000260635.1,0.0
ENSG00000260638.1,0.0
ENSG00000260639.1,0.0
ENSG00000260640.1,0.0
ENSG00000260641.3,0.639625
ENSG00000260642.2,0.0
ENSG00000260643.2,0.36104600000000003
ENSG00000260644.7,0.0
ENSG00000260645.2,0.0
ENSG00000260646.1,0.0
ENSG00000260647.1,0.0
ENSG00000260648.3,0.0
ENSG00000260649.1,0.0
ENSG00000260650.1,0.0
ENSG00000260651.1,0.772537
ENSG00000260653.7,0.0
ENSG00000260657.3,0.0
ENSG00000260658.8,0.0
ENSG00000260659.1,0.0
ENSG00000260660.5,0.0
ENSG00000260661.2,0.0
ENSG00000260662.2,0.0
ENSG00000260664.5,0.0
ENSG00000260668.1,0.0
ENSG00000260669.2,0.571104
ENSG00000260670.1,0.0
ENSG00000260671.2,0.0
ENSG00000260672.1,0.0
ENSG00000260673.1,0.0
ENSG00000260674.2,0.0
ENSG00000260675.1,0.0
ENSG00000260676.6,0.0
ENSG00000260677.1,0.0
ENSG00000260678.1,0.0
ENSG00000260679.2,0.0
ENSG00000260680.1,0.0
ENSG00000260681.1,0.0
ENSG00000260682.3,18.147123
ENSG00000260683.2,0.266837
ENSG00000260685.1,0.0
ENSG00000260686.1,0.0
ENSG00000260688.1,0.0
ENSG00000260689.2,0.0
ENSG00000260690.1,0.0
ENSG00000260691.8,0.08999
ENSG00000260693.1,0.436651
ENSG00000260694.1,0.0
ENSG00000260695.1,0.089591
ENSG00000260698.1,0.480421
ENSG00000260701.3,0.0
ENSG00000260702.4,0.0
ENSG00000260704.2,0.0
ENSG00000260706.6,0.0
ENSG00000260708.3,4.502534
ENSG00000260710.5,0.0
ENSG00000260711.2,0.691419
ENSG00000260714.1,0.0
ENSG00000260715.1,0.0
ENSG00000260719.2,10.715357000000001
ENSG00000260720.1,0.0
ENSG00000260721.1,0.0
ENSG00000260722.1,0.0
ENSG00000260723.2,0.0
ENSG00000260724.1,0.0
ENSG00000260725.2,0.161303
ENSG00000260726.2,0.0
ENSG00000260727.2,0.0
ENSG00000260729.1,0.264542
ENSG00000260731.1,0.0
ENSG00000260733.1,0.0
ENSG00000260734.6,0.0
ENSG00000260735.3,0.0
ENSG00000260737.6,0.0
ENSG00000260738.1,0.0
ENSG00000260739.2,0.0
ENSG00000260740.2,0.0
ENSG00000260741.1,0.0
ENSG00000260742.1,0.122857
ENSG00000260743.1,0.0
ENSG00000260744.1,0.0
ENSG00000260746.2,0.0
ENSG00000260747.1,0.0
ENSG00000260750.7,0.0
ENSG00000260751.2,0.267158
ENSG00000260755.1,0.0
ENSG00000260756.1,0.0
ENSG00000260757.1,0.0
ENSG00000260761.1,0.0
ENSG00000260762.1,0.0
ENSG00000260763.1,0.0
ENSG00000260764.1,0.0
ENSG00000260765.2,0.0
ENSG00000260771.1,0.0
ENSG00000260772.1,18.986931
ENSG00000260773.1,0.0
ENSG00000260774.1,0.0
ENSG00000260776.7,0.0
ENSG00000260777.2,0.0
ENSG00000260778.6,0.788769
ENSG00000260779.1,0.0
ENSG00000260781.2,0.0
ENSG00000260782.1,0.0
ENSG00000260784.1,0.0
ENSG00000260785.2,0.0
ENSG00000260786.1,0.0
ENSG00000260788.9,0.0
ENSG00000260790.1,0.181746
ENSG00000260792.1,0.061334
ENSG00000260795.1,0.0
ENSG00000260796.1,0.0
ENSG00000260797.1,0.0
ENSG00000260798.1,0.0
ENSG00000260799.1,0.178391
ENSG00000260802.2,0.0
ENSG00000260803.2,57.26609
ENSG00000260804.4,3.301797
ENSG00000260805.4,0.356496
ENSG00000260806.2,0.165753
ENSG00000260807.8,3.850498
ENSG00000260808.1,0.0
ENSG00000260809.1,0.0
ENSG00000260810.1,0.433247
ENSG00000260811.3,0.0
ENSG00000260812.1,0.0
ENSG00000260814.2,0.0
ENSG00000260815.3,0.0
ENSG00000260816.2,0.054319
ENSG00000260817.2,0.0
ENSG00000260818.2,0.207928
ENSG00000260823.1,0.0
ENSG00000260827.2,0.0
ENSG00000260828.1,0.0
ENSG00000260830.3,0.0
ENSG00000260832.2,0.0
ENSG00000260834.3,0.6668
ENSG00000260835.1,0.0
ENSG00000260836.2,0.0
ENSG00000260838.3,0.0
ENSG00000260840.3,0.0
ENSG00000260844.2,0.0
ENSG00000260845.1,0.0
ENSG00000260846.2,0.0
ENSG00000260847.1,0.0
ENSG00000260848.3,0.0
ENSG00000260850.5,0.0
ENSG00000260851.7,1.424631
ENSG00000260852.2,0.058975
ENSG00000260853.2,0.0
ENSG00000260854.2,0.0
ENSG00000260855.1,0.067767
ENSG00000260857.3,0.0
ENSG00000260858.1,0.0
ENSG00000260859.1,0.0
ENSG00000260860.2,0.0
ENSG00000260861.6,4.475521
ENSG00000260862.1,0.0
ENSG00000260863.1,0.0
ENSG00000260864.1,0.0
ENSG00000260865.1,2.606564
ENSG00000260866.2,0.0
ENSG00000260867.2,0.0
ENSG00000260868.1,0.262737
ENSG00000260870.1,0.0
ENSG00000260871.1,0.0
ENSG00000260873.6,0.0
ENSG00000260874.6,0.372303
ENSG00000260876.7,0.0
ENSG00000260877.3,0.0
ENSG00000260878.1,0.0
ENSG00000260879.1,0.0
ENSG00000260880.5,0.0
ENSG00000260882.1,0.0
ENSG00000260883.1,0.0
ENSG00000260884.1,0.0
ENSG00000260886.3,0.216432
ENSG00000260887.4,0.0
ENSG00000260889.1,0.0
ENSG00000260891.1,0.0
ENSG00000260892.1,0.0
ENSG00000260894.1,0.0
ENSG00000260895.1,0.0
ENSG00000260896.7,0.0
ENSG00000260897.1,0.0
ENSG00000260898.7,0.437894
ENSG00000260899.1,1.061233
ENSG00000260900.1,0.0
ENSG00000260902.1,0.0
ENSG00000260903.3,0.266623
ENSG00000260905.1,0.0
ENSG00000260907.2,0.0
ENSG00000260908.2,0.0
ENSG00000260909.1,0.0
ENSG00000260910.3,3.890079
ENSG00000260911.2,0.0
ENSG00000260912.1,0.501467
ENSG00000260913.2,0.0
ENSG00000260914.3,0.0
ENSG00000260916.8,35.038861
ENSG00000260917.1,2.197746
ENSG00000260918.1,0.0
ENSG00000260919.1,0.0
ENSG00000260920.2,0.295448
ENSG00000260921.1,0.0
ENSG00000260922.2,0.0
ENSG00000260924.4,0.880646
ENSG00000260926.4,0.0
ENSG00000260927.3,0.143311
ENSG00000260928.2,0.0
ENSG00000260930.3,0.0
ENSG00000260932.2,0.0
ENSG00000260933.1,0.0
ENSG00000260934.1,0.0
ENSG00000260937.7,0.0
ENSG00000260939.1,0.0
ENSG00000260941.1,0.0
ENSG00000260942.2,4.042897
ENSG00000260943.2,6.084118999999999
ENSG00000260944.4,0.0
ENSG00000260945.1,0.0
ENSG00000260947.1,0.0
ENSG00000260948.1,0.364186
ENSG00000260949.1,0.0
ENSG00000260953.2,0.0
ENSG00000260954.1,0.0
ENSG00000260955.2,0.0
ENSG00000260957.1,0.0
ENSG00000260958.4,0.0
ENSG00000260959.1,0.0
ENSG00000260962.1,0.0
ENSG00000260963.4,0.0
ENSG00000260965.1,0.0
ENSG00000260966.1,0.135506
ENSG00000260967.1,0.0
ENSG00000260969.2,0.0
ENSG00000260970.1,0.0
ENSG00000260971.5,0.0
ENSG00000260972.1,0.0
ENSG00000260973.1,0.0
ENSG00000260974.1,0.0
ENSG00000260975.1,0.0
ENSG00000260976.2,0.0
ENSG00000260978.3,1.125505
ENSG00000260979.2,10.923631
ENSG00000260981.1,0.0
ENSG00000260984.1,0.0
ENSG00000260986.1,0.0
ENSG00000260988.1,0.127818
ENSG00000260989.1,0.0
ENSG00000260990.2,0.0
ENSG00000260991.3,0.0
ENSG00000260992.1,1.084221
ENSG00000260994.1,0.0
ENSG00000260995.3,0.0
ENSG00000260996.1,0.0
ENSG00000260997.1,6.982738
ENSG00000260999.1,0.0
ENSG00000261000.1,1.400438
ENSG00000261002.6,0.0
ENSG00000261003.1,0.0
ENSG00000261007.2,0.0
ENSG00000261008.10,0.0
ENSG00000261009.2,0.0
ENSG00000261010.1,0.0
ENSG00000261011.1,0.0
ENSG00000261012.2,0.0
ENSG00000261014.3,0.0
ENSG00000261017.1,0.0
ENSG00000261018.1,0.0
ENSG00000261019.1,0.18901
ENSG00000261020.1,0.0
ENSG00000261024.8,0.0
ENSG00000261025.2,0.0
ENSG00000261026.1,0.0
ENSG00000261028.2,0.0
ENSG00000261029.2,0.0
ENSG00000261030.1,0.0
ENSG00000261033.1,0.0
ENSG00000261035.1,0.0
ENSG00000261036.3,0.0
ENSG00000261037.1,0.0
ENSG00000261038.2,0.0
ENSG00000261040.10,0.0
ENSG00000261041.1,0.0
ENSG00000261043.6,0.327718
ENSG00000261045.3,0.0
ENSG00000261046.1,0.0
ENSG00000261047.1,0.0
ENSG00000261048.1,0.0
ENSG00000261049.3,0.0
ENSG00000261051.1,0.0
ENSG00000261052.6,84.904232
ENSG00000261053.1,0.0
ENSG00000261054.1,0.0
ENSG00000261055.2,0.130981
ENSG00000261056.2,0.0
ENSG00000261057.1,0.0
ENSG00000261058.1,0.0
ENSG00000261060.1,0.0
ENSG00000261061.1,0.741702
ENSG00000261063.1,0.0
ENSG00000261064.2,1.935351
ENSG00000261065.1,0.0
ENSG00000261066.1,0.0
ENSG00000261067.7,1.589091
ENSG00000261069.3,0.0
ENSG00000261070.2,0.0
ENSG00000261071.3,0.720893
ENSG00000261072.2,0.0
ENSG00000261075.1,0.0
ENSG00000261076.1,0.0
ENSG00000261077.1,0.0
ENSG00000261078.2,0.0
ENSG00000261079.2,0.321225
ENSG00000261080.1,0.0
ENSG00000261081.1,0.0
ENSG00000261082.2,0.0
ENSG00000261083.4,0.0
ENSG00000261084.1,0.0
ENSG00000261087.1,2.026118
ENSG00000261089.1,0.0
ENSG00000261090.3,0.0
ENSG00000261092.2,0.0
ENSG00000261093.1,0.0
ENSG00000261094.3,2.997401
ENSG00000261095.1,0.0
ENSG00000261096.1,0.0
ENSG00000261097.2,0.0
ENSG00000261098.1,0.281503
ENSG00000261101.2,0.0
ENSG00000261102.2,0.0
ENSG00000261103.4,0.0
ENSG00000261104.1,0.0
ENSG00000261105.7,0.0
ENSG00000261108.2,0.0
ENSG00000261111.1,0.0
ENSG00000261113.1,0.0
ENSG00000261114.1,0.438373
ENSG00000261115.7,0.0
ENSG00000261116.1,0.0
ENSG00000261117.1,0.0
ENSG00000261118.2,0.327347
ENSG00000261121.3,0.0
ENSG00000261122.6,0.0
ENSG00000261123.1,2.200099
ENSG00000261124.1,0.0
ENSG00000261126.7,0.371917
ENSG00000261127.3,0.0
ENSG00000261129.1,0.0
ENSG00000261130.5,0.0
ENSG00000261131.1,0.0
ENSG00000261136.1,0.155709
ENSG00000261140.1,0.829315
ENSG00000261141.1,0.0
ENSG00000261143.2,0.0
ENSG00000261144.1,0.0
ENSG00000261145.1,0.0
ENSG00000261146.1,0.0
ENSG00000261147.1,0.0
ENSG00000261150.3,0.182734
ENSG00000261151.1,0.0
ENSG00000261153.2,0.0
ENSG00000261154.2,0.0
ENSG00000261156.7,0.0
ENSG00000261158.1,0.0
ENSG00000261161.2,0.0
ENSG00000261166.2,0.0
ENSG00000261167.1,0.270984
ENSG00000261168.1,0.0
ENSG00000261170.2,0.255144
ENSG00000261172.2,4.455632
ENSG00000261173.3,0.0
ENSG00000261174.2,0.0
ENSG00000261175.7,0.0
ENSG00000261177.2,0.03071
ENSG00000261178.2,0.0
ENSG00000261181.1,0.0
ENSG00000261182.1,0.0
ENSG00000261183.8,0.365384
ENSG00000261184.3,0.0
ENSG00000261186.2,0.0
ENSG00000261187.1,0.942843
ENSG00000261188.4,0.150389
ENSG00000261189.4,0.0
ENSG00000261191.1,0.0
ENSG00000261192.2,0.0
ENSG00000261194.2,0.0
ENSG00000261195.3,0.0
ENSG00000261196.1,0.0
ENSG00000261197.2,0.0
ENSG00000261198.1,0.0
ENSG00000261199.1,0.0
ENSG00000261200.1,0.411729
ENSG00000261202.3,0.260428
ENSG00000261203.1,0.0
ENSG00000261204.1,0.0
ENSG00000261205.2,0.222275
ENSG00000261206.1,0.0
ENSG00000261207.1,0.0
ENSG00000261208.1,0.0
ENSG00000261209.1,0.0
ENSG00000261210.8,0.0
ENSG00000261211.3,0.140939
ENSG00000261213.1,0.0
ENSG00000261215.1,0.0
ENSG00000261216.1,0.0
ENSG00000261217.2,0.0
ENSG00000261219.1,0.0
ENSG00000261220.4,2.756676
ENSG00000261221.5,9.647891
ENSG00000261226.1,0.999502
ENSG00000261227.3,0.0
ENSG00000261229.6,0.0
ENSG00000261231.7,0.0
ENSG00000261232.2,0.0
ENSG00000261233.2,0.0
ENSG00000261234.1,0.0
ENSG00000261235.2,0.0
ENSG00000261236.8,14.514795
ENSG00000261238.2,0.0
ENSG00000261239.7,0.0
ENSG00000261240.2,0.0
ENSG00000261241.9,0.0
ENSG00000261242.2,0.0
ENSG00000261243.1,0.0
ENSG00000261244.1,0.0
ENSG00000261245.2,0.0
ENSG00000261247.2,0.0
ENSG00000261248.1,0.0
ENSG00000261249.1,0.0
ENSG00000261250.1,0.0
ENSG00000261251.2,0.0
ENSG00000261253.3,0.918492
ENSG00000261257.2,0.0
ENSG00000261259.2,0.0
ENSG00000261260.3,0.0
ENSG00000261261.4,0.0
ENSG00000261263.3,0.0
ENSG00000261265.1,0.0
ENSG00000261266.2,0.0
ENSG00000261267.1,0.0
ENSG00000261268.3,0.0
ENSG00000261269.1,0.607116
ENSG00000261270.1,1.629946
ENSG00000261272.1,0.0
ENSG00000261274.1,0.0
ENSG00000261275.1,0.0
ENSG00000261276.1,0.0
ENSG00000261278.1,0.0
ENSG00000261279.7,0.0
ENSG00000261281.1,0.0
ENSG00000261282.1,0.0
ENSG00000261284.2,0.0
ENSG00000261285.7,0.0
ENSG00000261286.1,0.079214
ENSG00000261288.1,0.0
ENSG00000261289.2,0.0
ENSG00000261290.1,0.0
ENSG00000261291.1,0.0
ENSG00000261292.2,0.0
ENSG00000261293.1,0.0
ENSG00000261294.1,0.0
ENSG00000261296.1,0.0
ENSG00000261298.1,0.0
ENSG00000261299.1,0.0
ENSG00000261302.8,0.542797
ENSG00000261303.7,0.0
ENSG00000261304.2,0.0
ENSG00000261307.1,0.0
ENSG00000261308.4,0.098504
ENSG00000261310.1,0.0
ENSG00000261312.1,0.0
ENSG00000261313.2,0.0
ENSG00000261314.1,0.0
ENSG00000261315.2,0.0
ENSG00000261316.2,0.0
ENSG00000261318.2,0.0
ENSG00000261319.1,0.0
ENSG00000261320.1,0.0
ENSG00000261324.2,0.382817
ENSG00000261325.4,0.0
ENSG00000261326.5,0.643087
ENSG00000261327.6,0.691011
ENSG00000261329.8,0.0
ENSG00000261330.1,0.0
ENSG00000261332.1,0.0
ENSG00000261333.2,0.0
ENSG00000261334.1,0.0
ENSG00000261335.2,0.0
ENSG00000261336.1,0.0
ENSG00000261338.2,4.311347
ENSG00000261340.1,0.0
ENSG00000261341.7,0.0
ENSG00000261342.1,0.638792
ENSG00000261346.2,0.0
ENSG00000261347.1,0.0
ENSG00000261348.3,0.0
ENSG00000261349.1,0.869578
ENSG00000261351.2,0.634227
ENSG00000261356.2,0.0
ENSG00000261357.1,0.0
ENSG00000261359.3,2.42394
ENSG00000261360.4,0.085326
ENSG00000261362.1,0.0
ENSG00000261363.3,0.0
ENSG00000261364.1,0.0
ENSG00000261365.1,0.0
ENSG00000261366.2,0.107069
ENSG00000261367.1,0.615356
ENSG00000261368.2,0.0
ENSG00000261369.2,0.0
ENSG00000261371.6,153.5916
ENSG00000261373.1,0.0
ENSG00000261375.1,0.0
ENSG00000261376.1,0.0
ENSG00000261377.8,0.0
ENSG00000261379.1,0.0
ENSG00000261382.1,0.0
ENSG00000261384.1,0.0
ENSG00000261385.1,0.0
ENSG00000261390.9,0.0
ENSG00000261391.1,0.0
ENSG00000261392.1,0.0
ENSG00000261393.1,0.0
ENSG00000261394.2,0.0
ENSG00000261395.3,0.0
ENSG00000261396.1,0.657001
ENSG00000261397.1,0.0
ENSG00000261398.2,0.0
ENSG00000261399.3,0.0
ENSG00000261400.2,0.0
ENSG00000261401.1,0.0
ENSG00000261402.1,0.0
ENSG00000261403.2,0.0
ENSG00000261404.8,0.420946
ENSG00000261405.3,0.0
ENSG00000261407.3,0.0
ENSG00000261408.7,2.289531
ENSG00000261410.2,0.0
ENSG00000261411.2,0.0
ENSG00000261416.1,12.799452
ENSG00000261418.1,0.0
ENSG00000261419.1,0.0
ENSG00000261420.1,0.46179
ENSG00000261421.1,0.0
ENSG00000261423.4,1.0539749999999999
ENSG00000261424.1,0.0
ENSG00000261426.1,0.0
ENSG00000261427.6,0.0
ENSG00000261429.2,0.0
ENSG00000261430.1,3.507796
ENSG00000261431.1,0.0
ENSG00000261432.2,0.0
ENSG00000261433.1,0.0
ENSG00000261434.1,0.0
ENSG00000261435.2,0.0
ENSG00000261436.7,0.0
ENSG00000261437.2,0.153505
ENSG00000261440.1,0.0
ENSG00000261441.2,0.0
ENSG00000261442.1,0.0
ENSG00000261444.1,0.0
ENSG00000261446.4,0.0
ENSG00000261447.1,0.0
ENSG00000261448.2,0.0
ENSG00000261449.2,0.0
ENSG00000261451.1,0.0
ENSG00000261453.2,0.0
ENSG00000261455.2,5.144432
ENSG00000261456.6,0.0
ENSG00000261457.4,0.0
ENSG00000261458.1,0.0
ENSG00000261459.1,0.0
ENSG00000261460.2,0.0
ENSG00000261461.1,0.0
ENSG00000261465.8,0.0
ENSG00000261466.3,0.0
ENSG00000261467.3,0.0
ENSG00000261468.2,3.228164
ENSG00000261469.1,0.0
ENSG00000261471.2,18.192479
ENSG00000261472.2,0.0
ENSG00000261474.1,2.582425
ENSG00000261475.4,0.0
ENSG00000261476.1,0.336769
ENSG00000261478.1,0.0
ENSG00000261480.1,0.0
ENSG00000261481.2,0.0
ENSG00000261482.1,0.0
ENSG00000261485.2,0.966147
ENSG00000261486.1,0.0
ENSG00000261487.1,14.99609
ENSG00000261488.1,0.127378
ENSG00000261489.1,0.0
ENSG00000261491.1,0.0
ENSG00000261497.1,0.0
ENSG00000261498.2,0.0
ENSG00000261499.2,0.0
ENSG00000261501.1,0.107172
ENSG00000261504.1,0.0
ENSG00000261505.1,0.0813
ENSG00000261509.7,0.0
ENSG00000261511.1,0.0
ENSG00000261512.3,24.604837
ENSG00000261513.1,0.0
ENSG00000261514.3,0.650862
ENSG00000261515.1,0.0
ENSG00000261517.2,0.0
ENSG00000261519.3,0.0
ENSG00000261520.6,0.0
ENSG00000261522.6,0.0
ENSG00000261523.1,0.0
ENSG00000261524.1,0.0
ENSG00000261526.4,2.519118
ENSG00000261527.1,0.0
ENSG00000261528.2,0.0
ENSG00000261529.1,0.0
ENSG00000261532.1,0.0
ENSG00000261535.1,0.0
ENSG00000261536.2,0.0
ENSG00000261537.1,0.0
ENSG00000261538.1,0.0
ENSG00000261540.2,0.0
ENSG00000261541.1,0.0
ENSG00000261542.1,0.0
ENSG00000261543.2,0.0
ENSG00000261544.1,0.0
ENSG00000261546.1,0.0
ENSG00000261548.1,0.0
ENSG00000261549.2,0.0
ENSG00000261552.1,0.0
ENSG00000261553.5,0.06484
ENSG00000261554.1,0.0
ENSG00000261555.1,0.0
ENSG00000261556.11,0.080009
ENSG00000261557.1,0.0
ENSG00000261558.3,0.0
ENSG00000261559.1,0.0
ENSG00000261560.1,0.0
ENSG00000261561.1,0.0
ENSG00000261564.2,0.0
ENSG00000261566.1,0.0
ENSG00000261569.5,0.0
ENSG00000261570.3,0.0
ENSG00000261572.3,0.0
ENSG00000261573.2,0.0
ENSG00000261575.5,0.0
ENSG00000261578.1,0.0
ENSG00000261580.1,0.0
ENSG00000261581.1,0.0
ENSG00000261582.1,0.0
ENSG00000261583.1,0.0
ENSG00000261584.1,0.580353
ENSG00000261586.2,0.0
ENSG00000261587.3,0.0
ENSG00000261588.1,0.0
ENSG00000261590.1,0.0
ENSG00000261592.1,0.0
ENSG00000261593.1,0.0
ENSG00000261594.4,0.0
ENSG00000261595.2,0.0
ENSG00000261596.2,5.242138
ENSG00000261599.7,0.0
ENSG00000261600.2,0.147495
ENSG00000261602.1,0.0
ENSG00000261603.4,0.0
ENSG00000261604.1,0.0
ENSG00000261606.5,0.050829
ENSG00000261607.1,0.0
ENSG00000261608.1,0.0
ENSG00000261609.9,0.889171
ENSG00000261610.1,0.0
ENSG00000261611.6,0.0
ENSG00000261612.1,0.0
ENSG00000261613.2,3.44041
ENSG00000261614.1,0.0
ENSG00000261615.8,0.0
ENSG00000261616.1,0.0
ENSG00000261617.3,2.25484
ENSG00000261618.2,0.0
ENSG00000261620.1,0.0
ENSG00000261623.1,0.0
ENSG00000261624.1,0.0
ENSG00000261625.1,0.0
ENSG00000261627.1,0.0
ENSG00000261628.1,0.0
ENSG00000261629.1,0.0
ENSG00000261630.1,0.0
ENSG00000261632.2,0.0
ENSG00000261633.1,0.0
ENSG00000261634.5,0.0
ENSG00000261635.2,0.0
ENSG00000261636.3,0.0
ENSG00000261637.3,0.0
ENSG00000261638.3,0.0
ENSG00000261641.2,0.0
ENSG00000261642.1,0.0
ENSG00000261644.4,7.713205
ENSG00000261645.8,0.0
ENSG00000261646.1,0.0
ENSG00000261647.1,0.0
ENSG00000261648.1,0.0
ENSG00000261649.7,0.0
ENSG00000261651.1,0.0
ENSG00000261652.3,0.3288
ENSG00000261653.1,0.3579
ENSG00000261654.1,0.03837
ENSG00000261655.1,2.008132
ENSG00000261656.6,6.1874
ENSG00000261659.2,0.552064
ENSG00000261663.1,0.372927
ENSG00000261664.6,0.0
ENSG00000261665.2,0.0
ENSG00000261667.2,0.0
ENSG00000261668.1,0.0
ENSG00000261669.1,0.0
ENSG00000261670.1,0.0
ENSG00000261671.1,0.0
ENSG00000261673.1,0.0
ENSG00000261675.1,0.0
ENSG00000261678.3,0.0
ENSG00000261679.2,0.0
ENSG00000261680.1,0.0
ENSG00000261683.3,0.0
ENSG00000261684.3,0.0
ENSG00000261687.1,0.0
ENSG00000261689.1,0.0
ENSG00000261691.1,0.0
ENSG00000261692.1,0.987148
ENSG00000261693.1,0.0
ENSG00000261696.1,0.0
ENSG00000261697.6,0.0
ENSG00000261701.9,0.0
ENSG00000261702.2,0.0
ENSG00000261703.2,0.0
ENSG00000261704.2,0.0
ENSG00000261706.1,0.0
ENSG00000261707.2,0.0
ENSG00000261708.1,0.0
ENSG00000261709.3,0.0
ENSG00000261710.2,0.0
ENSG00000261711.7,0.0
ENSG00000261713.8,0.0
ENSG00000261714.2,0.0
ENSG00000261715.1,0.0
ENSG00000261716.3,0.0
ENSG00000261717.5,0.685287
ENSG00000261719.1,0.0
ENSG00000261722.2,0.0
ENSG00000261723.1,0.0
ENSG00000261725.1,0.0
ENSG00000261727.3,0.0
ENSG00000261728.2,0.0
ENSG00000261729.3,0.0
ENSG00000261730.1,0.0
ENSG00000261731.2,0.0
ENSG00000261732.1,0.671811
ENSG00000261734.1,0.104748
ENSG00000261736.1,0.0
ENSG00000261738.9,0.0
ENSG00000261739.3,0.0
ENSG00000261740.7,6.5547439999999995
ENSG00000261741.6,0.0
ENSG00000261742.7,0.0
ENSG00000261743.1,0.0
ENSG00000261744.1,0.0
ENSG00000261745.2,0.7136
ENSG00000261747.3,0.0
ENSG00000261748.1,0.0
ENSG00000261749.4,0.0
ENSG00000261751.2,0.0
ENSG00000261752.1,0.0
ENSG00000261754.2,0.0
ENSG00000261758.2,0.0
ENSG00000261759.1,0.0
ENSG00000261760.9,0.0
ENSG00000261761.6,0.0
ENSG00000261762.1,0.0
ENSG00000261763.1,0.0
ENSG00000261764.1,0.0
ENSG00000261765.1,0.0
ENSG00000261766.1,0.0
ENSG00000261770.1,0.319912
ENSG00000261771.5,0.0
ENSG00000261774.1,0.0
ENSG00000261776.1,0.0
ENSG00000261777.7,0.0
ENSG00000261778.1,0.0
ENSG00000261779.1,0.0
ENSG00000261780.4,0.747394
ENSG00000261781.1,0.0
ENSG00000261782.1,0.0
ENSG00000261783.1,0.0
ENSG00000261786.1,0.0
ENSG00000261787.2,0.0
ENSG00000261789.1,0.0
ENSG00000261790.2,0.0
ENSG00000261792.1,0.0
ENSG00000261793.1,0.0
ENSG00000261794.2,0.397725
ENSG00000261795.1,0.0
ENSG00000261796.1,4.86036
ENSG00000261798.1,0.0
ENSG00000261799.1,2.612365
ENSG00000261800.3,0.0
ENSG00000261801.9,4.165282
ENSG00000261802.1,0.0
ENSG00000261803.3,0.0
ENSG00000261804.4,7.343942999999999
ENSG00000261807.2,0.034763
ENSG00000261809.1,0.0
ENSG00000261810.1,0.0
ENSG00000261811.2,0.0
ENSG00000261812.7,0.0
ENSG00000261813.2,0.0
ENSG00000261814.1,0.0
ENSG00000261815.1,0.0
ENSG00000261816.2,0.0
ENSG00000261817.1,0.0
ENSG00000261818.1,0.0
ENSG00000261819.1,0.0
ENSG00000261820.1,0.0
ENSG00000261821.3,0.0
ENSG00000261822.1,0.0
ENSG00000261823.1,0.0
ENSG00000261824.9,1.9258260000000003
ENSG00000261826.1,0.0
ENSG00000261829.1,0.0
ENSG00000261831.3,0.0
ENSG00000261832.6,1.054114
ENSG00000261834.2,0.0
ENSG00000261835.1,0.0
ENSG00000261837.1,0.0
ENSG00000261838.6,0.0
ENSG00000261839.1,0.084259
ENSG00000261840.6,0.857543
ENSG00000261842.1,0.0
ENSG00000261845.2,0.0
ENSG00000261846.2,0.0
ENSG00000261848.6,0.0
ENSG00000261852.3,0.0
ENSG00000261856.1,0.0
ENSG00000261857.7,0.0
ENSG00000261862.2,0.0
ENSG00000261863.2,0.0
ENSG00000261864.1,0.0
ENSG00000261868.1,0.0
ENSG00000261872.1,0.0
ENSG00000261873.3,0.0
ENSG00000261879.10,2.409175
ENSG00000261882.1,0.0
ENSG00000261884.2,19.079132
ENSG00000261886.2,0.465928
ENSG00000261888.1,0.721672
ENSG00000261889.1,0.399545
ENSG00000261893.5,0.0
ENSG00000261897.1,0.0
ENSG00000261898.2,0.0
ENSG00000261904.1,0.0
ENSG00000261905.1,0.0
ENSG00000261914.2,0.0
ENSG00000261915.6,0.0
ENSG00000261916.1,0.0
ENSG00000261924.2,0.0
ENSG00000261934.3,0.0
ENSG00000261936.2,0.313941
ENSG00000261938.1,0.0
ENSG00000261939.1,0.0
ENSG00000261949.7,0.0
ENSG00000261958.1,0.0
ENSG00000261959.1,0.138749
ENSG00000261965.1,0.0
ENSG00000261968.3,0.0
ENSG00000261970.1,0.0
ENSG00000261971.10,17.835091
ENSG00000261972.5,0.0
ENSG00000261976.3,0.0
ENSG00000261978.2,0.0
ENSG00000261984.1,0.0
ENSG00000261986.1,0.0
ENSG00000261987.2,0.0
ENSG00000261992.2,6.052089
ENSG00000261994.5,0.0
ENSG00000261996.1,0.0
ENSG00000261997.1,0.305803
ENSG00000262000.1,0.0
ENSG00000262001.4,6.33978
ENSG00000262003.2,0.0
ENSG00000262006.1,0.0
ENSG00000262008.1,0.0
ENSG00000262011.1,0.0
ENSG00000262020.1,0.0
ENSG00000262024.6,5.755611
ENSG00000262038.1,0.0
ENSG00000262045.1,0.0
ENSG00000262048.1,0.0
ENSG00000262049.3,1.850237
ENSG00000262050.3,0.473261
ENSG00000262052.1,0.0
ENSG00000262061.8,0.0
ENSG00000262067.1,0.0
ENSG00000262068.3,0.0
ENSG00000262074.7,0.0
ENSG00000262075.4,0.0
ENSG00000262079.2,0.0
ENSG00000262081.2,0.0
ENSG00000262085.2,0.0
ENSG00000262090.1,0.0
ENSG00000262094.2,0.0
ENSG00000262095.1,0.0
ENSG00000262096.3,0.0
ENSG00000262097.4,1.1418409999999999
ENSG00000262098.1,0.0
ENSG00000262099.2,0.0
ENSG00000262102.1,0.0
ENSG00000262106.1,0.0
ENSG00000262107.1,0.0
ENSG00000262112.1,0.0
ENSG00000262113.1,0.0
ENSG00000262115.1,0.0
ENSG00000262116.1,0.0
ENSG00000262117.6,0.0
ENSG00000262118.1,0.0
ENSG00000262119.1,0.0
ENSG00000262120.1,0.0
ENSG00000262121.2,0.0
ENSG00000262133.2,0.0
ENSG00000262135.1,0.0
ENSG00000262136.3,0.126652
ENSG00000262139.9,0.0
ENSG00000262140.1,0.0
ENSG00000262141.1,0.0
ENSG00000262145.5,0.301262
ENSG00000262147.2,0.0
ENSG00000262151.1,0.0
ENSG00000262152.8,0.0
ENSG00000262154.1,0.0
ENSG00000262155.3,0.0
ENSG00000262156.6,0.0
ENSG00000262158.1,0.0
ENSG00000262160.1,0.074464
ENSG00000262164.6,0.0
ENSG00000262165.2,1.164285
ENSG00000262171.1,0.0
ENSG00000262172.1,0.0
ENSG00000262179.4,0.0
ENSG00000262181.2,0.0
ENSG00000262185.4,0.0
ENSG00000262187.2,0.0
ENSG00000262188.5,0.0
ENSG00000262191.1,0.0
ENSG00000262193.2,0.0
ENSG00000262198.3,0.297155
ENSG00000262201.2,0.0
ENSG00000262202.5,0.0
ENSG00000262209.3,0.0
ENSG00000262210.1,0.0
ENSG00000262211.1,0.0
ENSG00000262213.2,0.0
ENSG00000262217.3,0.0
ENSG00000262221.1,0.0
ENSG00000262223.11,0.532477
ENSG00000262226.1,0.0
ENSG00000262228.3,0.0
ENSG00000262231.3,0.0
ENSG00000262235.2,0.0
ENSG00000262243.5,0.0
ENSG00000262246.6,135.38618400000001
ENSG00000262248.1,0.0
ENSG00000262259.1,0.0
ENSG00000262262.1,0.0
ENSG00000262265.2,0.0
ENSG00000262267.7,0.0
ENSG00000262271.1,0.0
ENSG00000262280.1,0.0
ENSG00000262282.2,0.0
ENSG00000262294.2,0.0
ENSG00000262296.1,0.0
ENSG00000262298.1,0.0
ENSG00000262302.1,0.0
ENSG00000262304.2,0.0
ENSG00000262312.2,0.0
ENSG00000262313.1,0.0
ENSG00000262315.4,0.0
ENSG00000262316.1,0.0
ENSG00000262319.1,0.0
ENSG00000262322.1,0.0
ENSG00000262327.7,0.0
ENSG00000262332.2,3.964483
ENSG00000262333.1,0.0
ENSG00000262334.6,1.8695089999999999
ENSG00000262339.5,0.0
ENSG00000262343.2,0.0
ENSG00000262347.2,0.0
ENSG00000262349.2,0.0
ENSG00000262352.3,0.0
ENSG00000262358.1,0.0
ENSG00000262362.2,1.09734
ENSG00000262366.1,0.0
ENSG00000262370.8,29.142702
ENSG00000262372.1,0.0
ENSG00000262375.1,0.0
ENSG00000262376.1,0.0
ENSG00000262380.1,0.0
ENSG00000262381.1,0.0
ENSG00000262384.1,0.0
ENSG00000262400.1,0.0
ENSG00000262402.1,0.0
ENSG00000262406.3,0.0
ENSG00000262408.1,0.0
ENSG00000262410.1,1.481602
ENSG00000262411.1,0.0
ENSG00000262412.2,0.252873
ENSG00000262413.1,0.0
ENSG00000262418.5,39.298320000000004
ENSG00000262420.4,0.0
ENSG00000262429.1,0.0
ENSG00000262434.1,0.0
ENSG00000262445.3,0.0
ENSG00000262446.5,0.0
ENSG00000262454.5,0.086032
ENSG00000262456.1,0.0
ENSG00000262466.5,0.0
ENSG00000262468.9,3.327162
ENSG00000262470.2,0.0
ENSG00000262471.1,0.0
ENSG00000262473.5,0.287329
ENSG00000262476.2,0.0
ENSG00000262480.2,0.0
ENSG00000262481.5,0.0
ENSG00000262482.2,0.25786
ENSG00000262484.2,0.587772
ENSG00000262488.1,0.0
ENSG00000262492.1,0.0
ENSG00000262495.1,0.982929
ENSG00000262497.1,0.0
ENSG00000262500.1,0.0
ENSG00000262503.1,0.0
ENSG00000262505.2,0.0
ENSG00000262510.2,0.0
ENSG00000262513.1,0.0
ENSG00000262514.1,0.0
ENSG00000262516.1,0.0
ENSG00000262517.1,0.0
ENSG00000262518.1,0.0
ENSG00000262519.1,0.0
ENSG00000262520.1,0.0
ENSG00000262521.2,0.0
ENSG00000262526.2,0.0
ENSG00000262528.2,0.0
ENSG00000262529.1,0.0
ENSG00000262533.1,0.0
ENSG00000262536.1,0.0
ENSG00000262539.1,0.0
ENSG00000262543.2,0.0
ENSG00000262560.1,0.0
ENSG00000262561.1,0.0
ENSG00000262566.1,0.0
ENSG00000262573.2,0.0
ENSG00000262576.3,0.0
ENSG00000262580.5,12.858701
ENSG00000262583.4,0.0
ENSG00000262585.2,0.0
ENSG00000262587.5,0.0
ENSG00000262591.2,0.0
ENSG00000262592.2,0.0
ENSG00000262594.4,0.0
ENSG00000262599.5,2.723169
ENSG00000262607.5,0.0
ENSG00000262609.1,0.0
ENSG00000262611.4,0.0
ENSG00000262612.3,0.0
ENSG00000262619.5,1.355915
ENSG00000262623.1,0.0
ENSG00000262624.2,0.0
ENSG00000262628.1,0.0
ENSG00000262633.2,0.0
ENSG00000262634.5,0.0
ENSG00000262635.5,0.0
ENSG00000262636.1,0.0
ENSG00000262640.1,0.0
ENSG00000262647.3,0.0
ENSG00000262648.1,0.0
ENSG00000262651.1,0.0
ENSG00000262652.1,0.0
ENSG00000262655.4,0.274413
ENSG00000262660.1,0.0
ENSG00000262662.1,0.0
ENSG00000262663.1,0.0
ENSG00000262664.3,31.378751
ENSG00000262666.5,0.0
ENSG00000262678.2,3.7640819999999997
ENSG00000262679.1,0.0
ENSG00000262681.2,0.0
ENSG00000262686.2,0.0
ENSG00000262691.1,0.087663
ENSG00000262692.1,0.0
ENSG00000262693.1,0.0
ENSG00000262700.1,0.0
ENSG00000262703.1,0.246152
ENSG00000262708.1,0.0
ENSG00000262712.1,0.379525
ENSG00000262714.1,5.129424
ENSG00000262721.1,0.0
ENSG00000262728.7,1.2180790000000001
ENSG00000262730.1,0.0
ENSG00000262731.3,0.0
ENSG00000262732.2,0.0
ENSG00000262734.1,0.0
ENSG00000262748.1,0.0
ENSG00000262749.2,0.0
ENSG00000262755.1,0.0
ENSG00000262759.1,0.0
ENSG00000262766.1,4.429592
ENSG00000262768.3,0.0
ENSG00000262769.2,0.0
ENSG00000262771.5,2.240586
ENSG00000262772.3,0.0
ENSG00000262777.1,0.0
ENSG00000262784.2,0.0
ENSG00000262785.5,0.0
ENSG00000262786.1,0.0
ENSG00000262788.3,5.026284
ENSG00000262791.1,0.0
ENSG00000262795.5,209.821008
ENSG00000262796.1,0.0
ENSG00000262801.7,0.0
ENSG00000262803.1,0.0
ENSG00000262808.2,0.0
ENSG00000262810.1,0.0
ENSG00000262814.8,29.654856
ENSG00000262815.1,0.691559
ENSG00000262818.1,0.0
ENSG00000262823.2,3.356883
ENSG00000262826.5,8.177072
ENSG00000262829.1,0.0
ENSG00000262831.1,0.0
ENSG00000262833.1,0.073796
ENSG00000262837.2,0.60916
ENSG00000262845.7,0.0
ENSG00000262848.1,0.0
ENSG00000262851.2,0.0
ENSG00000262855.1,0.0
ENSG00000262860.5,23.31118
ENSG00000262869.2,0.0
ENSG00000262870.1,0.0
ENSG00000262873.3,1.260468
ENSG00000262874.2,0.0
ENSG00000262877.6,4.5467379999999995
ENSG00000262879.8,5.839751
ENSG00000262880.1,0.0
ENSG00000262881.1,0.0
ENSG00000262884.1,0.0
ENSG00000262885.1,0.0
ENSG00000262892.1,0.0
ENSG00000262896.2,0.0
ENSG00000262898.6,0.58693
ENSG00000262899.1,0.0
ENSG00000262902.1,0.0
ENSG00000262903.1,0.325908
ENSG00000262904.1,0.0
ENSG00000262905.1,0.0
ENSG00000262911.5,0.0
ENSG00000262919.8,16.857903999999998
ENSG00000262920.6,0.0
ENSG00000262921.1,0.0
ENSG00000262927.1,0.0
ENSG00000262938.6,0.0
ENSG00000262943.10,0.0
ENSG00000262950.4,0.0
ENSG00000262953.1,0.0
ENSG00000262959.2,0.0
ENSG00000262961.1,0.0
ENSG00000262962.1,0.0
ENSG00000262966.2,0.0
ENSG00000262967.1,0.0
ENSG00000262974.1,0.0
ENSG00000262979.1,0.482089
ENSG00000262980.2,0.0
ENSG00000262983.1,0.0
ENSG00000262986.1,0.0
ENSG00000262990.1,0.0
ENSG00000262993.1,0.0
ENSG00000262994.1,0.0
ENSG00000262995.2,0.0
ENSG00000262999.1,0.0
ENSG00000263001.9,32.243323000000004
ENSG00000263002.8,1.099855
ENSG00000263004.4,0.169417
ENSG00000263006.8,0.0
ENSG00000263011.4,4.88811
ENSG00000263012.1,0.0
ENSG00000263014.5,0.0
ENSG00000263015.2,0.0
ENSG00000263017.1,0.0
ENSG00000263020.6,1.17786
ENSG00000263022.1,0.0
ENSG00000263029.1,0.0
ENSG00000263033.2,0.0
ENSG00000263041.3,0.0
ENSG00000263045.1,0.0
ENSG00000263050.2,0.0
ENSG00000263051.1,0.0
ENSG00000263057.2,0.0
ENSG00000263063.2,0.0
ENSG00000263065.1,2.481934
ENSG00000263069.6,0.128145
ENSG00000263070.1,0.0
ENSG00000263072.11,8.92806
ENSG00000263080.2,0.0
ENSG00000263089.1,0.0
ENSG00000263090.5,0.0
ENSG00000263096.1,0.0
ENSG00000263098.1,0.0
ENSG00000263101.2,0.0
ENSG00000263105.2,0.0
ENSG00000263107.1,0.0
ENSG00000263110.1,0.0
ENSG00000263120.1,0.0
ENSG00000263125.1,0.0
ENSG00000263126.1,1.399039
ENSG00000263140.5,0.0
ENSG00000263141.5,0.0
ENSG00000263142.6,0.0
ENSG00000263146.4,0.0
ENSG00000263150.3,0.0
ENSG00000263154.2,0.0
ENSG00000263155.7,1.548538
ENSG00000263159.1,0.0
ENSG00000263160.6,0.0
ENSG00000263163.5,16.717038
ENSG00000263164.1,0.0
ENSG00000263165.1,0.0
ENSG00000263167.1,0.0
ENSG00000263171.1,0.0
ENSG00000263176.2,0.0
ENSG00000263177.1,0.0
ENSG00000263179.1,0.0
ENSG00000263181.7,1.640712
ENSG00000263186.1,0.0
ENSG00000263189.1,0.0
ENSG00000263196.1,0.0
ENSG00000263199.1,0.0
ENSG00000263201.1,0.0
ENSG00000263206.1,0.0
ENSG00000263207.2,0.0
ENSG00000263212.2,0.0
ENSG00000263218.2,0.0
ENSG00000263219.1,0.0
ENSG00000263220.1,0.0
ENSG00000263229.4,0.0
ENSG00000263231.1,0.0
ENSG00000263232.2,0.0
ENSG00000263234.1,0.0
ENSG00000263235.1,0.0
ENSG00000263236.2,0.0
ENSG00000263237.1,0.0
ENSG00000263238.1,0.0
ENSG00000263241.1,0.0
ENSG00000263242.2,0.0
ENSG00000263243.2,0.0
ENSG00000263244.2,2.935368
ENSG00000263247.6,0.627464
ENSG00000263252.1,0.0
ENSG00000263253.1,0.0
ENSG00000263257.3,0.0
ENSG00000263263.1,0.0
ENSG00000263266.2,0.0
ENSG00000263267.3,0.0
ENSG00000263271.1,0.0
ENSG00000263272.1,0.0
ENSG00000263276.1,2.991515
ENSG00000263278.2,0.0
ENSG00000263279.2,0.0
ENSG00000263280.5,0.211691
ENSG00000263290.5,12.549955
ENSG00000263293.4,1.464451
ENSG00000263296.2,0.0
ENSG00000263300.1,0.0
ENSG00000263301.1,0.0
ENSG00000263305.2,0.0
ENSG00000263307.3,0.35050000000000003
ENSG00000263309.6,84.404244
ENSG00000263310.5,0.0
ENSG00000263311.1,0.0
ENSG00000263312.2,0.0
ENSG00000263317.2,0.0
ENSG00000263321.1,0.0
ENSG00000263322.1,0.0
ENSG00000263324.5,0.56735
ENSG00000263325.2,0.0
ENSG00000263326.1,0.0
ENSG00000263327.7,3.309515
ENSG00000263335.1,23.042245
ENSG00000263338.1,0.0
ENSG00000263341.1,0.0
ENSG00000263342.2,0.0
ENSG00000263343.1,0.0
ENSG00000263345.1,0.0
ENSG00000263353.4,0.0
ENSG00000263354.1,0.0
ENSG00000263355.1,0.0
ENSG00000263360.2,0.0
ENSG00000263361.1,0.0
ENSG00000263363.1,0.0
ENSG00000263366.2,0.308612
ENSG00000263368.1,0.0
ENSG00000263369.7,0.0
ENSG00000263370.2,0.0
ENSG00000263372.1,0.0
ENSG00000263375.1,0.0
ENSG00000263381.1,0.0
ENSG00000263382.3,0.0
ENSG00000263389.1,0.0
ENSG00000263390.1,0.0
ENSG00000263393.1,0.0
ENSG00000263394.1,1.493174
ENSG00000263396.1,0.0
ENSG00000263399.1,0.0
ENSG00000263400.9,0.481578
ENSG00000263403.1,0.0
ENSG00000263405.1,0.0
ENSG00000263407.1,0.0
ENSG00000263409.1,0.0
ENSG00000263410.2,0.0
ENSG00000263412.4,0.135865
ENSG00000263413.2,21.639066
ENSG00000263414.1,0.0
ENSG00000263417.7,0.854835
ENSG00000263424.1,0.0
ENSG00000263426.2,0.0
ENSG00000263427.2,0.0
ENSG00000263429.4,0.0
ENSG00000263432.2,0.0
ENSG00000263433.1,0.0
ENSG00000263435.1,0.0
ENSG00000263436.1,0.0
ENSG00000263438.7,0.0
ENSG00000263439.1,0.0
ENSG00000263445.1,0.0
ENSG00000263450.2,0.0
ENSG00000263453.1,0.0
ENSG00000263456.1,0.0
ENSG00000263458.1,0.0
ENSG00000263460.1,0.0
ENSG00000263465.5,12.114035
ENSG00000263466.1,0.901769
ENSG00000263468.1,0.0
ENSG00000263476.1,0.0
ENSG00000263477.1,0.0
ENSG00000263479.2,0.0
ENSG00000263482.3,0.0
ENSG00000263483.1,0.0
ENSG00000263485.2,0.0
ENSG00000263489.1,0.0
ENSG00000263490.2,0.0
ENSG00000263494.1,0.0
ENSG00000263499.1,0.0
ENSG00000263501.1,0.0
ENSG00000263503.1,0.0
ENSG00000263505.1,0.0
ENSG00000263510.1,0.0
ENSG00000263511.1,0.0
ENSG00000263512.1,0.0
ENSG00000263513.6,0.0
ENSG00000263514.1,0.0
ENSG00000263515.1,0.0
ENSG00000263517.1,0.0
ENSG00000263520.1,0.0
ENSG00000263526.1,0.0
ENSG00000263527.1,0.0
ENSG00000263528.8,26.937181
ENSG00000263529.2,0.0
ENSG00000263531.1,0.0
ENSG00000263533.1,0.0
ENSG00000263535.2,0.0
ENSG00000263537.2,0.0
ENSG00000263540.1,0.0
ENSG00000263547.3,0.0
ENSG00000263551.7,0.702417
ENSG00000263556.2,0.0
ENSG00000263558.2,0.0
ENSG00000263561.1,0.0
ENSG00000263563.8,4.939965
ENSG00000263567.1,0.0
ENSG00000263571.4,0.0
ENSG00000263572.2,0.0
ENSG00000263573.1,0.0
ENSG00000263575.1,0.0
ENSG00000263581.1,0.0
ENSG00000263583.1,0.0
ENSG00000263584.1,0.0
ENSG00000263585.1,0.0
ENSG00000263586.2,0.0
ENSG00000263590.3,0.0
ENSG00000263593.1,0.0
ENSG00000263594.3,0.0
ENSG00000263595.2,0.0
ENSG00000263597.1,0.0
ENSG00000263600.1,0.0
ENSG00000263602.1,0.0
ENSG00000263603.1,0.0
ENSG00000263604.1,0.0
ENSG00000263606.2,0.280296
ENSG00000263608.2,0.0
ENSG00000263609.3,0.0
ENSG00000263611.3,0.0
ENSG00000263612.1,0.0
ENSG00000263613.2,0.0
ENSG00000263615.1,0.0
ENSG00000263616.2,0.0
ENSG00000263618.5,0.0
ENSG00000263620.1,25.23049
ENSG00000263622.1,0.0
ENSG00000263624.1,0.0
ENSG00000263627.2,2.774602
ENSG00000263628.1,0.0
ENSG00000263629.1,0.0
ENSG00000263631.1,0.0
ENSG00000263634.1,0.0
ENSG00000263635.2,0.0
ENSG00000263637.1,0.0
ENSG00000263639.7,1.125505
ENSG00000263641.1,0.0
ENSG00000263642.1,0.0
ENSG00000263643.1,0.0
ENSG00000263644.1,0.0
ENSG00000263647.1,8.977258
ENSG00000263648.1,0.0
ENSG00000263649.1,0.0
ENSG00000263652.1,0.0
ENSG00000263655.2,0.0
ENSG00000263657.1,0.0
ENSG00000263666.1,0.0
ENSG00000263667.5,0.0
ENSG00000263669.2,0.0
ENSG00000263670.1,0.0
ENSG00000263672.2,0.0
ENSG00000263674.2,0.0
ENSG00000263675.1,0.0
ENSG00000263676.1,0.0
ENSG00000263680.2,0.0
ENSG00000263681.1,0.0
ENSG00000263682.1,0.0
ENSG00000263683.2,0.426514
ENSG00000263684.3,0.0
ENSG00000263690.2,0.0
ENSG00000263693.1,0.0
ENSG00000263697.1,0.0
ENSG00000263705.1,0.0
ENSG00000263707.1,0.0
ENSG00000263708.2,0.0
ENSG00000263709.1,0.0
ENSG00000263711.7,0.0
ENSG00000263712.1,0.0
ENSG00000263715.7,0.0
ENSG00000263716.1,0.0
ENSG00000263717.1,0.0
ENSG00000263718.4,0.0
ENSG00000263720.1,0.0
ENSG00000263723.1,0.0
ENSG00000263724.2,0.0
ENSG00000263725.1,0.0
ENSG00000263727.1,0.0
ENSG00000263729.1,0.0
ENSG00000263730.1,0.0
ENSG00000263731.1,0.892671
ENSG00000263733.1,0.0
ENSG00000263734.1,0.0
ENSG00000263735.1,0.0
ENSG00000263740.2,4.702739
ENSG00000263741.1,0.0
ENSG00000263742.1,0.0
ENSG00000263744.1,0.0
ENSG00000263745.8,0.0
ENSG00000263746.1,0.0
ENSG00000263748.1,0.0
ENSG00000263749.2,0.0
ENSG00000263750.1,0.0
ENSG00000263752.1,0.0
ENSG00000263753.11,6.869904
ENSG00000263755.2,0.0
ENSG00000263756.1,0.0
ENSG00000263761.3,0.0
ENSG00000263762.1,0.0
ENSG00000263763.1,0.0
ENSG00000263764.1,0.0
ENSG00000263765.6,0.0
ENSG00000263766.7,10.805648
ENSG00000263772.1,0.0
ENSG00000263776.1,0.0
ENSG00000263781.3,0.0
ENSG00000263783.1,0.0
ENSG00000263785.1,0.0
ENSG00000263786.1,0.42335
ENSG00000263787.1,0.0
ENSG00000263788.1,0.0
ENSG00000263790.1,0.0
ENSG00000263793.1,0.0
ENSG00000263794.2,0.0
ENSG00000263795.1,0.0
ENSG00000263797.1,0.0
ENSG00000263798.2,0.0
ENSG00000263800.1,0.0
ENSG00000263809.1,0.0
ENSG00000263811.1,0.0
ENSG00000263813.1,0.0
ENSG00000263815.2,0.0
ENSG00000263816.1,0.0
ENSG00000263818.6,0.0
ENSG00000263821.1,0.0
ENSG00000263823.3,0.476985
ENSG00000263826.1,0.0
ENSG00000263828.1,0.0
ENSG00000263829.1,0.0
ENSG00000263831.1,0.0
ENSG00000263834.1,0.0
ENSG00000263838.1,0.0
ENSG00000263841.2,0.0
ENSG00000263843.1,0.571156
ENSG00000263846.1,0.0
ENSG00000263847.1,0.0
ENSG00000263849.1,0.0
ENSG00000263857.1,0.0
ENSG00000263858.1,0.0
ENSG00000263859.1,0.0
ENSG00000263860.2,0.0
ENSG00000263861.1,0.0
ENSG00000263862.2,0.0
ENSG00000263863.2,0.0
ENSG00000263864.1,0.0
ENSG00000263870.1,0.0
ENSG00000263871.1,0.0
ENSG00000263872.1,0.0
ENSG00000263873.1,0.0
ENSG00000263874.3,1.165706
ENSG00000263878.3,0.24213
ENSG00000263882.2,0.0
ENSG00000263883.1,0.0
ENSG00000263884.3,0.0
ENSG00000263885.1,0.0
ENSG00000263887.7,0.0
ENSG00000263890.1,0.0
ENSG00000263892.3,0.0
ENSG00000263893.3,0.0
ENSG00000263894.1,0.0
ENSG00000263895.1,0.0
ENSG00000263897.1,0.0
ENSG00000263904.1,0.802787
ENSG00000263905.2,0.0
ENSG00000263908.1,0.0
ENSG00000263909.1,0.0
ENSG00000263914.1,0.0
ENSG00000263916.1,0.762075
ENSG00000263917.1,0.0
ENSG00000263918.1,0.0
ENSG00000263923.2,0.0
ENSG00000263924.1,0.0
ENSG00000263926.1,0.0
ENSG00000263932.1,0.0
ENSG00000263934.5,3.068611
ENSG00000263935.1,0.0
ENSG00000263938.1,0.0
ENSG00000263940.2,0.0
ENSG00000263941.2,2.105727
ENSG00000263944.2,0.0
ENSG00000263945.1,0.0
ENSG00000263946.2,0.0
ENSG00000263952.5,0.0
ENSG00000263955.2,0.0
ENSG00000263956.8,3.9694269999999996
ENSG00000263958.5,0.0
ENSG00000263961.8,3.8995759999999997
ENSG00000263963.1,0.0
ENSG00000263967.1,0.0
ENSG00000263968.2,0.0
ENSG00000263969.2,0.0
ENSG00000263970.1,0.0
ENSG00000263971.1,0.0
ENSG00000263972.1,0.0
ENSG00000263973.1,0.0
ENSG00000263974.2,3.152017
ENSG00000263976.1,0.0
ENSG00000263978.1,0.0
ENSG00000263979.1,0.0
ENSG00000263981.1,0.0
ENSG00000263982.1,0.0
ENSG00000263986.1,0.0
ENSG00000263987.1,0.0
ENSG00000263988.2,0.0
ENSG00000263989.2,0.0
ENSG00000263990.1,0.0
ENSG00000263993.2,0.0
ENSG00000263999.2,0.0
ENSG00000264000.2,0.0
ENSG00000264002.2,0.0
ENSG00000264004.1,0.0
ENSG00000264005.1,0.0
ENSG00000264006.9,0.263985
ENSG00000264007.1,0.0
ENSG00000264010.1,0.0
ENSG00000264012.1,0.0
ENSG00000264013.1,0.0
ENSG00000264014.1,0.0
ENSG00000264015.3,0.0
ENSG00000264016.4,0.0
ENSG00000264017.2,1.876761
ENSG00000264019.1,0.0
ENSG00000264023.2,0.37929
ENSG00000264024.2,0.0
ENSG00000264026.3,0.0
ENSG00000264028.2,0.0
ENSG00000264029.1,0.0
ENSG00000264030.2,0.0
ENSG00000264031.1,0.0
ENSG00000264032.1,0.0
ENSG00000264036.2,0.0
ENSG00000264037.1,0.0
ENSG00000264040.1,0.0
ENSG00000264041.2,0.0
ENSG00000264044.2,0.0
ENSG00000264047.2,4.180012
ENSG00000264049.1,0.0
ENSG00000264050.1,0.0
ENSG00000264054.1,0.0
ENSG00000264056.1,0.0
ENSG00000264057.2,0.0
ENSG00000264058.2,0.0
ENSG00000264060.1,0.0
ENSG00000264061.1,0.0
ENSG00000264064.2,0.0
ENSG00000264066.8,0.0
ENSG00000264069.3,0.0
ENSG00000264070.1,0.0
ENSG00000264071.2,0.0
ENSG00000264073.1,0.0
ENSG00000264075.1,0.0
ENSG00000264083.1,0.598828
ENSG00000264084.1,0.0
ENSG00000264089.1,0.0
ENSG00000264090.1,0.0
ENSG00000264092.2,0.0
ENSG00000264093.1,0.0
ENSG00000264099.1,0.0
ENSG00000264101.1,0.0
ENSG00000264102.1,0.0
ENSG00000264104.1,0.0
ENSG00000264105.1,0.0
ENSG00000264107.2,0.0
ENSG00000264108.1,0.0
ENSG00000264110.1,0.0
ENSG00000264112.2,11.112484
ENSG00000264113.2,0.0
ENSG00000264115.1,0.0
ENSG00000264116.7,0.115049
ENSG00000264119.1,0.0
ENSG00000264125.1,0.0
ENSG00000264127.1,0.0
ENSG00000264128.2,0.0
ENSG00000264131.1,0.0
ENSG00000264136.1,0.0
ENSG00000264138.1,0.0
ENSG00000264139.1,0.0
ENSG00000264141.1,0.0
ENSG00000264145.2,0.0
ENSG00000264148.1,0.0
ENSG00000264149.1,0.0
ENSG00000264150.1,0.0
ENSG00000264151.7,0.0
ENSG00000264157.3,0.0
ENSG00000264158.1,0.0
ENSG00000264160.1,0.0
ENSG00000264163.1,0.0
ENSG00000264164.2,0.0
ENSG00000264167.1,0.0
ENSG00000264168.2,0.0
ENSG00000264169.2,0.0
ENSG00000264171.1,0.0
ENSG00000264172.1,0.0
ENSG00000264174.1,0.0
ENSG00000264175.1,0.0
ENSG00000264176.2,0.0
ENSG00000264177.1,0.0
ENSG00000264179.1,0.0
ENSG00000264186.1,0.0
ENSG00000264187.1,0.0
ENSG00000264188.1,1.465399
ENSG00000264189.1,0.0
ENSG00000264192.1,0.0
ENSG00000264193.1,0.0
ENSG00000264196.1,0.0
ENSG00000264200.1,0.0
ENSG00000264201.1,0.0
ENSG00000264204.2,0.0
ENSG00000264207.1,2.346476
ENSG00000264210.1,0.0
ENSG00000264211.1,0.0
ENSG00000264215.1,0.0
ENSG00000264217.2,0.0
ENSG00000264218.1,0.0
ENSG00000264226.1,0.0
ENSG00000264229.2,0.0
ENSG00000264230.9,0.0
ENSG00000264232.2,0.0
ENSG00000264233.1,0.0
ENSG00000264235.7,0.0
ENSG00000264236.1,0.0
ENSG00000264240.1,0.0
ENSG00000264243.1,0.0
ENSG00000264245.1,0.0
ENSG00000264246.1,0.0
ENSG00000264247.3,2.7417439999999997
ENSG00000264249.1,0.0
ENSG00000264250.2,0.0
ENSG00000264251.2,0.0
ENSG00000264254.1,0.0
ENSG00000264257.1,0.0
ENSG00000264259.1,0.0
ENSG00000264260.3,0.0
ENSG00000264262.2,0.0
ENSG00000264265.2,0.0
ENSG00000264266.1,0.0
ENSG00000264268.1,0.0
ENSG00000264269.2,0.0
ENSG00000264270.1,0.0
ENSG00000264271.2,0.0
ENSG00000264272.1,0.0
ENSG00000264273.1,0.0
ENSG00000264274.1,0.0
ENSG00000264275.1,0.0
ENSG00000264278.2,7.697407999999999
ENSG00000264279.1,0.0
ENSG00000264281.3,0.0
ENSG00000264289.1,0.0
ENSG00000264290.1,0.0
ENSG00000264292.1,0.0
ENSG00000264293.2,0.0
ENSG00000264294.1,0.0
ENSG00000264295.1,0.0
ENSG00000264296.1,0.0
ENSG00000264297.2,0.0
ENSG00000264300.2,0.0
ENSG00000264301.2,0.0
ENSG00000264304.1,0.0
ENSG00000264309.1,0.0
ENSG00000264311.1,0.0
ENSG00000264313.2,0.0
ENSG00000264314.1,0.0
ENSG00000264315.1,0.0
ENSG00000264316.1,0.0
ENSG00000264317.2,0.0
ENSG00000264319.1,0.0
ENSG00000264322.2,1.902996
ENSG00000264324.1,0.0
ENSG00000264330.1,0.0
ENSG00000264339.1,0.0
ENSG00000264340.1,0.0
ENSG00000264341.1,0.0
ENSG00000264342.3,0.0
ENSG00000264343.7,10.299407
ENSG00000264345.3,0.0
ENSG00000264346.1,0.0
ENSG00000264349.1,0.0
ENSG00000264350.1,0.0
ENSG00000264352.2,0.0
ENSG00000264354.1,0.0
ENSG00000264357.1,0.0
ENSG00000264358.1,0.0
ENSG00000264359.1,0.0
ENSG00000264364.3,7.479397
ENSG00000264365.1,0.0
ENSG00000264370.1,0.0
ENSG00000264371.1,0.0
ENSG00000264373.1,0.0
ENSG00000264377.1,0.0
ENSG00000264379.1,0.0
ENSG00000264384.2,0.0
ENSG00000264386.1,0.0
ENSG00000264387.1,0.0
ENSG00000264388.1,0.0
ENSG00000264389.1,0.0
ENSG00000264390.1,0.0
ENSG00000264391.2,0.0
ENSG00000264395.1,0.0
ENSG00000264397.1,0.0
ENSG00000264399.1,0.0
ENSG00000264400.2,0.0
ENSG00000264402.1,0.0
ENSG00000264404.4,0.0
ENSG00000264405.1,0.0
ENSG00000264406.1,0.0
ENSG00000264408.1,0.0
ENSG00000264419.1,0.0
ENSG00000264422.2,0.0
ENSG00000264423.2,0.0
ENSG00000264424.1,0.0
ENSG00000264425.1,0.0
ENSG00000264426.1,0.0
ENSG00000264429.1,0.0
ENSG00000264431.1,0.0
ENSG00000264434.2,0.0
ENSG00000264435.1,0.0
ENSG00000264438.2,0.0
ENSG00000264444.1,0.0
ENSG00000264448.5,0.0
ENSG00000264449.6,0.0
ENSG00000264451.1,0.0
ENSG00000264452.1,0.0
ENSG00000264456.1,1.967305
ENSG00000264458.2,0.0
ENSG00000264464.2,0.111249
ENSG00000264468.1,0.0
ENSG00000264470.1,0.0
ENSG00000264472.4,0.0
ENSG00000264474.1,0.0
ENSG00000264475.1,0.0
ENSG00000264477.1,0.0
ENSG00000264480.1,0.0
ENSG00000264482.1,0.0
ENSG00000264483.1,0.0
ENSG00000264484.2,0.0
ENSG00000264486.1,0.0
ENSG00000264488.2,0.0
ENSG00000264490.3,0.0
ENSG00000264491.1,0.0
ENSG00000264493.1,0.0
ENSG00000264497.1,0.0
ENSG00000264500.1,0.0
ENSG00000264501.2,6.583417
ENSG00000264503.1,0.0
ENSG00000264511.1,0.0
ENSG00000264512.2,0.0
ENSG00000264513.1,0.0
ENSG00000264514.1,0.0
ENSG00000264515.8,0.0
ENSG00000264519.2,0.0
ENSG00000264520.1,0.0
ENSG00000264522.6,0.305558
ENSG00000264525.1,0.0
ENSG00000264529.1,0.0
ENSG00000264530.2,0.0
ENSG00000264534.3,0.0
ENSG00000264536.1,0.0
ENSG00000264538.8,0.0
ENSG00000264539.1,0.0
ENSG00000264540.2,0.0
ENSG00000264545.2,0.0
ENSG00000264546.1,0.0
ENSG00000264548.1,0.102148
ENSG00000264549.1,0.0
ENSG00000264553.1,0.0
ENSG00000264554.2,0.0
ENSG00000264558.1,0.0
ENSG00000264559.1,0.0
ENSG00000264563.1,0.0
ENSG00000264564.1,0.0
ENSG00000264566.3,0.0
ENSG00000264569.3,0.0
ENSG00000264570.1,0.0
ENSG00000264571.1,0.0
ENSG00000264572.1,0.0
ENSG00000264573.2,0.0
ENSG00000264574.1,0.0
ENSG00000264575.2,1.4371969999999998
ENSG00000264577.1,0.0
ENSG00000264578.1,0.0
ENSG00000264580.1,0.0
ENSG00000264582.2,0.0
ENSG00000264583.1,0.0
ENSG00000264585.1,0.0
ENSG00000264587.5,0.0
ENSG00000264589.6,0.064596
ENSG00000264592.2,0.0
ENSG00000264595.1,0.0
ENSG00000264596.1,0.0
ENSG00000264598.1,0.0
ENSG00000264603.1,0.0
ENSG00000264607.1,0.0
ENSG00000264610.1,0.0
ENSG00000264613.2,0.0
ENSG00000264614.1,0.0
ENSG00000264615.2,0.0
ENSG00000264616.1,0.0
ENSG00000264617.1,0.0
ENSG00000264618.2,0.0
ENSG00000264619.6,0.0
ENSG00000264621.1,0.0
ENSG00000264622.1,0.0
ENSG00000264623.3,0.0
ENSG00000264630.5,0.0
ENSG00000264633.1,0.0
ENSG00000264634.1,0.0
ENSG00000264635.1,0.0
ENSG00000264638.1,0.0
ENSG00000264640.1,0.0
ENSG00000264643.1,0.0
ENSG00000264644.1,0.0
ENSG00000264646.1,0.0
ENSG00000264647.1,0.0
ENSG00000264653.1,0.0
ENSG00000264655.1,0.0
ENSG00000264657.1,0.0
ENSG00000264658.1,0.0
ENSG00000264659.2,0.769602
ENSG00000264661.3,0.0
ENSG00000264662.1,0.0
ENSG00000264663.1,0.0
ENSG00000264666.4,1.641964
ENSG00000264668.2,0.0
ENSG00000264672.7,0.884094
ENSG00000264673.1,0.0
ENSG00000264675.1,0.0
ENSG00000264676.2,0.0
ENSG00000264678.1,0.0
ENSG00000264684.1,0.0
ENSG00000264685.1,0.0
ENSG00000264689.1,0.0
ENSG00000264693.1,0.0
ENSG00000264695.1,0.829315
ENSG00000264697.1,0.0
ENSG00000264698.1,0.0
ENSG00000264699.3,0.0
ENSG00000264701.2,0.0
ENSG00000264703.1,0.0
ENSG00000264705.1,0.0
ENSG00000264706.2,0.0
ENSG00000264707.1,0.0
ENSG00000264712.3,0.0
ENSG00000264714.2,0.0
ENSG00000264717.6,0.0
ENSG00000264720.3,0.0
ENSG00000264725.1,0.0
ENSG00000264727.1,0.0
ENSG00000264729.1,0.0
ENSG00000264732.1,0.0
ENSG00000264733.1,0.0
ENSG00000264734.2,0.0
ENSG00000264735.1,0.0
ENSG00000264736.1,0.0
ENSG00000264737.1,0.0
ENSG00000264739.1,0.0
ENSG00000264741.1,0.0
ENSG00000264743.2,0.590891
ENSG00000264744.1,0.0
ENSG00000264745.2,2.549956
ENSG00000264747.1,0.0
ENSG00000264750.1,0.0
ENSG00000264754.1,0.0
ENSG00000264755.1,0.0
ENSG00000264757.1,0.0
ENSG00000264760.1,0.0
ENSG00000264763.1,0.0
ENSG00000264764.1,0.0
ENSG00000264765.1,0.0
ENSG00000264767.2,0.0
ENSG00000264769.1,0.0
ENSG00000264772.6,1.425346
ENSG00000264773.1,0.0
ENSG00000264775.1,0.0
ENSG00000264781.1,22.471596
ENSG00000264785.1,0.0
ENSG00000264788.1,0.0
ENSG00000264791.2,0.0
ENSG00000264792.1,0.0
ENSG00000264793.1,0.0
ENSG00000264796.1,0.0
ENSG00000264800.1,0.0
ENSG00000264801.1,0.0
ENSG00000264802.1,0.0
ENSG00000264803.1,0.0
ENSG00000264808.3,2.524993
ENSG00000264809.2,0.0
ENSG00000264810.1,0.0
ENSG00000264812.1,0.0
ENSG00000264813.6,0.0
ENSG00000264814.1,0.0
ENSG00000264823.3,0.0
ENSG00000264824.1,0.0
ENSG00000264825.1,0.0
ENSG00000264829.1,0.0
ENSG00000264833.1,0.0
ENSG00000264834.1,0.0
ENSG00000264837.1,0.0
ENSG00000264840.1,0.0
ENSG00000264843.1,0.0
ENSG00000264845.3,0.0
ENSG00000264847.1,0.0
ENSG00000264850.1,0.0
ENSG00000264853.1,0.085556
ENSG00000264857.1,0.0
ENSG00000264859.7,0.0
ENSG00000264860.1,0.0
ENSG00000264862.2,0.0
ENSG00000264864.1,0.0
ENSG00000264869.2,0.0
ENSG00000264874.1,0.0
ENSG00000264876.3,0.0
ENSG00000264879.2,0.0
ENSG00000264880.1,0.0
ENSG00000264881.1,0.0
ENSG00000264892.1,0.0
ENSG00000264895.1,0.0
ENSG00000264897.1,0.0
ENSG00000264901.1,0.0
ENSG00000264906.1,0.0
ENSG00000264907.1,0.0
ENSG00000264909.1,0.0
ENSG00000264910.2,0.0
ENSG00000264911.1,0.0
ENSG00000264914.2,0.0
ENSG00000264916.2,0.0
ENSG00000264922.1,0.0
ENSG00000264924.1,0.0
ENSG00000264926.1,0.0
ENSG00000264930.1,0.0
ENSG00000264931.1,0.0
ENSG00000264932.3,0.0
ENSG00000264933.2,0.0
ENSG00000264934.1,0.0
ENSG00000264937.1,0.0
ENSG00000264940.5,0.0
ENSG00000264941.1,0.0
ENSG00000264943.1,0.0
ENSG00000264947.1,0.0
ENSG00000264954.3,0.0
ENSG00000264956.3,0.0
ENSG00000264958.2,0.0
ENSG00000264961.1,0.0
ENSG00000264963.2,0.0
ENSG00000264964.3,0.855419
ENSG00000264966.1,0.0
ENSG00000264968.2,0.0
ENSG00000264970.3,0.0
ENSG00000264971.1,0.0
ENSG00000264974.1,0.0
ENSG00000264975.1,0.0
ENSG00000264978.2,0.0
ENSG00000264979.1,0.0
ENSG00000264982.1,0.0
ENSG00000264984.1,0.0
ENSG00000264985.4,0.0
ENSG00000264986.1,0.0
ENSG00000264990.1,0.0
ENSG00000264994.1,0.0
ENSG00000264997.1,0.0
ENSG00000264998.1,0.0
ENSG00000264999.1,0.0
ENSG00000265000.2,0.0
ENSG00000265003.1,0.0
ENSG00000265005.1,0.0
ENSG00000265007.1,0.0
ENSG00000265008.1,0.0
ENSG00000265010.1,0.0
ENSG00000265014.1,0.0
ENSG00000265015.2,0.0
ENSG00000265018.7,0.218757
ENSG00000265019.1,0.0
ENSG00000265028.1,0.0
ENSG00000265031.1,0.0
ENSG00000265033.2,0.0
ENSG00000265038.1,0.0
ENSG00000265041.1,0.0
ENSG00000265043.1,0.0
ENSG00000265046.1,0.0
ENSG00000265052.2,0.0
ENSG00000265055.3,0.0
ENSG00000265056.1,0.0
ENSG00000265057.1,0.0
ENSG00000265059.1,0.0
ENSG00000265060.3,0.0
ENSG00000265061.1,0.0
ENSG00000265064.1,0.0
ENSG00000265069.1,0.0
ENSG00000265073.1,0.0
ENSG00000265074.1,0.0
ENSG00000265075.1,0.0
ENSG00000265078.2,0.0
ENSG00000265083.1,0.0
ENSG00000265089.1,0.0
ENSG00000265092.1,0.0
ENSG00000265093.2,0.0
ENSG00000265094.1,0.0
ENSG00000265095.1,0.0
ENSG00000265096.4,0.0
ENSG00000265097.1,0.0
ENSG00000265098.3,0.0
ENSG00000265099.1,0.0
ENSG00000265100.3,0.0
ENSG00000265101.1,0.0
ENSG00000265102.1,0.0
ENSG00000265107.3,0.0
ENSG00000265110.1,0.0
ENSG00000265112.1,0.0
ENSG00000265113.1,0.0
ENSG00000265115.1,0.0
ENSG00000265118.5,2.894798
ENSG00000265121.1,0.0
ENSG00000265123.2,0.0
ENSG00000265125.6,0.0
ENSG00000265126.2,0.0
ENSG00000265128.2,0.0
ENSG00000265134.1,0.0
ENSG00000265135.1,0.0
ENSG00000265136.1,0.0
ENSG00000265137.3,0.0
ENSG00000265139.1,0.0
ENSG00000265140.1,0.0
ENSG00000265141.2,0.0
ENSG00000265142.9,0.0
ENSG00000265144.1,0.0
ENSG00000265145.1,0.0
ENSG00000265148.8,26.20746
ENSG00000265154.1,0.0
ENSG00000265158.3,0.0
ENSG00000265160.1,0.0
ENSG00000265163.2,0.0
ENSG00000265164.1,0.0
ENSG00000265165.1,0.0
ENSG00000265168.1,0.0
ENSG00000265170.2,0.0
ENSG00000265172.1,0.0
ENSG00000265176.1,0.0
ENSG00000265178.1,0.0
ENSG00000265179.10,0.0
ENSG00000265180.1,0.0
ENSG00000265181.1,0.0
ENSG00000265182.1,0.0
ENSG00000265185.6,0.0
ENSG00000265188.1,0.0
ENSG00000265190.7,0.0
ENSG00000265193.1,0.0
ENSG00000265194.1,0.0
ENSG00000265195.1,0.0
ENSG00000265201.1,0.0
ENSG00000265203.2,0.0
ENSG00000265204.1,0.0
ENSG00000265205.1,0.0
ENSG00000265206.7,143.819242
ENSG00000265210.1,0.0
ENSG00000265213.1,0.0
ENSG00000265215.1,0.0
ENSG00000265217.3,0.0
ENSG00000265218.2,0.184832
ENSG00000265222.2,0.0
ENSG00000265223.1,0.0
ENSG00000265226.1,0.0
ENSG00000265227.1,0.0
ENSG00000265233.1,0.0
ENSG00000265236.1,0.0
ENSG00000265237.1,0.0
ENSG00000265240.1,0.0
ENSG00000265241.8,41.49109
ENSG00000265243.1,0.0
ENSG00000265246.2,0.0
ENSG00000265247.1,0.0
ENSG00000265251.1,0.0
ENSG00000265252.1,0.0
ENSG00000265253.1,0.0
ENSG00000265254.2,0.0
ENSG00000265257.5,0.0
ENSG00000265258.1,0.0
ENSG00000265260.2,0.0
ENSG00000265261.1,0.0
ENSG00000265262.1,0.0
ENSG00000265265.1,0.0
ENSG00000265272.2,0.0
ENSG00000265273.1,0.0
ENSG00000265279.1,0.0
ENSG00000265281.1,0.0
ENSG00000265282.2,0.0
ENSG00000265284.1,0.0
ENSG00000265287.2,0.0
ENSG00000265289.1,0.0
ENSG00000265291.1,0.0
ENSG00000265293.2,0.0
ENSG00000265296.1,0.0
ENSG00000265298.1,0.0
ENSG00000265301.1,0.0
ENSG00000265303.1,0.0
ENSG00000265304.1,0.0
ENSG00000265306.1,0.0
ENSG00000265313.9,0.0
ENSG00000265316.1,0.0
ENSG00000265319.2,0.0
ENSG00000265321.1,0.0
ENSG00000265322.1,0.0
ENSG00000265327.2,0.0
ENSG00000265328.1,0.0
ENSG00000265331.1,0.0
ENSG00000265333.1,0.0
ENSG00000265334.1,0.0
ENSG00000265337.1,0.0
ENSG00000265340.1,0.0
ENSG00000265342.2,0.0
ENSG00000265345.1,0.0
ENSG00000265347.1,0.0
ENSG00000265349.1,0.0
ENSG00000265352.2,0.0
ENSG00000265354.4,23.831118
ENSG00000265355.1,0.0
ENSG00000265356.2,0.0
ENSG00000265357.1,0.0
ENSG00000265359.2,0.0
ENSG00000265366.7,0.0
ENSG00000265368.1,0.0
ENSG00000265369.4,0.0
ENSG00000265370.1,0.0
ENSG00000265372.1,0.0
ENSG00000265373.2,0.0
ENSG00000265374.2,0.156532
ENSG00000265375.1,0.0
ENSG00000265376.1,0.0
ENSG00000265378.1,0.0
ENSG00000265380.2,0.0
ENSG00000265386.2,0.0
ENSG00000265388.2,0.0
ENSG00000265390.1,0.0
ENSG00000265392.1,0.0
ENSG00000265393.1,0.0
ENSG00000265394.2,0.0
ENSG00000265395.1,0.0
ENSG00000265396.1,0.0
ENSG00000265399.1,0.14077
ENSG00000265400.1,0.0
ENSG00000265401.3,6.598698
ENSG00000265402.1,0.0
ENSG00000265407.1,0.0
ENSG00000265408.1,0.0
ENSG00000265411.1,0.0
ENSG00000265413.1,0.209397
ENSG00000265415.1,0.0
ENSG00000265417.1,0.0
ENSG00000265418.1,0.0
ENSG00000265420.1,0.0
ENSG00000265421.1,0.0
ENSG00000265422.1,0.0
ENSG00000265423.1,0.0
ENSG00000265425.1,0.0
ENSG00000265428.1,0.0
ENSG00000265429.3,0.0
ENSG00000265432.1,0.0
ENSG00000265433.1,0.0
ENSG00000265435.1,0.0
ENSG00000265437.1,0.0
ENSG00000265439.2,1.863903
ENSG00000265442.1,0.0
ENSG00000265443.1,0.0
ENSG00000265444.1,0.0
ENSG00000265445.2,0.0
ENSG00000265450.1,0.0
ENSG00000265451.2,0.65316
ENSG00000265452.1,0.0
ENSG00000265453.1,0.0
ENSG00000265456.1,0.0
ENSG00000265458.4,4.704982
ENSG00000265460.8,0.0
ENSG00000265462.1,0.0
ENSG00000265465.1,0.0
ENSG00000265469.1,0.0
ENSG00000265470.1,0.0
ENSG00000265472.1,0.0
ENSG00000265474.1,0.0
ENSG00000265477.1,0.0
ENSG00000265478.2,0.0
ENSG00000265479.8,2.791885
ENSG00000265480.7,0.0
ENSG00000265483.1,0.0
ENSG00000265484.3,0.0
ENSG00000265485.9,0.0
ENSG00000265486.2,0.0
ENSG00000265487.1,0.0
ENSG00000265489.1,0.063744
ENSG00000265490.2,0.0
ENSG00000265491.5,3.118143
ENSG00000265494.1,0.124177
ENSG00000265495.1,0.0
ENSG00000265496.5,0.0
ENSG00000265499.1,0.0
ENSG00000265503.1,0.0
ENSG00000265507.1,0.0
ENSG00000265509.1,0.0
ENSG00000265510.1,0.0
ENSG00000265511.1,0.0
ENSG00000265514.2,0.240558
ENSG00000265519.1,0.0
ENSG00000265520.1,0.0
ENSG00000265521.1,0.0
ENSG00000265526.1,0.0
ENSG00000265527.1,0.0
ENSG00000265531.3,0.0
ENSG00000265533.2,0.0
ENSG00000265535.2,0.0
ENSG00000265537.1,0.0
ENSG00000265538.1,0.0
ENSG00000265539.1,0.0
ENSG00000265541.1,0.0
ENSG00000265542.6,0.0
ENSG00000265544.2,0.0
ENSG00000265545.1,0.0
ENSG00000265547.2,0.0
ENSG00000265552.2,0.0
ENSG00000265554.4,0.0
ENSG00000265555.1,0.0
ENSG00000265558.1,0.0
ENSG00000265559.2,0.0
ENSG00000265561.2,0.0
ENSG00000265564.1,0.0
ENSG00000265565.1,0.0
ENSG00000265566.2,4.231922
ENSG00000265574.1,0.0
ENSG00000265579.1,0.0
ENSG00000265584.1,0.0
ENSG00000265588.1,0.0
ENSG00000265590.10,3.377824
ENSG00000265593.1,0.0
ENSG00000265595.1,0.0
ENSG00000265596.1,0.0
ENSG00000265598.1,0.0
ENSG00000265599.1,0.0
ENSG00000265602.1,0.0
ENSG00000265606.1,0.0
ENSG00000265612.1,0.0
ENSG00000265614.1,0.0
ENSG00000265617.1,0.0
ENSG00000265618.1,0.0
ENSG00000265623.1,0.0
ENSG00000265625.1,0.516919
ENSG00000265626.1,0.0
ENSG00000265630.2,0.0
ENSG00000265631.1,0.0
ENSG00000265633.1,0.0
ENSG00000265635.1,0.0
ENSG00000265639.1,0.0
ENSG00000265641.1,0.0
ENSG00000265643.1,0.0
ENSG00000265644.2,0.0
ENSG00000265646.2,0.0
ENSG00000265648.2,0.0
ENSG00000265653.1,0.0
ENSG00000265656.1,0.0
ENSG00000265657.1,0.0
ENSG00000265658.6,0.0
ENSG00000265660.1,0.0
ENSG00000265664.1,0.0
ENSG00000265666.1,9.458515
ENSG00000265669.1,0.0
ENSG00000265670.1,0.0
ENSG00000265673.1,0.0
ENSG00000265675.2,0.0
ENSG00000265678.1,0.0
ENSG00000265681.8,121.29909699999999
ENSG00000265682.1,0.0
ENSG00000265683.1,0.830882
ENSG00000265684.2,0.0
ENSG00000265688.2,0.0
ENSG00000265689.1,0.0
ENSG00000265690.7,0.0
ENSG00000265691.1,0.0
ENSG00000265692.1,0.0
ENSG00000265693.1,0.0
ENSG00000265694.1,0.0
ENSG00000265697.1,0.0
ENSG00000265698.1,0.0
ENSG00000265699.1,0.0
ENSG00000265702.3,0.0
ENSG00000265706.1,0.0
ENSG00000265712.1,0.0
ENSG00000265713.1,0.0
ENSG00000265719.1,0.0
ENSG00000265724.1,0.0
ENSG00000265725.1,0.0
ENSG00000265727.2,1.826099
ENSG00000265728.1,0.335246
ENSG00000265733.1,0.0
ENSG00000265734.1,0.0
ENSG00000265735.2,0.0
ENSG00000265737.1,0.0
ENSG00000265739.1,0.0
ENSG00000265740.2,0.0
ENSG00000265743.1,0.0
ENSG00000265744.1,0.0
ENSG00000265745.2,0.0
ENSG00000265746.1,0.0
ENSG00000265749.7,0.0
ENSG00000265750.1,0.0
ENSG00000265751.2,0.0
ENSG00000265752.4,0.43474899999999994
ENSG00000265753.2,0.0
ENSG00000265758.2,1.069028
ENSG00000265763.4,0.0
ENSG00000265766.4,0.0
ENSG00000265768.1,0.0
ENSG00000265775.1,0.0
ENSG00000265777.2,0.0
ENSG00000265778.5,1.846638
ENSG00000265781.1,0.0
ENSG00000265784.1,0.0
ENSG00000265786.1,0.0
ENSG00000265787.3,0.0
ENSG00000265788.3,0.0
ENSG00000265789.1,0.0
ENSG00000265790.1,0.0
ENSG00000265791.1,0.0
ENSG00000265794.5,0.0
ENSG00000265798.7,0.0
ENSG00000265799.2,0.0
ENSG00000265800.1,0.0
ENSG00000265801.1,0.0
ENSG00000265802.2,0.0
ENSG00000265806.1,0.0
ENSG00000265808.4,10.313132000000001
ENSG00000265810.1,0.0
ENSG00000265813.2,0.0
ENSG00000265814.2,0.0
ENSG00000265815.1,0.0
ENSG00000265817.4,0.042753
ENSG00000265818.1,0.0
ENSG00000265820.1,0.0
ENSG00000265822.1,0.0
ENSG00000265828.1,0.0
ENSG00000265829.1,0.0
ENSG00000265831.1,0.0
ENSG00000265833.1,0.0
ENSG00000265836.1,0.0
ENSG00000265840.1,0.0
ENSG00000265841.1,0.0
ENSG00000265843.4,0.0
ENSG00000265844.2,0.0
ENSG00000265845.3,0.0
ENSG00000265846.1,0.0
ENSG00000265847.1,0.0
ENSG00000265848.1,0.0
ENSG00000265850.1,0.0
ENSG00000265853.1,0.0
ENSG00000265855.1,0.0
ENSG00000265859.1,0.0
ENSG00000265861.1,0.0
ENSG00000265863.1,0.0
ENSG00000265867.1,0.0
ENSG00000265871.1,0.0
ENSG00000265872.1,0.0
ENSG00000265873.1,0.0
ENSG00000265874.1,0.0
ENSG00000265878.2,0.0
ENSG00000265879.1,0.0
ENSG00000265881.1,0.0
ENSG00000265882.2,0.0
ENSG00000265883.1,0.0
ENSG00000265885.2,0.0
ENSG00000265888.5,0.0
ENSG00000265889.1,0.0
ENSG00000265892.2,0.0
ENSG00000265894.2,0.0
ENSG00000265897.2,0.0
ENSG00000265902.1,0.0
ENSG00000265903.1,0.0
ENSG00000265905.2,0.0
ENSG00000265907.2,0.137674
ENSG00000265908.1,0.0
ENSG00000265912.1,0.0
ENSG00000265916.1,0.0
ENSG00000265917.1,0.0
ENSG00000265918.2,0.0
ENSG00000265919.1,0.0
ENSG00000265924.1,0.0
ENSG00000265927.1,0.0
ENSG00000265929.1,0.0
ENSG00000265932.1,0.0
ENSG00000265933.6,0.0
ENSG00000265934.1,0.0
ENSG00000265935.2,0.0
ENSG00000265936.1,0.0
ENSG00000265939.1,0.0
ENSG00000265942.2,0.0
ENSG00000265944.2,0.0
ENSG00000265946.1,0.0
ENSG00000265948.1,0.0
ENSG00000265954.1,0.0
ENSG00000265956.1,0.0
ENSG00000265957.1,0.0
ENSG00000265961.1,0.0
ENSG00000265962.3,0.0
ENSG00000265965.1,0.0
ENSG00000265967.1,0.0
ENSG00000265971.1,0.0
ENSG00000265972.6,1447.122396
ENSG00000265973.1,0.0
ENSG00000265976.1,0.0
ENSG00000265980.1,0.0
ENSG00000265981.1,0.0
ENSG00000265982.1,0.0
ENSG00000265983.1,0.0
ENSG00000265984.2,0.0
ENSG00000265986.1,0.0
ENSG00000265987.1,0.0
ENSG00000265991.1,0.0
ENSG00000265992.2,0.470771
ENSG00000265993.1,0.0
ENSG00000265994.3,0.0
ENSG00000265995.1,0.0
ENSG00000265996.1,0.0
ENSG00000266003.1,0.0
ENSG00000266004.1,0.0
ENSG00000266006.1,0.0
ENSG00000266009.1,0.0
ENSG00000266010.5,0.0
ENSG00000266012.1,0.0
ENSG00000266013.2,0.0
ENSG00000266014.3,0.0
ENSG00000266015.1,0.0
ENSG00000266016.3,0.0
ENSG00000266017.1,0.0
ENSG00000266019.1,0.0
ENSG00000266027.8,0.0
ENSG00000266028.8,29.548724
ENSG00000266036.2,0.0
ENSG00000266038.1,0.0
ENSG00000266041.1,0.0
ENSG00000266042.1,0.0
ENSG00000266043.1,0.0
ENSG00000266048.1,0.0
ENSG00000266049.1,0.0
ENSG00000266050.3,0.0
ENSG00000266052.1,0.0
ENSG00000266053.4,1.9128949999999998
ENSG00000266059.2,0.0
ENSG00000266065.1,0.0
ENSG00000266066.1,0.064745
ENSG00000266071.1,0.0
ENSG00000266072.1,0.0
ENSG00000266074.11,1.0089320000000002
ENSG00000266075.2,0.0
ENSG00000266076.1,0.0
ENSG00000266078.1,0.0
ENSG00000266079.5,0.448996
ENSG00000266081.1,0.0
ENSG00000266086.3,4.310961
ENSG00000266088.7,4.858346
ENSG00000266094.8,157.538187
ENSG00000266097.1,0.0
ENSG00000266099.1,0.0
ENSG00000266100.1,0.0
ENSG00000266101.2,0.0
ENSG00000266102.1,0.0
ENSG00000266104.1,0.0
ENSG00000266105.1,0.0
ENSG00000266106.1,0.0
ENSG00000266107.1,0.0
ENSG00000266109.1,47.616239
ENSG00000266110.1,0.0
ENSG00000266111.2,0.0
ENSG00000266114.1,0.0
ENSG00000266117.1,0.0
ENSG00000266120.2,0.0
ENSG00000266124.1,0.0
ENSG00000266126.1,1.242946
ENSG00000266127.1,0.0
ENSG00000266128.2,0.0
ENSG00000266129.1,0.0
ENSG00000266133.1,0.0
ENSG00000266139.2,0.0
ENSG00000266140.1,0.0
ENSG00000266144.1,0.0
ENSG00000266145.1,0.0
ENSG00000266146.1,0.0
ENSG00000266148.1,0.0
ENSG00000266149.2,0.0
ENSG00000266150.1,0.0
ENSG00000266151.1,0.0
ENSG00000266153.1,0.0
ENSG00000266155.2,0.0
ENSG00000266158.2,0.0
ENSG00000266160.2,0.0
ENSG00000266162.1,0.0
ENSG00000266166.2,0.0
ENSG00000266168.1,0.0
ENSG00000266171.1,0.0
ENSG00000266173.7,52.228623
ENSG00000266174.1,0.0
ENSG00000266178.1,0.0
ENSG00000266179.2,0.0
ENSG00000266180.1,0.0
ENSG00000266181.1,0.0
ENSG00000266184.1,0.0
ENSG00000266185.2,0.0
ENSG00000266187.2,0.0
ENSG00000266188.1,0.0
ENSG00000266189.1,0.0
ENSG00000266190.1,0.0
ENSG00000266191.2,0.0
ENSG00000266192.3,0.0
ENSG00000266194.1,0.0
ENSG00000266195.2,0.0
ENSG00000266196.2,0.0
ENSG00000266200.8,0.0
ENSG00000266201.1,0.0
ENSG00000266202.1,0.0
ENSG00000266203.1,0.0
ENSG00000266204.1,0.0
ENSG00000266206.1,0.0
ENSG00000266208.2,2.220924
ENSG00000266210.2,0.0
ENSG00000266211.1,0.0
ENSG00000266213.1,0.0
ENSG00000266215.1,0.0
ENSG00000266217.2,0.0
ENSG00000266222.1,0.0
ENSG00000266226.1,0.0
ENSG00000266227.1,0.0
ENSG00000266228.1,0.0
ENSG00000266232.1,0.0
ENSG00000266235.1,0.0
ENSG00000266236.1,2.696435
ENSG00000266237.1,0.0
ENSG00000266240.1,0.0
ENSG00000266242.1,0.0
ENSG00000266243.1,0.0
ENSG00000266245.1,0.0
ENSG00000266251.1,0.0
ENSG00000266255.1,0.0
ENSG00000266256.4,2.677875
ENSG00000266258.2,0.0
ENSG00000266261.1,0.0
ENSG00000266262.1,0.0
ENSG00000266263.1,0.0
ENSG00000266265.4,0.0
ENSG00000266268.6,0.0
ENSG00000266270.1,0.0
ENSG00000266273.2,0.0
ENSG00000266274.2,0.0
ENSG00000266276.3,0.0
ENSG00000266278.1,0.0
ENSG00000266279.2,0.0
ENSG00000266282.1,0.0
ENSG00000266283.2,0.0
ENSG00000266286.3,0.0
ENSG00000266287.1,0.0
ENSG00000266288.1,0.0
ENSG00000266289.1,0.0
ENSG00000266290.2,0.074714
ENSG00000266296.1,0.0
ENSG00000266297.1,0.0
ENSG00000266299.1,0.0
ENSG00000266302.6,0.0
ENSG00000266304.3,0.0
ENSG00000266305.1,0.0
ENSG00000266306.2,0.0
ENSG00000266307.1,0.0
ENSG00000266308.2,0.0
ENSG00000266311.7,0.0
ENSG00000266312.3,0.0
ENSG00000266313.3,0.0
ENSG00000266315.1,0.0
ENSG00000266317.2,0.0
ENSG00000266318.1,0.0
ENSG00000266320.1,0.0
ENSG00000266321.1,0.0
ENSG00000266324.1,0.0
ENSG00000266325.1,0.0
ENSG00000266327.1,0.0
ENSG00000266328.3,0.0
ENSG00000266329.1,0.0
ENSG00000266335.1,0.0
ENSG00000266338.7,4.1956039999999994
ENSG00000266340.1,24.662848
ENSG00000266341.1,0.0
ENSG00000266354.1,0.0
ENSG00000266356.1,0.0
ENSG00000266357.7,0.0
ENSG00000266364.1,0.0
ENSG00000266365.1,0.0
ENSG00000266368.1,0.0
ENSG00000266369.1,0.0
ENSG00000266370.1,0.0
ENSG00000266371.1,0.085887
ENSG00000266373.1,0.0
ENSG00000266378.1,0.114104
ENSG00000266379.7,0.0
ENSG00000266383.1,0.0
ENSG00000266385.1,0.0
ENSG00000266389.2,6.615119
ENSG00000266392.1,0.0
ENSG00000266396.1,0.0
ENSG00000266397.2,0.0
ENSG00000266401.5,1.41612
ENSG00000266402.6,4.21444
ENSG00000266405.4,0.647477
ENSG00000266407.1,0.0
ENSG00000266412.6,229.295507
ENSG00000266415.1,0.0
ENSG00000266416.1,0.0
ENSG00000266417.1,0.0
ENSG00000266420.2,0.0
ENSG00000266421.3,0.0
ENSG00000266423.1,0.0
ENSG00000266426.1,0.0
ENSG00000266431.1,0.0
ENSG00000266433.7,0.0
ENSG00000266436.1,0.0
ENSG00000266437.1,0.0
ENSG00000266439.2,0.0
ENSG00000266441.2,0.0
ENSG00000266445.1,0.0
ENSG00000266446.1,0.0
ENSG00000266448.1,0.0
ENSG00000266449.1,0.0
ENSG00000266456.1,0.0
ENSG00000266458.1,0.0
ENSG00000266460.1,0.0
ENSG00000266461.1,0.0
ENSG00000266463.1,0.0
ENSG00000266466.1,0.0
ENSG00000266467.2,1.838593
ENSG00000266469.3,0.779913
ENSG00000266470.1,0.0
ENSG00000266472.6,15.236196
ENSG00000266473.2,0.597224
ENSG00000266477.2,0.0
ENSG00000266478.1,0.0
ENSG00000266479.1,0.0
ENSG00000266488.2,0.0
ENSG00000266489.4,0.0
ENSG00000266494.1,0.0
ENSG00000266495.1,0.0
ENSG00000266498.1,0.449904
ENSG00000266501.1,0.0
ENSG00000266502.1,0.0
ENSG00000266503.2,0.0
ENSG00000266504.1,0.0
ENSG00000266505.1,0.0
ENSG00000266507.1,0.0
ENSG00000266508.1,0.0
ENSG00000266509.1,0.0
ENSG00000266513.1,0.0
ENSG00000266514.1,0.0
ENSG00000266515.1,0.0
ENSG00000266517.1,0.0
ENSG00000266518.1,0.0
ENSG00000266520.1,0.0
ENSG00000266521.1,0.0
ENSG00000266522.1,0.0
ENSG00000266524.3,0.089447
ENSG00000266525.1,0.0
ENSG00000266527.1,0.0
ENSG00000266529.1,0.0
ENSG00000266530.1,0.0
ENSG00000266531.1,0.0
ENSG00000266533.1,0.0
ENSG00000266535.2,0.0
ENSG00000266537.1,0.0
ENSG00000266538.1,0.0
ENSG00000266541.1,0.0
ENSG00000266545.1,0.0
ENSG00000266549.1,0.0
ENSG00000266553.2,0.0
ENSG00000266554.3,0.558898
ENSG00000266555.1,0.0
ENSG00000266559.1,0.0
ENSG00000266560.5,0.0
ENSG00000266561.2,0.0
ENSG00000266563.1,0.0
ENSG00000266564.1,0.0
ENSG00000266569.2,0.0
ENSG00000266570.1,0.0
ENSG00000266573.7,0.0
ENSG00000266575.1,0.0
ENSG00000266578.3,0.0
ENSG00000266579.1,0.0
ENSG00000266580.1,0.0
ENSG00000266581.1,0.0
ENSG00000266582.1,0.0
ENSG00000266583.1,0.0
ENSG00000266586.1,0.0
ENSG00000266589.1,0.0
ENSG00000266593.1,0.0
ENSG00000266594.1,0.0
ENSG00000266598.1,0.0
ENSG00000266599.2,0.0
ENSG00000266602.3,0.0
ENSG00000266604.2,0.0
ENSG00000266605.1,0.0
ENSG00000266610.2,0.0
ENSG00000266611.1,0.0
ENSG00000266613.1,0.0
ENSG00000266617.1,0.0
ENSG00000266618.1,0.0
ENSG00000266619.1,0.0
ENSG00000266627.2,0.0
ENSG00000266634.1,0.0
ENSG00000266640.1,0.0
ENSG00000266642.2,0.0
ENSG00000266643.1,0.0
ENSG00000266644.1,0.0
ENSG00000266645.1,0.0
ENSG00000266647.1,0.0
ENSG00000266648.1,0.0
ENSG00000266649.1,0.0
ENSG00000266651.1,0.0
ENSG00000266654.1,0.0
ENSG00000266655.1,0.0
ENSG00000266663.1,0.0
ENSG00000266664.1,0.0
ENSG00000266665.1,0.0
ENSG00000266666.1,0.0
ENSG00000266667.2,0.0
ENSG00000266668.1,0.0
ENSG00000266673.1,0.0
ENSG00000266676.1,0.0
ENSG00000266677.2,0.110917
ENSG00000266680.1,0.0
ENSG00000266690.1,0.0
ENSG00000266691.1,0.0
ENSG00000266692.1,0.0
ENSG00000266693.1,0.0
ENSG00000266696.1,0.0
ENSG00000266698.1,0.0
ENSG00000266703.1,0.0
ENSG00000266704.1,0.0
ENSG00000266705.1,0.0
ENSG00000266707.1,0.0
ENSG00000266708.1,0.0
ENSG00000266709.1,0.152243
ENSG00000266710.2,0.0
ENSG00000266711.1,0.0
ENSG00000266712.3,0.0
ENSG00000266714.11,105.413192
ENSG00000266717.1,0.0
ENSG00000266718.3,0.7000470000000001
ENSG00000266719.1,0.0
ENSG00000266720.2,0.0
ENSG00000266721.1,0.0
ENSG00000266728.5,0.930769
ENSG00000266729.6,0.0
ENSG00000266733.8,0.0
ENSG00000266736.1,0.0
ENSG00000266738.1,0.0
ENSG00000266740.1,0.0
ENSG00000266743.3,0.0
ENSG00000266744.1,0.0
ENSG00000266745.1,0.0
ENSG00000266747.1,0.0
ENSG00000266750.1,0.0
ENSG00000266751.1,0.0
ENSG00000266754.2,1.838593
ENSG00000266756.1,0.0
ENSG00000266760.1,0.0
ENSG00000266761.1,0.0
ENSG00000266765.1,0.0
ENSG00000266767.2,0.0
ENSG00000266770.2,0.0
ENSG00000266771.1,0.0
ENSG00000266774.2,0.0
ENSG00000266775.1,0.0
ENSG00000266776.1,0.0
ENSG00000266777.2,0.0
ENSG00000266782.1,0.0
ENSG00000266783.1,0.259364
ENSG00000266786.1,0.0
ENSG00000266794.2,0.0
ENSG00000266801.1,0.0
ENSG00000266802.1,0.0
ENSG00000266803.1,0.0
ENSG00000266805.1,0.067499
ENSG00000266806.1,0.0
ENSG00000266807.1,0.0
ENSG00000266808.1,0.0
ENSG00000266809.1,0.0
ENSG00000266818.1,0.0
ENSG00000266820.1,5.529709
ENSG00000266821.1,0.32813
ENSG00000266824.2,0.0
ENSG00000266826.3,0.168263
ENSG00000266827.1,0.0
ENSG00000266828.2,0.0
ENSG00000266830.2,0.0
ENSG00000266835.8,1.055697
ENSG00000266839.3,0.0
ENSG00000266840.1,0.0
ENSG00000266841.1,0.0
ENSG00000266844.2,0.0
ENSG00000266846.2,0.0
ENSG00000266850.2,0.516366
ENSG00000266852.2,0.0
ENSG00000266853.1,0.0
ENSG00000266855.1,0.0
ENSG00000266858.1,0.0
ENSG00000266863.2,0.0
ENSG00000266865.9,0.0
ENSG00000266869.3,0.692232
ENSG00000266872.1,0.0
ENSG00000266875.2,0.0
ENSG00000266876.1,0.0
ENSG00000266877.1,0.0
ENSG00000266885.3,0.0
ENSG00000266887.1,0.0
ENSG00000266890.1,0.0
ENSG00000266891.1,0.0
ENSG00000266896.1,0.61829
ENSG00000266897.1,0.0
ENSG00000266899.2,0.0
ENSG00000266900.1,0.0
ENSG00000266901.1,0.0
ENSG00000266903.4,0.0
ENSG00000266904.9,0.0
ENSG00000266905.2,0.0
ENSG00000266906.1,0.0
ENSG00000266907.1,0.112317
ENSG00000266909.1,0.0
ENSG00000266910.2,0.391998
ENSG00000266913.2,0.995634
ENSG00000266915.1,0.0
ENSG00000266916.10,0.748365
ENSG00000266918.1,0.751655
ENSG00000266919.3,0.0
ENSG00000266920.1,0.0
ENSG00000266921.3,0.0
ENSG00000266922.1,0.0
ENSG00000266923.1,0.7335
ENSG00000266924.2,0.0
ENSG00000266925.1,0.0
ENSG00000266928.2,0.0
ENSG00000266929.1,0.0
ENSG00000266931.2,0.0
ENSG00000266932.1,0.0
ENSG00000266933.3,0.337792
ENSG00000266934.1,0.463017
ENSG00000266936.1,0.0
ENSG00000266938.1,0.0
ENSG00000266941.1,0.0
ENSG00000266943.1,0.0
ENSG00000266944.1,0.0
ENSG00000266946.1,0.0
ENSG00000266947.4,3.2080159999999998
ENSG00000266950.1,0.0
ENSG00000266951.2,0.0
ENSG00000266952.2,0.0
ENSG00000266953.6,0.0
ENSG00000266954.1,0.0
ENSG00000266955.1,0.0
ENSG00000266957.1,0.0
ENSG00000266959.1,0.0
ENSG00000266961.1,0.0
ENSG00000266962.4,12.729959
ENSG00000266963.1,0.0
ENSG00000266964.6,2.774813
ENSG00000266965.1,0.0
ENSG00000266967.7,15.864085
ENSG00000266968.2,0.0
ENSG00000266969.2,0.0
ENSG00000266970.4,1.4947270000000001
ENSG00000266971.1,0.0
ENSG00000266973.1,0.0
ENSG00000266975.1,0.0
ENSG00000266976.3,0.678145
ENSG00000266977.3,0.0
ENSG00000266978.2,0.0
ENSG00000266979.2,0.0
ENSG00000266980.1,0.318438
ENSG00000266981.1,0.605333
ENSG00000266983.4,0.0
ENSG00000266984.1,0.0
ENSG00000266985.1,0.0
ENSG00000266987.1,0.0
ENSG00000266988.6,0.0
ENSG00000266989.1,0.0
ENSG00000266990.1,0.0
ENSG00000266992.1,0.0
ENSG00000266993.3,0.0
ENSG00000266994.1,0.0
ENSG00000266995.1,0.0
ENSG00000266997.2,0.0
ENSG00000266998.3,1.022702
ENSG00000267000.1,0.0
ENSG00000267001.1,0.0
ENSG00000267002.5,13.912801
ENSG00000267004.1,0.0
ENSG00000267005.1,0.0
ENSG00000267006.1,0.0
ENSG00000267007.1,0.0
ENSG00000267009.6,0.0
ENSG00000267011.5,0.0
ENSG00000267013.7,0.0
ENSG00000267014.7,0.0
ENSG00000267015.2,0.0
ENSG00000267016.1,0.0
ENSG00000267019.1,0.0
ENSG00000267022.1,0.0
ENSG00000267023.6,0.0
ENSG00000267024.2,0.0
ENSG00000267026.6,0.0
ENSG00000267027.1,0.0
ENSG00000267028.1,0.0
ENSG00000267030.1,0.0
ENSG00000267032.1,0.0
ENSG00000267033.1,0.0
ENSG00000267035.1,0.0
ENSG00000267036.2,0.0
ENSG00000267038.2,0.0
ENSG00000267039.2,0.0
ENSG00000267040.9,7.244034999999999
ENSG00000267041.6,0.269423
ENSG00000267042.2,1.498731
ENSG00000267044.1,0.0
ENSG00000267046.1,0.0
ENSG00000267048.1,0.605333
ENSG00000267049.1,0.0
ENSG00000267051.2,0.0
ENSG00000267052.3,0.0
ENSG00000267053.10,0.10982
ENSG00000267054.1,0.0
ENSG00000267055.1,0.0
ENSG00000267056.2,0.0
ENSG00000267057.7,0.0
ENSG00000267058.1,0.0
ENSG00000267059.2,17.777532
ENSG00000267060.7,0.354506
ENSG00000267061.2,0.0
ENSG00000267062.1,0.0
ENSG00000267063.2,0.0
ENSG00000267064.2,0.0
ENSG00000267065.2,0.0
ENSG00000267066.1,0.0
ENSG00000267069.4,0.0
ENSG00000267072.3,0.0
ENSG00000267073.2,0.0
ENSG00000267074.1,3.044759
ENSG00000267075.1,0.050632
ENSG00000267076.1,0.0
ENSG00000267077.1,0.0
ENSG00000267078.1,0.0
ENSG00000267079.2,0.332783
ENSG00000267080.9,14.796052
ENSG00000267082.3,2.480142
ENSG00000267083.1,0.0
ENSG00000267084.1,0.0
ENSG00000267085.1,0.0
ENSG00000267088.1,0.0
ENSG00000267089.1,0.0
ENSG00000267090.1,0.0
ENSG00000267091.1,0.0
ENSG00000267092.2,0.0
ENSG00000267095.1,0.0
ENSG00000267096.1,0.364369
ENSG00000267097.2,0.0
ENSG00000267098.2,0.0
ENSG00000267099.1,0.0
ENSG00000267100.3,8.506974
ENSG00000267101.8,0.0
ENSG00000267102.1,0.0
ENSG00000267104.3,0.0
ENSG00000267106.10,2.568034
ENSG00000267107.10,0.0
ENSG00000267108.1,0.0
ENSG00000267109.1,0.0
ENSG00000267110.1,0.0
ENSG00000267112.2,0.0
ENSG00000267113.1,0.0
ENSG00000267114.1,0.0
ENSG00000267116.1,0.0
ENSG00000267117.1,0.0
ENSG00000267119.1,0.0
ENSG00000267120.3,6.910586
ENSG00000267121.8,63.890001
ENSG00000267122.1,0.0
ENSG00000267123.7,0.108293
ENSG00000267124.2,1.269191
ENSG00000267125.2,0.0
ENSG00000267127.7,0.0
ENSG00000267128.3,0.231792
ENSG00000267129.1,0.0
ENSG00000267130.2,0.0
ENSG00000267132.1,0.0
ENSG00000267133.3,0.0
ENSG00000267134.4,0.0
ENSG00000267135.2,0.0
ENSG00000267136.1,0.0
ENSG00000267137.1,0.0
ENSG00000267138.1,0.0
ENSG00000267139.1,0.0
ENSG00000267140.1,0.0
ENSG00000267141.1,0.0
ENSG00000267142.1,0.0
ENSG00000267143.1,0.0
ENSG00000267144.2,0.0
ENSG00000267145.1,0.0
ENSG00000267146.1,0.0
ENSG00000267147.4,0.0
ENSG00000267148.1,0.0
ENSG00000267149.2,0.0
ENSG00000267150.2,0.0
ENSG00000267151.5,0.0
ENSG00000267152.1,0.380608
ENSG00000267153.1,0.0
ENSG00000267154.1,0.0
ENSG00000267156.1,0.0
ENSG00000267157.1,0.0
ENSG00000267159.3,0.0
ENSG00000267160.1,0.093511
ENSG00000267162.1,0.0
ENSG00000267165.1,0.0
ENSG00000267166.5,0.0
ENSG00000267168.1,0.0
ENSG00000267169.3,2.85848
ENSG00000267170.1,0.0
ENSG00000267172.1,0.0
ENSG00000267173.1,0.0
ENSG00000267174.7,61.976157
ENSG00000267175.6,1.751617
ENSG00000267177.1,0.0
ENSG00000267178.3,0.0
ENSG00000267179.1,2.116221
ENSG00000267180.1,0.0
ENSG00000267182.1,0.0
ENSG00000267184.1,0.0
ENSG00000267185.1,0.0
ENSG00000267187.1,0.0
ENSG00000267188.1,0.0
ENSG00000267189.1,0.0
ENSG00000267190.1,0.0
ENSG00000267191.4,0.0
ENSG00000267192.1,0.0
ENSG00000267193.7,0.0
ENSG00000267195.1,0.0
ENSG00000267196.1,0.0
ENSG00000267197.1,1.448404
ENSG00000267198.2,0.625706
ENSG00000267199.1,0.0
ENSG00000267200.1,0.0
ENSG00000267201.2,0.0
ENSG00000267202.6,0.0
ENSG00000267203.1,0.0
ENSG00000267204.1,0.0
ENSG00000267205.1,0.610303
ENSG00000267206.6,0.0
ENSG00000267207.2,0.0
ENSG00000267208.1,0.0
ENSG00000267209.5,0.0
ENSG00000267211.1,0.0
ENSG00000267212.1,0.0
ENSG00000267213.5,0.0
ENSG00000267214.1,0.844795
ENSG00000267215.3,0.0
ENSG00000267216.1,0.0
ENSG00000267218.2,0.0
ENSG00000267219.2,1.3825
ENSG00000267220.1,0.0
ENSG00000267221.3,0.627716
ENSG00000267222.1,0.0
ENSG00000267223.2,0.0
ENSG00000267224.1,0.0
ENSG00000267225.1,0.0
ENSG00000267226.3,0.331744
ENSG00000267227.1,0.0
ENSG00000267228.7,5.271237
ENSG00000267231.1,0.0
ENSG00000267232.1,0.0
ENSG00000267233.1,0.0
ENSG00000267234.1,0.0
ENSG00000267235.3,0.0
ENSG00000267238.1,0.0
ENSG00000267239.2,0.0
ENSG00000267240.1,0.0
ENSG00000267241.2,0.0
ENSG00000267244.5,0.0
ENSG00000267245.1,0.0
ENSG00000267247.2,0.279943
ENSG00000267248.6,0.794477
ENSG00000267249.1,0.0
ENSG00000267250.2,0.316173
ENSG00000267251.2,0.0
ENSG00000267252.7,0.0
ENSG00000267253.1,0.135057
ENSG00000267254.9,0.697785
ENSG00000267255.1,0.0
ENSG00000267257.1,0.094144
ENSG00000267258.1,0.0
ENSG00000267259.3,0.26673
ENSG00000267260.4,0.206768
ENSG00000267261.5,0.0
ENSG00000267262.3,0.0
ENSG00000267263.1,1.157621
ENSG00000267264.1,0.0
ENSG00000267265.7,0.744019
ENSG00000267269.2,0.0
ENSG00000267270.9,1.309993
ENSG00000267271.1,0.0
ENSG00000267272.5,0.641897
ENSG00000267273.2,0.0
ENSG00000267274.1,0.0
ENSG00000267275.2,0.0
ENSG00000267277.3,0.0
ENSG00000267278.7,2.403625
ENSG00000267280.7,0.0
ENSG00000267281.3,0.0
ENSG00000267282.2,2.068279
ENSG00000267283.1,45.057911000000004
ENSG00000267284.3,0.0
ENSG00000267285.1,0.581632
ENSG00000267286.1,0.0
ENSG00000267287.2,0.0
ENSG00000267288.3,4.078046
ENSG00000267289.2,0.339339
ENSG00000267291.2,0.0
ENSG00000267292.1,0.0
ENSG00000267293.1,0.166873
ENSG00000267295.1,0.0
ENSG00000267296.3,1.739183
ENSG00000267298.1,0.0
ENSG00000267299.1,0.0
ENSG00000267301.1,0.0
ENSG00000267302.5,0.0
ENSG00000267303.1,9.161262
ENSG00000267304.1,0.0
ENSG00000267305.2,0.0
ENSG00000267308.4,2.83657
ENSG00000267309.2,2.736074
ENSG00000267310.3,0.0
ENSG00000267311.1,0.0
ENSG00000267312.1,0.0
ENSG00000267313.8,0.0
ENSG00000267314.1,0.0
ENSG00000267315.1,0.0
ENSG00000267317.2,16.384307
ENSG00000267318.1,0.854155
ENSG00000267319.1,0.0
ENSG00000267320.5,0.0
ENSG00000267321.4,1.4936859999999998
ENSG00000267322.5,4.392866
ENSG00000267323.1,0.0
ENSG00000267324.1,0.0
ENSG00000267325.3,0.0
ENSG00000267328.1,0.0
ENSG00000267332.1,0.0
ENSG00000267333.1,0.0
ENSG00000267334.1,0.0
ENSG00000267335.2,0.0
ENSG00000267336.1,0.0
ENSG00000267337.3,0.0
ENSG00000267338.1,0.0
ENSG00000267339.9,0.233699
ENSG00000267340.1,0.0
ENSG00000267341.1,0.0
ENSG00000267342.1,0.181153
ENSG00000267343.3,0.0
ENSG00000267344.1,0.0
ENSG00000267345.2,0.0
ENSG00000267346.1,0.0
ENSG00000267348.3,0.244527
ENSG00000267349.1,0.0
ENSG00000267352.1,0.0
ENSG00000267353.1,0.11086
ENSG00000267354.1,0.0
ENSG00000267355.2,0.0
ENSG00000267356.1,0.0
ENSG00000267359.1,0.0
ENSG00000267360.6,0.759525
ENSG00000267361.1,0.0
ENSG00000267363.1,0.0
ENSG00000267364.5,2.692535
ENSG00000267365.2,0.987012
ENSG00000267366.1,0.0
ENSG00000267368.1,73.162277
ENSG00000267369.1,0.0
ENSG00000267370.1,0.427418
ENSG00000267371.1,0.0
ENSG00000267372.2,0.0
ENSG00000267373.1,0.0
ENSG00000267374.4,0.0
ENSG00000267375.1,0.0
ENSG00000267376.1,0.0
ENSG00000267378.2,0.0
ENSG00000267379.1,0.0
ENSG00000267382.2,0.0
ENSG00000267383.10,1.694511
ENSG00000267384.3,0.0
ENSG00000267385.1,2.01087
ENSG00000267387.1,0.0
ENSG00000267389.2,0.0
ENSG00000267390.4,1.007876
ENSG00000267391.8,0.0
ENSG00000267392.3,0.0
ENSG00000267393.1,0.0
ENSG00000267394.3,2.60949
ENSG00000267395.6,0.0
ENSG00000267396.3,0.0
ENSG00000267397.1,0.0
ENSG00000267398.1,0.0
ENSG00000267400.1,0.0
ENSG00000267401.2,0.0
ENSG00000267402.2,0.0
ENSG00000267404.1,0.0
ENSG00000267405.2,0.0
ENSG00000267407.3,0.0
ENSG00000267408.1,0.0
ENSG00000267409.2,0.0
ENSG00000267412.1,0.0
ENSG00000267413.2,0.0
ENSG00000267414.1,0.118673
ENSG00000267415.1,0.0
ENSG00000267416.3,1.289259
ENSG00000267417.2,0.0
ENSG00000267418.1,0.0
ENSG00000267419.5,0.0
ENSG00000267421.7,0.57861
ENSG00000267422.2,0.0
ENSG00000267423.1,0.0
ENSG00000267424.2,0.0
ENSG00000267425.1,0.0
ENSG00000267426.5,0.0
ENSG00000267428.2,0.0
ENSG00000267429.1,0.0
ENSG00000267430.1,0.231296
ENSG00000267432.6,0.100919
ENSG00000267433.1,0.0
ENSG00000267436.1,3.687709
ENSG00000267437.1,0.0
ENSG00000267439.2,0.0
ENSG00000267440.2,0.0
ENSG00000267441.1,0.0
ENSG00000267443.2,0.0
ENSG00000267444.1,0.0
ENSG00000267446.2,0.0
ENSG00000267448.7,0.0
ENSG00000267450.1,0.0
ENSG00000267452.4,0.0
ENSG00000267453.9,0.0
ENSG00000267454.6,0.550732
ENSG00000267455.1,0.0
ENSG00000267456.2,0.0
ENSG00000267457.1,0.0
ENSG00000267458.1,0.0
ENSG00000267461.1,0.0
ENSG00000267462.1,0.0
ENSG00000267463.1,0.0
ENSG00000267465.8,0.0
ENSG00000267466.1,0.0
ENSG00000267467.4,0.0
ENSG00000267469.1,0.0
ENSG00000267470.7,0.632799
ENSG00000267471.1,0.0
ENSG00000267472.1,0.0
ENSG00000267474.1,0.318895
ENSG00000267475.4,0.665474
ENSG00000267476.2,0.0
ENSG00000267477.1,0.0
ENSG00000267478.1,0.0
ENSG00000267480.1,0.0
ENSG00000267481.1,1.524495
ENSG00000267482.1,0.0
ENSG00000267484.1,0.0
ENSG00000267486.1,0.0
ENSG00000267487.1,0.0
ENSG00000267489.6,0.0
ENSG00000267490.1,0.0
ENSG00000267491.2,0.295182
ENSG00000267492.1,0.0
ENSG00000267493.4,0.0
ENSG00000267496.5,0.715631
ENSG00000267497.1,0.0
ENSG00000267498.3,0.0
ENSG00000267500.1,0.0
ENSG00000267501.1,0.0
ENSG00000267503.1,0.0
ENSG00000267504.1,0.0
ENSG00000267505.2,0.0
ENSG00000267506.8,1.071955
ENSG00000267507.1,0.0
ENSG00000267508.6,0.170915
ENSG00000267509.6,0.0
ENSG00000267510.1,0.0
ENSG00000267511.1,0.0
ENSG00000267512.1,0.0
ENSG00000267513.3,0.0
ENSG00000267515.1,0.0
ENSG00000267518.1,0.0
ENSG00000267519.7,29.482042999999997
ENSG00000267520.2,0.363425
ENSG00000267522.2,0.0
ENSG00000267523.1,0.0
ENSG00000267524.1,0.0
ENSG00000267526.1,0.0
ENSG00000267529.3,0.0
ENSG00000267530.6,0.0
ENSG00000267532.7,28.976093000000002
ENSG00000267533.1,0.0
ENSG00000267534.4,2.640763
ENSG00000267535.3,0.0
ENSG00000267541.1,0.0
ENSG00000267543.1,0.587772
ENSG00000267544.1,0.0
ENSG00000267546.3,2.422067
ENSG00000267547.1,5.149972
ENSG00000267549.7,0.21856
ENSG00000267550.1,1.383909
ENSG00000267551.3,0.313505
ENSG00000267552.6,0.0
ENSG00000267554.1,1.484843
ENSG00000267555.1,0.0
ENSG00000267557.2,0.0
ENSG00000267558.2,0.0
ENSG00000267559.6,0.0
ENSG00000267560.2,0.0
ENSG00000267561.2,0.0
ENSG00000267563.1,0.0
ENSG00000267564.2,0.0
ENSG00000267565.1,0.0
ENSG00000267567.2,0.0
ENSG00000267568.7,0.498003
ENSG00000267570.1,0.0
ENSG00000267571.2,0.0
ENSG00000267573.1,0.175573
ENSG00000267574.2,0.0
ENSG00000267575.10,8.855927
ENSG00000267576.1,0.311302
ENSG00000267577.2,0.0
ENSG00000267579.2,0.0
ENSG00000267580.1,0.0
ENSG00000267582.1,0.0
ENSG00000267583.6,0.0
ENSG00000267585.1,0.0
ENSG00000267586.8,0.0
ENSG00000267587.1,0.0
ENSG00000267589.1,0.0
ENSG00000267590.1,0.0
ENSG00000267591.1,0.0
ENSG00000267592.1,0.0
ENSG00000267593.3,0.0
ENSG00000267594.5,0.0
ENSG00000267595.1,0.0
ENSG00000267597.1,0.0
ENSG00000267598.1,0.394083
ENSG00000267599.1,0.0
ENSG00000267601.1,0.0
ENSG00000267603.2,0.0
ENSG00000267604.1,0.0
ENSG00000267605.9,0.0
ENSG00000267606.1,0.0
ENSG00000267607.2,0.672818
ENSG00000267609.2,0.0
ENSG00000267610.2,0.0
ENSG00000267611.1,0.0
ENSG00000267612.1,0.544644
ENSG00000267614.1,0.0
ENSG00000267615.1,0.0
ENSG00000267617.3,0.0
ENSG00000267618.5,0.0
ENSG00000267620.1,0.0
ENSG00000267623.4,0.0
ENSG00000267624.1,0.0
ENSG00000267625.1,0.0
ENSG00000267626.2,0.0
ENSG00000267627.6,0.0
ENSG00000267628.2,0.0
ENSG00000267629.3,0.0
ENSG00000267630.1,0.0
ENSG00000267631.5,0.0
ENSG00000267632.1,1.151685
ENSG00000267633.1,0.0
ENSG00000267634.1,0.0
ENSG00000267635.1,0.0
ENSG00000267638.1,0.0
ENSG00000267640.9,0.0
ENSG00000267641.1,0.0
ENSG00000267642.1,0.0
ENSG00000267644.1,0.0
ENSG00000267645.5,14.407151
ENSG00000267646.1,0.0
ENSG00000267647.1,0.0
ENSG00000267648.1,2.798969
ENSG00000267649.2,0.0
ENSG00000267650.1,0.0
ENSG00000267651.1,0.0
ENSG00000267652.1,0.0
ENSG00000267653.2,0.0
ENSG00000267655.1,0.0
ENSG00000267656.1,0.0
ENSG00000267658.2,0.0
ENSG00000267659.6,0.0
ENSG00000267661.1,0.0
ENSG00000267662.2,0.0
ENSG00000267663.1,0.0
ENSG00000267664.1,0.0
ENSG00000267665.4,0.0
ENSG00000267666.3,0.285582
ENSG00000267669.2,0.0
ENSG00000267670.1,0.0
ENSG00000267672.1,0.0
ENSG00000267673.7,11.711189
ENSG00000267674.1,0.0
ENSG00000267675.1,0.0
ENSG00000267676.1,0.233237
ENSG00000267677.2,0.0
ENSG00000267678.1,0.0
ENSG00000267679.1,0.0
ENSG00000267680.6,6.422416
ENSG00000267681.1,0.0
ENSG00000267682.1,0.0
ENSG00000267685.2,0.0
ENSG00000267686.2,0.0
ENSG00000267687.1,0.0
ENSG00000267688.2,0.0
ENSG00000267689.1,0.0
ENSG00000267690.2,0.0
ENSG00000267691.1,0.348121
ENSG00000267692.1,0.0
ENSG00000267693.1,0.0
ENSG00000267694.2,0.0
ENSG00000267695.2,0.0
ENSG00000267696.6,0.0
ENSG00000267698.3,1.37461
ENSG00000267699.2,0.0
ENSG00000267703.1,0.0
ENSG00000267704.1,0.0
ENSG00000267705.1,0.0
ENSG00000267706.3,0.0
ENSG00000267707.2,0.0
ENSG00000267708.1,0.0
ENSG00000267709.2,0.0
ENSG00000267710.9,0.0
ENSG00000267711.1,0.0
ENSG00000267712.8,0.0
ENSG00000267713.1,0.0
ENSG00000267714.3,0.0
ENSG00000267716.1,0.0
ENSG00000267717.1,0.0
ENSG00000267719.2,0.110056
ENSG00000267722.1,0.0
ENSG00000267723.2,2.198959
ENSG00000267724.1,0.0
ENSG00000267725.1,0.0
ENSG00000267726.1,0.0
ENSG00000267727.1,0.764661
ENSG00000267728.4,0.0
ENSG00000267729.1,0.0
ENSG00000267731.1,0.163018
ENSG00000267732.3,0.0
ENSG00000267733.6,0.0
ENSG00000267734.1,0.0
ENSG00000267735.2,0.0
ENSG00000267736.2,0.0
ENSG00000267737.2,0.766112
ENSG00000267740.5,0.754857
ENSG00000267741.1,0.0
ENSG00000267742.1,0.0
ENSG00000267743.6,0.0
ENSG00000267744.1,0.0
ENSG00000267745.1,2.30239
ENSG00000267746.1,0.0
ENSG00000267748.4,5.907217
ENSG00000267749.1,0.0
ENSG00000267750.7,0.133508
ENSG00000267751.7,1.1228820000000002
ENSG00000267752.1,0.0
ENSG00000267755.1,0.0
ENSG00000267756.1,0.0
ENSG00000267757.5,1.292298
ENSG00000267758.1,0.0
ENSG00000267760.2,0.0
ENSG00000267761.4,0.0
ENSG00000267762.2,0.0
ENSG00000267764.2,0.0
ENSG00000267765.1,0.0
ENSG00000267766.1,0.0
ENSG00000267767.4,7.9387609999999995
ENSG00000267768.1,0.0
ENSG00000267769.1,0.698033
ENSG00000267770.1,0.0
ENSG00000267771.1,0.0
ENSG00000267772.2,0.314155
ENSG00000267773.1,0.0
ENSG00000267774.2,0.0
ENSG00000267775.1,0.0
ENSG00000267777.3,0.0
ENSG00000267778.2,0.0
ENSG00000267779.8,0.0
ENSG00000267780.3,0.0
ENSG00000267781.1,0.0
ENSG00000267782.1,0.0
ENSG00000267783.4,1.338343
ENSG00000267784.1,0.0
ENSG00000267786.2,0.544644
ENSG00000267788.1,0.0
ENSG00000267789.2,0.0
ENSG00000267790.2,0.0
ENSG00000267791.1,0.0
ENSG00000267792.1,0.0
ENSG00000267793.1,0.0
ENSG00000267794.1,0.0
ENSG00000267795.6,0.0
ENSG00000267796.8,53.464892
ENSG00000267797.1,0.0
ENSG00000267799.1,0.0
ENSG00000267800.1,0.0
ENSG00000267801.1,0.0
ENSG00000267808.2,0.0
ENSG00000267809.1,0.0
ENSG00000267811.2,4.087591
ENSG00000267815.1,0.0
ENSG00000267827.5,0.0
ENSG00000267834.1,5.370593
ENSG00000267838.2,1.292264
ENSG00000267852.2,0.0
ENSG00000267855.6,47.812198
ENSG00000267857.3,0.0
ENSG00000267858.9,18.343116000000002
ENSG00000267868.1,0.201154
ENSG00000267871.7,1.15722
ENSG00000267872.1,0.0
ENSG00000267879.2,0.0
ENSG00000267881.2,0.0
ENSG00000267882.2,0.0
ENSG00000267886.1,0.0
ENSG00000267890.1,0.0
ENSG00000267892.1,0.320281
ENSG00000267895.1,1.21162
ENSG00000267898.2,0.0
ENSG00000267904.1,0.627464
ENSG00000267905.5,0.0
ENSG00000267908.2,0.0
ENSG00000267909.3,0.0
ENSG00000267919.1,0.0
ENSG00000267920.1,0.0
ENSG00000267922.1,0.0
ENSG00000267924.1,0.0
ENSG00000267927.1,0.0
ENSG00000267934.1,0.0
ENSG00000267938.1,0.0
ENSG00000267939.2,1.374766
ENSG00000267940.1,2.680321
ENSG00000267943.1,0.0
ENSG00000267952.1,0.0
ENSG00000267954.2,0.0
ENSG00000267959.3,0.0
ENSG00000267961.2,0.0
ENSG00000267968.1,0.0
ENSG00000267978.6,0.317982
ENSG00000267980.1,1.203584
ENSG00000267984.1,0.0
ENSG00000267986.1,0.0
ENSG00000267990.1,0.962402
ENSG00000267992.1,0.0
ENSG00000268001.1,10.632489
ENSG00000268006.2,0.18759599999999998
ENSG00000268009.6,0.0
ENSG00000268015.2,0.0
ENSG00000268020.3,0.0
ENSG00000268027.5,3.259497
ENSG00000268030.1,0.0
ENSG00000268034.1,0.0
ENSG00000268038.6,0.923662
ENSG00000268041.3,0.610646
ENSG00000268043.9,3.678974
ENSG00000268047.2,0.0
ENSG00000268049.1,0.693166
ENSG00000268051.1,1.070944
ENSG00000268053.1,0.0
ENSG00000268055.3,0.0
ENSG00000268056.6,0.0
ENSG00000268058.1,0.0
ENSG00000268061.7,1.38777
ENSG00000268062.1,0.0
ENSG00000268066.6,0.0
ENSG00000268067.3,0.0
ENSG00000268069.2,0.0
ENSG00000268070.1,0.0
ENSG00000268074.1,0.0
ENSG00000268078.2,0.0
ENSG00000268079.1,0.0
ENSG00000268080.2,0.0
ENSG00000268081.4,1.258076
ENSG00000268083.5,0.0
ENSG00000268087.1,0.0
ENSG00000268088.1,0.0
ENSG00000268089.3,0.0
ENSG00000268093.1,0.0
ENSG00000268095.2,0.0
ENSG00000268100.1,0.0
ENSG00000268101.2,0.0
ENSG00000268104.3,0.0
ENSG00000268105.1,0.0
ENSG00000268107.6,0.0
ENSG00000268108.1,0.0
ENSG00000268112.1,0.0
ENSG00000268116.1,0.0
ENSG00000268117.1,0.0
ENSG00000268119.9,0.224748
ENSG00000268120.1,0.0
ENSG00000268129.3,0.0
ENSG00000268133.1,0.0
ENSG00000268140.1,0.0
ENSG00000268144.1,0.0
ENSG00000268148.1,0.0
ENSG00000268149.1,0.0
ENSG00000268153.6,0.0
ENSG00000268154.2,0.0
ENSG00000268157.1,0.0
ENSG00000268163.1,0.0
ENSG00000268170.2,0.276462
ENSG00000268173.3,3.204698
ENSG00000268174.1,0.0
ENSG00000268181.4,0.0
ENSG00000268182.6,0.0
ENSG00000268184.1,0.0
ENSG00000268186.2,0.389252
ENSG00000268189.3,0.0
ENSG00000268191.1,0.0
ENSG00000268193.5,0.629781
ENSG00000268199.3,0.0
ENSG00000268201.1,0.0
ENSG00000268203.1,0.0
ENSG00000268204.1,5.121363
ENSG00000268205.1,2.124232
ENSG00000268209.1,0.0
ENSG00000268218.1,0.0
ENSG00000268221.6,0.0
ENSG00000268222.1,0.0
ENSG00000268223.7,0.0
ENSG00000268230.5,0.0
ENSG00000268231.1,0.0
ENSG00000268234.1,0.0
ENSG00000268235.9,0.0
ENSG00000268238.1,0.0
ENSG00000268240.2,0.500394
ENSG00000268243.1,0.0
ENSG00000268257.3,0.0
ENSG00000268266.2,0.0
ENSG00000268267.1,0.0
ENSG00000268272.1,0.0
ENSG00000268278.1,0.0
ENSG00000268279.4,0.0
ENSG00000268282.1,0.0
ENSG00000268287.1,0.0
ENSG00000268288.1,0.0
ENSG00000268289.1,0.0
ENSG00000268292.1,0.0
ENSG00000268293.1,0.0
ENSG00000268295.1,0.0
ENSG00000268296.2,0.0
ENSG00000268297.1,0.0
ENSG00000268307.1,0.0
ENSG00000268309.1,0.0
ENSG00000268316.1,0.0
ENSG00000268318.6,0.0
ENSG00000268320.4,0.0
ENSG00000268322.1,0.0
ENSG00000268324.3,0.0
ENSG00000268326.2,0.0
ENSG00000268335.1,0.0
ENSG00000268336.1,0.0
ENSG00000268350.8,13.448281999999999
ENSG00000268357.1,0.0
ENSG00000268361.1,0.0
ENSG00000268362.6,9.082097000000001
ENSG00000268366.1,0.0
ENSG00000268375.1,0.0
ENSG00000268379.1,0.0
ENSG00000268388.7,0.0
ENSG00000268390.1,0.0
ENSG00000268391.1,0.0
ENSG00000268392.1,0.820297
ENSG00000268400.6,0.0
ENSG00000268401.2,0.119246
ENSG00000268403.4,1.615708
ENSG00000268407.1,0.0
ENSG00000268412.2,0.0
ENSG00000268416.1,0.10928
ENSG00000268433.1,1.852068
ENSG00000268434.5,0.0
ENSG00000268438.1,0.0
ENSG00000268442.3,0.0
ENSG00000268447.6,0.0
ENSG00000268455.1,0.0
ENSG00000268458.1,0.0
ENSG00000268460.2,0.188592
ENSG00000268461.2,0.0
ENSG00000268465.1,0.0
ENSG00000268469.1,0.0
ENSG00000268471.7,0.553316
ENSG00000268472.2,0.0
ENSG00000268473.1,0.0
ENSG00000268475.1,0.0
ENSG00000268480.4,0.252184
ENSG00000268483.1,0.0
ENSG00000268486.6,0.0
ENSG00000268496.1,0.0
ENSG00000268499.1,0.0
ENSG00000268500.8,101.304621
ENSG00000268505.2,0.0
ENSG00000268510.1,0.0
ENSG00000268516.5,3.774426
ENSG00000268518.2,2.157963
ENSG00000268520.1,0.788756
ENSG00000268521.1,0.0
ENSG00000268529.1,0.0
ENSG00000268530.6,0.0
ENSG00000268531.3,0.0
ENSG00000268532.1,0.0
ENSG00000268533.1,0.0
ENSG00000268535.1,0.0
ENSG00000268536.3,0.0
ENSG00000268541.1,0.0
ENSG00000268543.1,0.0
ENSG00000268545.1,0.0
ENSG00000268555.3,10.554226
ENSG00000268560.1,1.019416
ENSG00000268564.2,0.0
ENSG00000268565.1,0.0
ENSG00000268566.7,0.0
ENSG00000268573.1,0.265245
ENSG00000268575.1,2.271973
ENSG00000268580.1,0.0
ENSG00000268581.1,0.31
ENSG00000268582.1,0.0
ENSG00000268583.3,1.290598
ENSG00000268584.2,0.0
ENSG00000268589.1,0.0
ENSG00000268592.4,0.0
ENSG00000268593.3,0.0
ENSG00000268595.2,0.0
ENSG00000268597.1,0.0
ENSG00000268598.1,0.0
ENSG00000268601.1,0.0
ENSG00000268603.3,0.243456
ENSG00000268605.1,0.0
ENSG00000268606.6,0.0
ENSG00000268614.1,0.0
ENSG00000268618.1,0.0
ENSG00000268620.1,0.0
ENSG00000268621.7,0.0
ENSG00000268623.2,0.0
ENSG00000268628.3,0.258761
ENSG00000268629.8,0.0
ENSG00000268635.2,0.064093
ENSG00000268636.1,0.0
ENSG00000268643.2,0.0
ENSG00000268649.5,0.552755
ENSG00000268650.4,0.0
ENSG00000268651.4,0.0
ENSG00000268652.1,0.0
ENSG00000268654.3,0.0
ENSG00000268655.3,0.0
ENSG00000268658.5,0.698207
ENSG00000268659.2,0.0
ENSG00000268660.1,0.0
ENSG00000268663.1,0.0
ENSG00000268669.1,0.0
ENSG00000268670.1,0.451731
ENSG00000268673.3,0.0
ENSG00000268674.2,0.0
ENSG00000268677.1,0.0
ENSG00000268678.2,0.0
ENSG00000268681.1,0.0
ENSG00000268683.1,0.0
ENSG00000268685.1,0.0
ENSG00000268686.2,0.675383
ENSG00000268696.3,0.0
ENSG00000268705.1,0.0
ENSG00000268707.1,0.0
ENSG00000268711.1,0.0
ENSG00000268713.1,2.703816
ENSG00000268717.1,0.0
ENSG00000268723.1,0.0
ENSG00000268729.1,0.0
ENSG00000268731.1,0.0
ENSG00000268734.1,0.0
ENSG00000268736.1,0.0
ENSG00000268738.3,0.0
ENSG00000268739.1,0.0
ENSG00000268742.1,0.0
ENSG00000268743.1,0.0
ENSG00000268744.1,0.0
ENSG00000268745.1,0.0
ENSG00000268746.1,0.0
ENSG00000268747.1,0.0
ENSG00000268750.7,0.509966
ENSG00000268751.3,0.401195
ENSG00000268754.5,0.0
ENSG00000268756.2,0.0
ENSG00000268758.8,0.0
ENSG00000268764.1,0.0
ENSG00000268777.1,0.0
ENSG00000268785.1,0.0
ENSG00000268789.1,0.0
ENSG00000268790.5,0.0
ENSG00000268794.1,0.0
ENSG00000268797.1,0.0
ENSG00000268798.1,0.0
ENSG00000268799.4,0.0
ENSG00000268803.1,0.0
ENSG00000268804.3,1.801178
ENSG00000268812.3,0.0
ENSG00000268818.2,0.0
ENSG00000268830.1,0.0
ENSG00000268833.2,1.435366
ENSG00000268834.3,0.0
ENSG00000268836.1,3.12853
ENSG00000268839.1,0.0
ENSG00000268842.1,0.0
ENSG00000268845.2,0.0
ENSG00000268847.1,0.0
ENSG00000268849.6,2.242729
ENSG00000268854.1,0.0
ENSG00000268858.3,6.511664000000001
ENSG00000268864.5,0.0
ENSG00000268866.1,0.0
ENSG00000268869.9,0.062053
ENSG00000268870.1,0.0
ENSG00000268873.2,0.0
ENSG00000268879.1,0.0
ENSG00000268883.2,0.954
ENSG00000268884.1,0.0
ENSG00000268886.1,0.0
ENSG00000268889.3,1.285879
ENSG00000268892.1,0.0
ENSG00000268894.8,0.0
ENSG00000268895.6,7.789194
ENSG00000268896.1,0.0
ENSG00000268902.5,0.0
ENSG00000268903.1,319.214838
ENSG00000268906.2,0.0
ENSG00000268908.1,0.0
ENSG00000268912.1,0.095602
ENSG00000268916.6,0.0
ENSG00000268922.1,0.0
ENSG00000268926.3,0.0
ENSG00000268931.1,0.0
ENSG00000268938.3,0.0
ENSG00000268940.6,0.0
ENSG00000268941.2,0.0
ENSG00000268942.2,0.0
ENSG00000268945.1,0.0
ENSG00000268947.1,0.0
ENSG00000268949.1,0.075655
ENSG00000268951.1,0.0
ENSG00000268957.1,0.0
ENSG00000268964.3,0.0
ENSG00000268967.1,0.0
ENSG00000268970.1,0.0
ENSG00000268975.2,1.084266
ENSG00000268981.6,0.0
ENSG00000268983.1,0.0
ENSG00000268985.1,0.0
ENSG00000268987.1,0.0
ENSG00000268988.2,0.0
ENSG00000268992.1,0.0
ENSG00000268993.1,0.0
ENSG00000268994.3,0.0
ENSG00000268995.1,0.0
ENSG00000268996.3,0.476393
ENSG00000268997.1,0.0
ENSG00000269001.5,1.738578
ENSG00000269009.1,0.0
ENSG00000269012.2,0.0
ENSG00000269014.1,0.0
ENSG00000269019.3,1.1448079999999998
ENSG00000269021.2,0.0
ENSG00000269025.3,0.0
ENSG00000269026.2,0.0
ENSG00000269032.1,7.913871
ENSG00000269035.1,0.0
ENSG00000269037.2,0.0
ENSG00000269038.2,0.772537
ENSG00000269040.1,0.0
ENSG00000269043.3,0.0
ENSG00000269044.2,5.899576
ENSG00000269050.2,0.0
ENSG00000269053.1,0.0
ENSG00000269054.3,0.0
ENSG00000269055.1,0.0
ENSG00000269058.6,0.0
ENSG00000269066.1,0.0
ENSG00000269067.2,0.0
ENSG00000269068.2,0.0
ENSG00000269069.1,0.0
ENSG00000269082.1,0.0
ENSG00000269085.1,0.0
ENSG00000269086.4,0.0
ENSG00000269091.6,0.178822
ENSG00000269095.1,0.0
ENSG00000269096.7,0.0
ENSG00000269097.1,0.0
ENSG00000269099.2,0.0
ENSG00000269102.1,0.0
ENSG00000269103.2,0.0
ENSG00000269106.1,0.0
ENSG00000269107.1,0.0
ENSG00000269110.1,0.0
ENSG00000269113.4,0.0
ENSG00000269118.3,0.0
ENSG00000269119.1,1.472
ENSG00000269124.1,0.0
ENSG00000269125.1,0.0
ENSG00000269130.1,0.0
ENSG00000269136.1,0.0
ENSG00000269138.1,0.0
ENSG00000269139.3,0.0
ENSG00000269145.2,0.0
ENSG00000269148.1,0.0
ENSG00000269151.5,0.0
ENSG00000269153.1,0.0
ENSG00000269154.1,0.0
ENSG00000269155.2,0.0
ENSG00000269161.1,0.0
ENSG00000269167.1,0.0
ENSG00000269172.1,0.0
ENSG00000269176.2,1.167757
ENSG00000269177.1,0.0
ENSG00000269179.1,0.0
ENSG00000269181.1,0.0
ENSG00000269186.5,0.0
ENSG00000269188.1,0.0
ENSG00000269189.1,0.0
ENSG00000269190.6,0.0
ENSG00000269191.1,0.0
ENSG00000269194.2,6.676871
ENSG00000269210.4,0.241867
ENSG00000269220.2,10.420158
ENSG00000269226.8,0.350559
ENSG00000269228.1,0.0
ENSG00000269235.5,0.101728
ENSG00000269236.1,0.0
ENSG00000269237.1,0.0
ENSG00000269242.1,0.0
ENSG00000269243.1,0.159052
ENSG00000269244.1,0.0
ENSG00000269246.3,0.0
ENSG00000269253.1,0.0
ENSG00000269256.2,0.0
ENSG00000269266.1,0.0
ENSG00000269271.1,0.0
ENSG00000269274.1,0.0
ENSG00000269275.1,0.0
ENSG00000269281.2,0.0
ENSG00000269288.1,0.0
ENSG00000269289.7,0.0
ENSG00000269292.1,0.0
ENSG00000269293.6,4.2484850000000005
ENSG00000269296.2,0.0
ENSG00000269300.1,0.0
ENSG00000269303.2,0.0
ENSG00000269304.1,0.0
ENSG00000269307.1,0.0
ENSG00000269313.6,1.558131
ENSG00000269316.1,0.0
ENSG00000269318.1,0.276462
ENSG00000269320.1,0.0
ENSG00000269321.1,0.0
ENSG00000269332.6,0.0
ENSG00000269335.7,68.335317
ENSG00000269343.9,2.005346
ENSG00000269345.1,0.0
ENSG00000269349.1,0.0
ENSG00000269350.1,0.0
ENSG00000269352.1,39.95797
ENSG00000269353.1,0.0
ENSG00000269354.1,0.0
ENSG00000269356.1,0.0
ENSG00000269364.2,0.0
ENSG00000269365.2,0.0
ENSG00000269371.1,0.0
ENSG00000269373.1,0.0
ENSG00000269374.1,1.315468
ENSG00000269376.1,0.0
ENSG00000269378.1,10.347816
ENSG00000269383.2,0.0
ENSG00000269385.1,0.0
ENSG00000269386.7,5.7042969999999995
ENSG00000269387.1,0.0
ENSG00000269388.2,0.0
ENSG00000269392.2,0.0
ENSG00000269397.1,0.33987
ENSG00000269399.3,0.730088
ENSG00000269400.1,0.0
ENSG00000269403.1,0.0
ENSG00000269404.7,8.034564
ENSG00000269405.7,0.0
ENSG00000269416.8,0.0
ENSG00000269419.1,0.0
ENSG00000269420.5,0.0
ENSG00000269421.1,0.0
ENSG00000269425.1,0.0
ENSG00000269427.1,0.0
ENSG00000269431.1,0.0
ENSG00000269433.4,0.0
ENSG00000269437.8,0.0
ENSG00000269439.8,2.09551
ENSG00000269444.1,0.0
ENSG00000269445.1,0.0
ENSG00000269446.2,0.0
ENSG00000269458.1,0.0
ENSG00000269463.1,2.294671
ENSG00000269466.4,0.0
ENSG00000269469.1,0.0
ENSG00000269471.1,0.0
ENSG00000269473.1,0.042663
ENSG00000269475.2,0.0
ENSG00000269476.1,0.0
ENSG00000269480.1,0.0
ENSG00000269481.1,0.0
ENSG00000269482.1,1.583045
ENSG00000269483.2,0.0
ENSG00000269486.2,0.070714
ENSG00000269487.1,0.0
ENSG00000269489.1,0.0
ENSG00000269495.1,0.0
ENSG00000269502.6,0.0
ENSG00000269504.3,0.0
ENSG00000269505.2,0.0
ENSG00000269506.2,0.0
ENSG00000269509.1,0.0
ENSG00000269514.4,0.47244300000000006
ENSG00000269516.7,0.0
ENSG00000269519.1,0.0
ENSG00000269524.1,1.286222
ENSG00000269526.2,0.0
ENSG00000269533.5,0.0
ENSG00000269534.5,0.0
ENSG00000269535.1,0.0
ENSG00000269540.1,0.0
ENSG00000269543.6,0.0
ENSG00000269546.1,0.0
ENSG00000269547.1,0.0
ENSG00000269552.1,0.0
ENSG00000269553.1,0.0
ENSG00000269556.9,10.132305
ENSG00000269559.2,0.0
ENSG00000269560.1,0.0
ENSG00000269564.2,0.0
ENSG00000269565.1,0.0
ENSG00000269570.2,0.0
ENSG00000269575.1,0.0
ENSG00000269576.1,0.0
ENSG00000269578.1,0.0
ENSG00000269580.2,0.0
ENSG00000269583.1,0.0
ENSG00000269584.1,0.0
ENSG00000269586.8,0.0
ENSG00000269588.1,0.0
ENSG00000269590.1,0.0
ENSG00000269599.1,0.0
ENSG00000269600.3,0.0
ENSG00000269604.1,0.0
ENSG00000269608.1,0.0
ENSG00000269609.7,7.835627
ENSG00000269615.1,0.0
ENSG00000269621.1,0.0
ENSG00000269622.2,0.0
ENSG00000269635.1,0.0
ENSG00000269637.1,0.0
ENSG00000269646.2,0.0
ENSG00000269651.1,0.0
ENSG00000269652.1,0.0
ENSG00000269653.1,0.0
ENSG00000269656.2,0.0
ENSG00000269662.1,0.0
ENSG00000269667.3,0.0
ENSG00000269678.1,0.0
ENSG00000269680.1,2.249519
ENSG00000269681.1,0.0
ENSG00000269688.1,0.0
ENSG00000269692.1,0.0
ENSG00000269693.1,1.830888
ENSG00000269694.1,0.0
ENSG00000269696.4,0.16189
ENSG00000269699.8,0.0
ENSG00000269706.1,0.0
ENSG00000269707.3,0.208709
ENSG00000269711.1,27.014264
ENSG00000269713.9,16.022486
ENSG00000269720.3,1.359778
ENSG00000269729.2,0.0
ENSG00000269732.1,0.0
ENSG00000269736.1,0.0
ENSG00000269737.3,0.0
ENSG00000269741.5,0.0
ENSG00000269742.1,0.0
ENSG00000269743.3,5.958035000000001
ENSG00000269745.1,0.0
ENSG00000269749.1,0.0
ENSG00000269752.1,0.0
ENSG00000269755.1,0.0
ENSG00000269758.1,1.915236
ENSG00000269761.1,0.0
ENSG00000269763.1,0.0
ENSG00000269765.2,0.0
ENSG00000269776.1,0.0
ENSG00000269779.1,0.0
ENSG00000269782.1,0.0
ENSG00000269786.1,0.0
ENSG00000269787.2,0.0
ENSG00000269791.6,0.0
ENSG00000269792.2,0.585969
ENSG00000269793.7,0.0
ENSG00000269794.1,0.0
ENSG00000269796.1,0.0
ENSG00000269799.1,0.0
ENSG00000269800.1,0.316624
ENSG00000269802.2,0.0
ENSG00000269806.1,0.0
ENSG00000269807.1,0.0
ENSG00000269811.2,0.0
ENSG00000269813.1,0.0
ENSG00000269815.1,0.720484
ENSG00000269821.2,0.070991
ENSG00000269823.1,0.0
ENSG00000269825.4,2.538099
ENSG00000269826.2,0.0
ENSG00000269833.2,0.0
ENSG00000269834.9,1.2375209999999999
ENSG00000269836.1,0.0
ENSG00000269837.2,5.222224
ENSG00000269839.1,0.0
ENSG00000269842.7,0.0
ENSG00000269843.1,0.0
ENSG00000269845.2,0.0
ENSG00000269846.2,0.0
ENSG00000269848.1,0.0
ENSG00000269855.3,0.0
ENSG00000269858.6,199.68485900000002
ENSG00000269859.1,0.0
ENSG00000269867.1,0.0
ENSG00000269877.4,1.529418
ENSG00000269883.1,0.0
ENSG00000269885.1,0.0
ENSG00000269886.1,0.0
ENSG00000269887.1,0.0
ENSG00000269889.2,0.0
ENSG00000269891.2,0.101172
ENSG00000269892.1,4.3015
ENSG00000269893.11,15.660255999999999
ENSG00000269895.1,0.0
ENSG00000269896.3,0.0
ENSG00000269897.5,0.0
ENSG00000269898.1,0.0
ENSG00000269901.1,0.0
ENSG00000269902.1,0.0
ENSG00000269903.1,0.916258
ENSG00000269904.3,0.0
ENSG00000269906.1,0.0
ENSG00000269907.1,0.0
ENSG00000269910.1,0.0
ENSG00000269911.1,0.684977
ENSG00000269915.1,0.0
ENSG00000269918.1,1.341946
ENSG00000269919.1,0.0
ENSG00000269921.2,0.0
ENSG00000269924.1,0.0
ENSG00000269925.1,1.088975
ENSG00000269929.7,0.856787
ENSG00000269930.1,0.0
ENSG00000269931.3,0.0
ENSG00000269934.3,0.117606
ENSG00000269935.2,0.0
ENSG00000269937.1,0.582549
ENSG00000269938.1,0.0
ENSG00000269939.1,1.510934
ENSG00000269940.1,7.955475
ENSG00000269944.1,0.0
ENSG00000269945.1,0.129493
ENSG00000269947.1,0.0
ENSG00000269949.1,0.0
ENSG00000269950.1,0.0
ENSG00000269951.1,0.0
ENSG00000269952.1,0.0
ENSG00000269954.2,0.0
ENSG00000269955.2,4.449423
ENSG00000269956.3,0.0
ENSG00000269957.8,0.0
ENSG00000269958.1,17.235448
ENSG00000269959.1,0.0
ENSG00000269961.2,1.14825
ENSG00000269964.4,0.0
ENSG00000269967.1,1.125064
ENSG00000269968.2,15.812341
ENSG00000269970.1,28.654454
ENSG00000269971.1,0.0
ENSG00000269972.1,0.0
ENSG00000269973.1,1.389676
ENSG00000269976.1,0.0
ENSG00000269978.2,0.0
ENSG00000269980.1,0.0
ENSG00000269981.1,268.472329
ENSG00000269982.1,0.193333
ENSG00000269983.1,0.0
ENSG00000269984.1,0.0
ENSG00000269985.3,0.0
ENSG00000269987.1,0.0
ENSG00000269989.1,0.0
ENSG00000269993.2,0.0
ENSG00000269994.4,0.0
ENSG00000269997.1,0.0
ENSG00000270000.1,0.0
ENSG00000270001.1,1.483879
ENSG00000270002.1,0.0
ENSG00000270006.5,0.0
ENSG00000270008.1,0.0
ENSG00000270011.9,0.0
ENSG00000270012.1,2.660013
ENSG00000270017.1,0.0
ENSG00000270020.1,0.13378
ENSG00000270021.1,0.243589
ENSG00000270022.4,0.0
ENSG00000270025.2,0.0
ENSG00000270031.1,0.0
ENSG00000270035.1,0.0
ENSG00000270036.1,0.0
ENSG00000270039.1,0.0
ENSG00000270048.1,0.0
ENSG00000270049.5,10.053201000000001
ENSG00000270050.4,0.0
ENSG00000270052.1,0.0
ENSG00000270059.1,0.0
ENSG00000270060.1,4.433939
ENSG00000270061.1,0.0
ENSG00000270062.1,2.189614
ENSG00000270066.4,0.451731
ENSG00000270068.1,0.0
ENSG00000270069.5,29.65541
ENSG00000270071.6,0.0
ENSG00000270072.1,0.0
ENSG00000270073.1,0.0
ENSG00000270074.1,0.0
ENSG00000270075.1,0.0
ENSG00000270076.1,0.431565
ENSG00000270077.1,0.613664
ENSG00000270082.1,0.0
ENSG00000270083.1,2.11872
ENSG00000270084.2,0.0
ENSG00000270087.8,0.0
ENSG00000270090.6,0.0
ENSG00000270091.1,0.909001
ENSG00000270094.2,0.0
ENSG00000270095.1,0.0
ENSG00000270096.1,0.209694
ENSG00000270098.1,0.0
ENSG00000270099.1,1.440992
ENSG00000270100.1,0.456366
ENSG00000270103.3,0.0
ENSG00000270104.1,0.0
ENSG00000270106.6,0.0
ENSG00000270108.1,0.617057
ENSG00000270110.2,0.0
ENSG00000270111.5,0.0
ENSG00000270112.6,0.0
ENSG00000270115.1,0.0
ENSG00000270116.1,0.0
ENSG00000270117.3,0.0
ENSG00000270118.1,0.0
ENSG00000270120.1,2.808363
ENSG00000270123.4,0.0
ENSG00000270124.2,0.0
ENSG00000270127.2,1.51763
ENSG00000270130.1,0.0
ENSG00000270131.1,0.0
ENSG00000270133.2,0.0
ENSG00000270135.1,0.0
ENSG00000270136.6,0.0
ENSG00000270137.1,0.0
ENSG00000270139.1,0.0
ENSG00000270140.1,0.0
ENSG00000270141.5,0.854336
ENSG00000270149.5,0.0
ENSG00000270159.2,0.0
ENSG00000270164.4,1.078236
ENSG00000270165.1,0.0
ENSG00000270166.1,0.0
ENSG00000270170.2,10.16272
ENSG00000270171.1,0.0
ENSG00000270174.1,0.0
ENSG00000270175.2,1.081631
ENSG00000270177.2,0.0
ENSG00000270179.1,0.992142
ENSG00000270181.3,0.0
ENSG00000270182.1,0.0
ENSG00000270184.1,0.0
ENSG00000270190.1,1.073526
ENSG00000270191.1,0.0
ENSG00000270192.1,0.0
ENSG00000270193.1,0.0
ENSG00000270194.2,0.100034
ENSG00000270196.1,0.0
ENSG00000270200.1,0.0
ENSG00000270202.1,0.0
ENSG00000270204.1,0.0
ENSG00000270207.3,0.463983
ENSG00000270209.1,0.0
ENSG00000270210.1,2.668691
ENSG00000270212.2,0.0
ENSG00000270218.1,0.0
ENSG00000270222.1,0.0
ENSG00000270225.1,0.0
ENSG00000270226.1,0.0
ENSG00000270228.1,0.0
ENSG00000270230.1,0.0
ENSG00000270231.5,6.464209
ENSG00000270232.1,0.0
ENSG00000270234.1,0.0
ENSG00000270236.1,0.0
ENSG00000270240.3,2.412789
ENSG00000270241.1,0.0
ENSG00000270242.1,0.0
ENSG00000270243.1,0.0
ENSG00000270244.1,0.0
ENSG00000270248.1,0.0
ENSG00000270249.2,0.0
ENSG00000270252.1,0.0
ENSG00000270255.1,0.0
ENSG00000270257.1,0.0
ENSG00000270258.1,0.0
ENSG00000270259.2,0.687305
ENSG00000270264.1,0.0
ENSG00000270268.1,0.0
ENSG00000270269.1,0.0
ENSG00000270270.1,0.536
ENSG00000270273.1,0.0
ENSG00000270275.1,0.0
ENSG00000270276.3,11.20654
ENSG00000270277.1,2.489343
ENSG00000270279.1,0.0
ENSG00000270280.1,0.0
ENSG00000270281.1,0.531633
ENSG00000270282.1,0.0
ENSG00000270285.1,0.0
ENSG00000270287.1,0.0
ENSG00000270289.1,0.0
ENSG00000270292.1,0.0
ENSG00000270293.1,0.0
ENSG00000270294.1,0.0
ENSG00000270296.1,0.0
ENSG00000270299.1,0.0
ENSG00000270300.3,0.0
ENSG00000270301.1,0.0
ENSG00000270302.1,0.0
ENSG00000270304.1,0.0
ENSG00000270306.1,0.0
ENSG00000270307.1,0.0
ENSG00000270308.1,0.0
ENSG00000270313.1,0.0
ENSG00000270314.1,0.0
ENSG00000270316.1,1.096277
ENSG00000270317.1,0.0
ENSG00000270318.1,0.0
ENSG00000270321.3,0.0
ENSG00000270322.1,0.0
ENSG00000270323.1,0.0
ENSG00000270324.1,0.0
ENSG00000270325.1,0.0
ENSG00000270326.1,0.0
ENSG00000270328.1,0.0
ENSG00000270330.1,0.0
ENSG00000270332.5,0.032553
ENSG00000270333.1,0.0
ENSG00000270335.1,0.0
ENSG00000270336.1,0.0
ENSG00000270339.4,0.93906
ENSG00000270342.1,0.0
ENSG00000270343.1,0.0
ENSG00000270344.5,3.1469159999999996
ENSG00000270347.1,0.0
ENSG00000270350.1,0.0
ENSG00000270352.1,0.0
ENSG00000270354.1,0.0
ENSG00000270359.1,0.0
ENSG00000270361.2,0.0
ENSG00000270362.3,0.0
ENSG00000270367.1,0.0
ENSG00000270369.1,0.0
ENSG00000270371.1,0.0
ENSG00000270372.2,0.0
ENSG00000270377.1,0.0
ENSG00000270378.1,0.0
ENSG00000270379.6,0.407346
ENSG00000270380.1,0.0
ENSG00000270381.1,0.0
ENSG00000270382.1,0.0
ENSG00000270384.1,0.0
ENSG00000270385.1,0.0
ENSG00000270387.1,0.0
ENSG00000270388.1,0.0
ENSG00000270390.1,0.0
ENSG00000270392.3,0.0
ENSG00000270393.1,0.0
ENSG00000270395.1,0.0
ENSG00000270397.1,0.0
ENSG00000270400.1,0.0
ENSG00000270401.1,0.0
ENSG00000270402.1,0.0
ENSG00000270403.2,0.0
ENSG00000270405.1,0.0
ENSG00000270409.2,0.0
ENSG00000270411.1,0.0
ENSG00000270412.2,0.0
ENSG00000270413.1,0.0
ENSG00000270415.1,0.0
ENSG00000270416.2,0.0
ENSG00000270419.3,1.0004490000000001
ENSG00000270421.1,0.0
ENSG00000270422.1,0.0
ENSG00000270423.1,0.0
ENSG00000270424.1,0.0
ENSG00000270425.1,0.0
ENSG00000270426.1,4.948941
ENSG00000270427.1,0.0
ENSG00000270429.1,0.0
ENSG00000270430.1,0.0
ENSG00000270431.1,0.0
ENSG00000270432.1,0.0
ENSG00000270433.2,0.0
ENSG00000270434.1,0.0
ENSG00000270435.1,0.0
ENSG00000270437.1,0.0
ENSG00000270440.1,0.0
ENSG00000270441.1,0.553267
ENSG00000270442.1,0.0
ENSG00000270443.1,0.0
ENSG00000270444.1,0.0
ENSG00000270445.1,0.0
ENSG00000270446.1,0.0
ENSG00000270447.1,0.0
ENSG00000270449.1,0.0
ENSG00000270453.1,0.0
ENSG00000270455.1,0.0
ENSG00000270456.1,0.0
ENSG00000270457.1,0.0
ENSG00000270458.1,0.0
ENSG00000270460.2,0.788895
ENSG00000270462.1,0.0
ENSG00000270467.1,0.0
ENSG00000270469.1,0.0
ENSG00000270470.1,0.0
ENSG00000270472.3,0.0
ENSG00000270474.2,0.0
ENSG00000270475.1,0.0
ENSG00000270477.1,0.0
ENSG00000270479.1,0.0
ENSG00000270480.1,0.0
ENSG00000270482.2,0.0
ENSG00000270484.1,0.0
ENSG00000270487.1,0.0
ENSG00000270488.1,0.0
ENSG00000270490.1,0.0
ENSG00000270491.1,0.0
ENSG00000270492.1,0.0
ENSG00000270493.1,0.0
ENSG00000270494.1,0.0
ENSG00000270495.1,0.0
ENSG00000270496.1,0.0
ENSG00000270497.1,0.0
ENSG00000270499.1,0.0
ENSG00000270500.1,0.0
ENSG00000270503.1,0.0
ENSG00000270504.2,0.086522
ENSG00000270506.1,0.0
ENSG00000270507.1,0.0
ENSG00000270509.1,0.0
ENSG00000270510.1,0.0
ENSG00000270512.1,0.0
ENSG00000270513.1,0.0
ENSG00000270516.1,0.0
ENSG00000270518.2,0.0
ENSG00000270521.1,0.0
ENSG00000270522.1,0.0
ENSG00000270524.1,0.0
ENSG00000270526.1,0.0
ENSG00000270528.1,0.0
ENSG00000270531.1,0.0
ENSG00000270532.1,0.0
ENSG00000270533.3,0.0
ENSG00000270538.1,0.0
ENSG00000270540.1,0.0
ENSG00000270541.1,0.0
ENSG00000270542.1,0.0
ENSG00000270547.7,0.0
ENSG00000270549.1,0.0
ENSG00000270550.1,21.672812
ENSG00000270552.1,0.0
ENSG00000270553.1,0.0
ENSG00000270554.1,0.0
ENSG00000270555.1,0.0
ENSG00000270557.1,0.96499
ENSG00000270558.1,0.0
ENSG00000270560.1,0.0
ENSG00000270562.2,0.169546
ENSG00000270569.1,0.0
ENSG00000270570.1,0.0
ENSG00000270571.2,0.0
ENSG00000270574.1,2.078416
ENSG00000270575.1,0.0
ENSG00000270576.1,0.0
ENSG00000270577.1,0.0
ENSG00000270578.1,0.0
ENSG00000270583.1,0.0
ENSG00000270584.1,0.0
ENSG00000270585.1,0.0
ENSG00000270587.1,0.0
ENSG00000270588.1,0.0
ENSG00000270589.1,1.37301
ENSG00000270591.2,0.0
ENSG00000270593.1,0.0
ENSG00000270598.1,0.0
ENSG00000270601.5,0.0
ENSG00000270605.2,3.368029
ENSG00000270606.1,0.0
ENSG00000270607.1,0.0
ENSG00000270610.1,0.0
ENSG00000270611.1,0.0
ENSG00000270612.1,0.0
ENSG00000270614.1,0.0
ENSG00000270615.1,0.0
ENSG00000270617.1,0.0
ENSG00000270618.1,0.0
ENSG00000270619.1,0.0
ENSG00000270620.1,0.0
ENSG00000270623.1,0.0
ENSG00000270624.1,0.0
ENSG00000270625.1,0.0
ENSG00000270627.1,0.0
ENSG00000270629.7,22.707741
ENSG00000270631.1,0.0
ENSG00000270632.1,0.0
ENSG00000270634.1,0.0
ENSG00000270638.1,0.152557
ENSG00000270639.1,0.0
ENSG00000270640.1,1.889796
ENSG00000270641.2,0.036566
ENSG00000270647.7,32.552229000000004
ENSG00000270648.1,0.0
ENSG00000270652.1,0.0
ENSG00000270654.1,0.0
ENSG00000270655.1,0.0
ENSG00000270659.3,0.0
ENSG00000270661.1,0.0
ENSG00000270664.1,0.0
ENSG00000270665.1,0.0
ENSG00000270666.1,0.0
ENSG00000270669.1,0.0
ENSG00000270670.1,0.0
ENSG00000270673.3,0.160256
ENSG00000270677.1,0.0
ENSG00000270678.1,0.0
ENSG00000270679.1,0.0
ENSG00000270680.1,0.0
ENSG00000270681.1,0.0
ENSG00000270682.1,0.0
ENSG00000270683.1,0.0
ENSG00000270685.1,0.0
ENSG00000270688.1,0.0
ENSG00000270689.1,0.0
ENSG00000270690.1,0.0
ENSG00000270691.2,0.0
ENSG00000270694.1,0.0
ENSG00000270695.1,0.0
ENSG00000270696.1,0.0
ENSG00000270697.1,0.0
ENSG00000270698.1,0.0
ENSG00000270699.1,0.0
ENSG00000270701.1,0.0
ENSG00000270702.1,0.0
ENSG00000270705.1,0.0
ENSG00000270706.1,0.0
ENSG00000270708.1,0.0
ENSG00000270709.1,0.0
ENSG00000270710.1,0.0
ENSG00000270711.1,0.0
ENSG00000270712.1,0.0
ENSG00000270713.1,0.0
ENSG00000270714.1,0.0
ENSG00000270716.1,0.0
ENSG00000270718.1,0.0
ENSG00000270719.1,0.0
ENSG00000270720.1,1.683346
ENSG00000270722.1,0.0
ENSG00000270723.1,0.0
ENSG00000270725.1,0.0
ENSG00000270726.6,0.0
ENSG00000270727.1,0.0
ENSG00000270728.1,0.0
ENSG00000270729.1,0.0
ENSG00000270733.1,0.0
ENSG00000270734.1,0.0
ENSG00000270739.1,0.0
ENSG00000270741.1,0.0
ENSG00000270745.1,0.0
ENSG00000270747.1,0.0
ENSG00000270748.1,0.0
ENSG00000270749.1,0.0
ENSG00000270751.1,0.0
ENSG00000270753.1,0.0
ENSG00000270754.1,0.0
ENSG00000270755.1,0.0
ENSG00000270757.1,0.0
ENSG00000270759.1,0.0
ENSG00000270760.1,0.0
ENSG00000270761.3,0.0
ENSG00000270762.1,0.0
ENSG00000270763.1,0.0
ENSG00000270764.1,0.0
ENSG00000270765.7,0.139664
ENSG00000270766.1,0.0
ENSG00000270767.1,0.0
ENSG00000270772.1,0.0
ENSG00000270773.1,0.0
ENSG00000270775.1,0.0
ENSG00000270776.1,0.0
ENSG00000270777.1,0.0
ENSG00000270778.1,0.0
ENSG00000270779.1,0.0
ENSG00000270780.1,0.0
ENSG00000270781.1,0.0
ENSG00000270782.1,0.0
ENSG00000270788.1,0.0
ENSG00000270789.1,0.0
ENSG00000270790.1,0.0
ENSG00000270791.1,0.0
ENSG00000270792.7,0.0
ENSG00000270793.1,0.0
ENSG00000270794.1,0.0
ENSG00000270797.1,0.0
ENSG00000270798.1,0.0
ENSG00000270799.1,0.0
ENSG00000270800.4,0.174743
ENSG00000270802.2,0.0
ENSG00000270804.2,0.0
ENSG00000270806.2,0.0
ENSG00000270807.1,0.0
ENSG00000270808.1,0.0
ENSG00000270809.1,0.0
ENSG00000270811.1,0.0
ENSG00000270812.1,0.0
ENSG00000270813.2,0.0
ENSG00000270814.1,0.0
ENSG00000270815.1,0.0
ENSG00000270816.6,0.0
ENSG00000270818.1,0.0
ENSG00000270820.9,3.06557
ENSG00000270822.1,0.0
ENSG00000270823.1,0.0
ENSG00000270826.1,0.0
ENSG00000270828.2,0.0
ENSG00000270829.1,0.0
ENSG00000270830.1,0.0
ENSG00000270831.1,0.0
ENSG00000270832.1,0.0
ENSG00000270835.3,0.0
ENSG00000270837.1,0.0
ENSG00000270838.1,0.0
ENSG00000270839.1,0.0
ENSG00000270842.1,0.0
ENSG00000270846.1,0.0
ENSG00000270849.1,0.0
ENSG00000270850.1,0.0
ENSG00000270852.1,0.0
ENSG00000270855.1,0.0
ENSG00000270856.1,0.0
ENSG00000270857.1,0.0
ENSG00000270858.1,0.0
ENSG00000270859.1,0.0
ENSG00000270861.1,0.0
ENSG00000270863.1,0.0
ENSG00000270864.1,0.0
ENSG00000270865.1,0.0
ENSG00000270866.2,0.0
ENSG00000270868.1,0.0
ENSG00000270870.1,0.0
ENSG00000270871.1,0.0
ENSG00000270872.2,0.0
ENSG00000270874.1,0.0
ENSG00000270876.4,0.0
ENSG00000270878.1,0.0
ENSG00000270880.1,0.0
ENSG00000270882.3,2.158364
ENSG00000270883.2,1.031228
ENSG00000270885.2,1.349839
ENSG00000270889.1,0.0
ENSG00000270890.1,0.0
ENSG00000270891.1,0.0
ENSG00000270892.1,0.0
ENSG00000270893.1,0.0
ENSG00000270894.1,0.0
ENSG00000270896.1,0.0
ENSG00000270897.1,0.0
ENSG00000270900.1,0.0
ENSG00000270902.1,0.0
ENSG00000270903.1,0.0
ENSG00000270904.1,0.0
ENSG00000270906.1,0.0
ENSG00000270909.1,0.0
ENSG00000270911.1,0.0
ENSG00000270912.1,0.0
ENSG00000270914.1,0.0
ENSG00000270915.1,0.0
ENSG00000270916.1,0.0
ENSG00000270917.1,2.423241
ENSG00000270919.1,0.0
ENSG00000270920.1,0.0
ENSG00000270921.1,0.0
ENSG00000270923.1,0.0
ENSG00000270924.1,0.0
ENSG00000270926.1,0.0
ENSG00000270927.1,0.0
ENSG00000270929.1,0.0
ENSG00000270930.1,0.0
ENSG00000270933.3,0.0
ENSG00000270934.1,0.0
ENSG00000270935.1,0.0
ENSG00000270936.1,0.0
ENSG00000270937.1,0.0
ENSG00000270938.2,0.0
ENSG00000270941.1,0.0
ENSG00000270945.1,0.0
ENSG00000270946.6,0.0
ENSG00000270947.2,0.0
ENSG00000270948.1,0.375446
ENSG00000270951.1,1.104415
ENSG00000270953.1,0.0
ENSG00000270954.1,0.0
ENSG00000270955.1,0.0
ENSG00000270956.1,1.38043
ENSG00000270957.1,0.0
ENSG00000270959.3,0.908931
ENSG00000270960.1,0.0
ENSG00000270961.1,0.0
ENSG00000270962.1,0.0
ENSG00000270964.1,0.165753
ENSG00000270965.1,0.0
ENSG00000270966.1,0.0
ENSG00000270969.1,0.0
ENSG00000270971.2,0.0
ENSG00000270972.1,0.727505
ENSG00000270973.1,0.0
ENSG00000270975.1,0.0
ENSG00000270976.1,0.0
ENSG00000270977.3,0.0
ENSG00000270978.1,0.0
ENSG00000270980.1,0.0
ENSG00000270981.1,0.0
ENSG00000270982.1,0.0
ENSG00000270983.1,0.0
ENSG00000270986.1,0.0
ENSG00000270987.1,0.0
ENSG00000270988.1,0.0
ENSG00000270989.1,0.0
ENSG00000270990.1,0.0
ENSG00000270992.1,0.0
ENSG00000270993.1,0.0
ENSG00000270994.1,0.0
ENSG00000270995.1,0.0
ENSG00000270996.1,0.0
ENSG00000270997.1,0.0
ENSG00000270999.1,0.0
ENSG00000271002.1,0.0
ENSG00000271003.1,0.0
ENSG00000271005.1,0.0
ENSG00000271009.3,0.354694
ENSG00000271010.1,0.287546
ENSG00000271011.1,0.676898
ENSG00000271013.1,0.0
ENSG00000271014.1,0.0
ENSG00000271015.1,0.0
ENSG00000271018.1,0.0
ENSG00000271021.1,0.0
ENSG00000271022.1,0.0
ENSG00000271024.1,0.0
ENSG00000271025.1,0.0
ENSG00000271026.1,0.0
ENSG00000271027.1,0.0
ENSG00000271028.1,0.0
ENSG00000271029.1,0.0
ENSG00000271032.1,0.0
ENSG00000271034.1,0.0
ENSG00000271035.1,0.0
ENSG00000271036.1,0.0
ENSG00000271040.2,0.0
ENSG00000271042.1,0.0
ENSG00000271044.1,0.0
ENSG00000271045.1,0.0
ENSG00000271046.2,0.22073
ENSG00000271047.1,0.0
ENSG00000271048.1,0.0
ENSG00000271049.1,0.0
ENSG00000271052.1,0.0
ENSG00000271053.1,0.0
ENSG00000271056.1,0.0
ENSG00000271057.1,0.0
ENSG00000271063.1,0.0
ENSG00000271064.1,0.0
ENSG00000271065.2,0.0
ENSG00000271070.1,0.0
ENSG00000271071.1,0.0
ENSG00000271072.1,0.0
ENSG00000271074.1,0.0
ENSG00000271075.1,0.0
ENSG00000271077.1,0.0
ENSG00000271078.1,0.0
ENSG00000271079.1,0.092808
ENSG00000271081.1,0.0
ENSG00000271086.8,1.541912
ENSG00000271088.1,0.0
ENSG00000271092.5,0.756996
ENSG00000271093.1,0.0
ENSG00000271094.1,0.0
ENSG00000271095.1,0.0
ENSG00000271096.1,0.0
ENSG00000271097.1,0.0
ENSG00000271098.1,0.0
ENSG00000271099.1,0.0
ENSG00000271100.1,0.0
ENSG00000271101.1,0.0
ENSG00000271105.1,0.0
ENSG00000271108.1,0.0
ENSG00000271111.1,0.0
ENSG00000271113.1,0.0
ENSG00000271114.1,0.0
ENSG00000271115.1,0.0
ENSG00000271117.1,0.0
ENSG00000271118.1,0.0
ENSG00000271119.2,0.0
ENSG00000271121.2,3.64147
ENSG00000271122.2,0.829797
ENSG00000271123.1,0.0
ENSG00000271127.2,0.0
ENSG00000271128.1,0.0
ENSG00000271129.1,0.0
ENSG00000271130.1,0.0
ENSG00000271131.1,0.0
ENSG00000271133.8,0.082661
ENSG00000271134.1,0.0
ENSG00000271136.1,0.0
ENSG00000271137.1,0.0
ENSG00000271138.1,0.0
ENSG00000271140.1,0.0
ENSG00000271141.1,0.0
ENSG00000271142.1,0.0
ENSG00000271143.1,0.0
ENSG00000271146.1,0.0
ENSG00000271147.8,0.394652
ENSG00000271148.1,0.0
ENSG00000271149.1,0.0
ENSG00000271150.1,0.0
ENSG00000271151.1,1.776173
ENSG00000271153.1,0.0
ENSG00000271154.1,0.0
ENSG00000271155.1,0.0
ENSG00000271157.1,0.0
ENSG00000271158.1,0.0
ENSG00000271159.1,0.0
ENSG00000271161.2,0.0
ENSG00000271162.1,0.0
ENSG00000271163.1,0.0
ENSG00000271164.1,0.0
ENSG00000271166.1,0.0
ENSG00000271171.3,0.0
ENSG00000271172.1,0.695861
ENSG00000271173.1,0.0
ENSG00000271174.1,0.0
ENSG00000271175.1,0.0
ENSG00000271177.1,0.0
ENSG00000271178.1,0.0
ENSG00000271179.1,0.0
ENSG00000271180.1,0.0
ENSG00000271181.1,0.0
ENSG00000271182.1,0.0
ENSG00000271184.1,0.0
ENSG00000271185.1,0.0
ENSG00000271187.1,0.0
ENSG00000271190.1,0.0
ENSG00000271192.2,0.0
ENSG00000271194.1,0.0
ENSG00000271195.1,0.0
ENSG00000271196.1,0.0
ENSG00000271198.1,0.0
ENSG00000271199.1,0.0
ENSG00000271200.1,0.0
ENSG00000271201.1,0.0
ENSG00000271202.1,0.0
ENSG00000271204.1,0.0
ENSG00000271205.1,0.0
ENSG00000271207.1,0.0
ENSG00000271208.1,0.0
ENSG00000271209.1,0.0
ENSG00000271214.1,0.0
ENSG00000271215.1,0.0
ENSG00000271216.3,0.0
ENSG00000271218.1,0.0
ENSG00000271219.1,0.0
ENSG00000271220.2,0.0
ENSG00000271222.1,0.0
ENSG00000271225.1,0.0
ENSG00000271227.1,0.0
ENSG00000271228.1,0.0
ENSG00000271230.1,0.0
ENSG00000271231.1,0.0
ENSG00000271232.1,0.0
ENSG00000271234.1,0.0
ENSG00000271235.1,0.0
ENSG00000271236.1,0.0
ENSG00000271237.1,0.0
ENSG00000271238.1,0.0
ENSG00000271239.1,0.0
ENSG00000271240.1,0.0
ENSG00000271242.1,0.0
ENSG00000271243.1,0.0
ENSG00000271245.1,0.0
ENSG00000271248.1,0.0
ENSG00000271249.1,0.0
ENSG00000271250.1,0.0
ENSG00000271251.1,0.0
ENSG00000271252.1,0.0
ENSG00000271253.1,0.0
ENSG00000271254.7,0.870062
ENSG00000271257.1,0.0
ENSG00000271264.1,0.0
ENSG00000271265.1,0.0
ENSG00000271266.1,0.0
ENSG00000271267.1,0.0
ENSG00000271268.1,0.0
ENSG00000271269.1,0.0
ENSG00000271270.9,0.813423
ENSG00000271271.6,0.0
ENSG00000271272.1,0.0
ENSG00000271275.1,0.0
ENSG00000271277.1,0.0
ENSG00000271278.1,0.0
ENSG00000271283.1,0.0
ENSG00000271284.1,0.0
ENSG00000271286.1,0.0
ENSG00000271287.1,0.0
ENSG00000271288.1,0.0
ENSG00000271290.1,0.0
ENSG00000271291.1,0.0
ENSG00000271296.1,0.0
ENSG00000271298.1,0.0
ENSG00000271299.1,0.0
ENSG00000271302.1,0.0
ENSG00000271303.2,46.157804
ENSG00000271304.3,0.0
ENSG00000271306.1,0.0
ENSG00000271307.3,0.0
ENSG00000271309.1,0.0
ENSG00000271313.1,0.0
ENSG00000271314.1,0.0
ENSG00000271315.1,0.0
ENSG00000271317.1,0.0
ENSG00000271318.1,0.0
ENSG00000271320.1,0.474882
ENSG00000271321.1,0.0
ENSG00000271322.1,0.0
ENSG00000271327.1,0.682349
ENSG00000271328.1,0.0
ENSG00000271329.1,0.0
ENSG00000271330.1,0.0
ENSG00000271332.1,0.0
ENSG00000271333.1,0.0
ENSG00000271334.7,0.0
ENSG00000271335.7,1.150667
ENSG00000271336.1,0.0
ENSG00000271337.1,0.0
ENSG00000271338.1,0.0
ENSG00000271339.1,0.0
ENSG00000271340.1,0.0
ENSG00000271343.1,0.0
ENSG00000271344.1,1.033838
ENSG00000271346.1,0.0
ENSG00000271349.1,0.0
ENSG00000271350.1,0.0
ENSG00000271351.1,0.0
ENSG00000271353.1,0.0
ENSG00000271355.1,0.0
ENSG00000271356.1,0.0
ENSG00000271357.1,0.0
ENSG00000271358.1,0.0
ENSG00000271360.1,0.0
ENSG00000271361.1,7.593462
ENSG00000271362.1,0.0
ENSG00000271364.1,0.0
ENSG00000271365.1,0.0
ENSG00000271366.1,0.0
ENSG00000271367.1,0.0
ENSG00000271368.1,0.0
ENSG00000271369.1,0.0
ENSG00000271370.1,0.0
ENSG00000271373.1,0.0
ENSG00000271375.1,0.0
ENSG00000271377.1,0.0
ENSG00000271378.1,0.0
ENSG00000271379.1,0.0
ENSG00000271380.1,1.464678
ENSG00000271381.2,0.0
ENSG00000271382.1,0.0
ENSG00000271383.9,16.336882
ENSG00000271384.1,0.0
ENSG00000271385.1,0.0
ENSG00000271386.1,0.0
ENSG00000271387.2,0.584926
ENSG00000271389.1,0.0
ENSG00000271390.1,0.0
ENSG00000271392.2,0.0
ENSG00000271394.1,0.0
ENSG00000271395.3,0.0
ENSG00000271396.1,0.0
ENSG00000271397.1,0.0
ENSG00000271398.1,0.0
ENSG00000271399.1,0.0
ENSG00000271400.1,0.0
ENSG00000271401.1,0.0
ENSG00000271402.1,0.0
ENSG00000271404.1,0.0
ENSG00000271408.1,0.0
ENSG00000271410.1,0.0
ENSG00000271412.1,0.0
ENSG00000271413.1,0.0
ENSG00000271414.1,0.0
ENSG00000271415.1,0.0
ENSG00000271418.1,0.0
ENSG00000271419.1,0.0
ENSG00000271420.1,0.485245
ENSG00000271421.1,0.0
ENSG00000271423.1,0.0
ENSG00000271424.1,0.0
ENSG00000271425.10,2.861739
ENSG00000271426.1,0.0
ENSG00000271427.1,0.580117
ENSG00000271428.1,0.0
ENSG00000271429.1,0.0
ENSG00000271433.1,0.0
ENSG00000271434.3,0.0
ENSG00000271435.1,0.0
ENSG00000271437.1,0.0
ENSG00000271439.1,0.0
ENSG00000271440.1,0.0
ENSG00000271443.2,0.0
ENSG00000271447.6,0.0
ENSG00000271449.8,0.0
ENSG00000271452.1,0.0
ENSG00000271454.1,0.0
ENSG00000271455.1,0.0
ENSG00000271456.1,0.0
ENSG00000271457.1,0.0
ENSG00000271459.1,0.0
ENSG00000271461.1,0.0
ENSG00000271462.1,0.0
ENSG00000271464.1,0.0
ENSG00000271465.1,0.0
ENSG00000271466.1,0.0
ENSG00000271468.1,0.0
ENSG00000271474.2,0.0
ENSG00000271475.1,0.0
ENSG00000271477.1,0.0
ENSG00000271480.1,0.0
ENSG00000271482.1,0.0
ENSG00000271483.1,0.0
ENSG00000271484.1,0.0
ENSG00000271486.1,0.0
ENSG00000271488.1,0.0
ENSG00000271490.1,0.0
ENSG00000271491.1,0.0
ENSG00000271492.1,0.0
ENSG00000271494.1,0.0
ENSG00000271495.1,0.0
ENSG00000271496.1,0.0
ENSG00000271498.1,0.0
ENSG00000271499.1,0.0
ENSG00000271500.1,0.0
ENSG00000271502.1,0.0
ENSG00000271503.7,315.580867
ENSG00000271507.1,0.0
ENSG00000271508.1,0.0
ENSG00000271509.1,0.0
ENSG00000271511.1,0.0
ENSG00000271519.1,0.429283
ENSG00000271522.1,0.0
ENSG00000271523.1,0.0
ENSG00000271524.1,0.0
ENSG00000271525.1,0.0
ENSG00000271526.1,0.0
ENSG00000271527.1,0.0
ENSG00000271530.1,0.0
ENSG00000271532.1,0.0
ENSG00000271533.1,0.254538
ENSG00000271536.1,0.0
ENSG00000271537.1,0.0
ENSG00000271538.8,0.122129
ENSG00000271543.1,0.0
ENSG00000271544.1,0.0
ENSG00000271546.1,0.0
ENSG00000271547.1,0.0
ENSG00000271550.1,0.0
ENSG00000271551.2,0.0
ENSG00000271553.1,1.687557
ENSG00000271554.1,0.0
ENSG00000271555.1,0.0
ENSG00000271557.1,0.0
ENSG00000271558.1,0.0
ENSG00000271559.1,0.0
ENSG00000271560.1,0.0
ENSG00000271563.1,0.0
ENSG00000271564.3,0.0
ENSG00000271565.1,0.0
ENSG00000271567.2,0.0
ENSG00000271568.1,0.249188
ENSG00000271569.1,0.0
ENSG00000271573.1,0.0
ENSG00000271576.3,0.0
ENSG00000271578.1,0.0
ENSG00000271579.1,0.0
ENSG00000271580.1,0.0
ENSG00000271581.1,0.278192
ENSG00000271582.1,0.0
ENSG00000271583.1,0.0
ENSG00000271584.3,0.0
ENSG00000271585.1,0.0
ENSG00000271586.1,0.0
ENSG00000271587.1,0.0
ENSG00000271588.1,0.0
ENSG00000271589.1,0.0
ENSG00000271590.1,0.0
ENSG00000271595.1,0.0
ENSG00000271596.1,0.0
ENSG00000271597.1,0.0
ENSG00000271598.1,0.0
ENSG00000271600.1,0.0
ENSG00000271601.4,11.113005
ENSG00000271602.1,0.0
ENSG00000271605.7,55.2361
ENSG00000271606.1,0.0
ENSG00000271607.1,3.417535
ENSG00000271608.1,0.0
ENSG00000271609.1,0.0
ENSG00000271611.1,0.0
ENSG00000271612.1,0.0
ENSG00000271614.2,1.295309
ENSG00000271615.3,0.0
ENSG00000271616.1,0.0
ENSG00000271618.1,0.0
ENSG00000271620.1,0.0
ENSG00000271621.1,0.0
ENSG00000271623.1,0.0
ENSG00000271624.1,0.0
ENSG00000271625.1,0.0
ENSG00000271626.1,0.0
ENSG00000271627.1,0.0
ENSG00000271629.1,0.0
ENSG00000271631.1,1.063265
ENSG00000271632.1,0.0
ENSG00000271635.1,0.0
ENSG00000271638.1,0.0
ENSG00000271639.1,0.0
ENSG00000271642.1,0.0
ENSG00000271643.3,0.529523
ENSG00000271644.1,0.0
ENSG00000271646.2,2.634236
ENSG00000271647.1,0.0
ENSG00000271650.1,0.0
ENSG00000271652.1,0.0
ENSG00000271653.1,0.0
ENSG00000271654.1,0.0
ENSG00000271655.1,0.0
ENSG00000271656.1,0.0
ENSG00000271657.1,0.0
ENSG00000271659.1,0.780567
ENSG00000271660.1,0.0
ENSG00000271661.1,0.0
ENSG00000271662.1,0.0
ENSG00000271664.1,0.0
ENSG00000271666.1,0.0
ENSG00000271667.1,0.0
ENSG00000271670.1,0.0
ENSG00000271671.1,0.0
ENSG00000271672.1,0.0
ENSG00000271676.1,0.0
ENSG00000271677.1,0.0
ENSG00000271679.1,0.0
ENSG00000271680.1,0.0
ENSG00000271681.1,0.0
ENSG00000271682.1,0.0
ENSG00000271686.1,0.0
ENSG00000271687.1,0.0
ENSG00000271691.1,0.0
ENSG00000271693.1,0.0
ENSG00000271696.1,0.0
ENSG00000271697.1,0.0
ENSG00000271698.1,0.179478
ENSG00000271699.6,4.325706
ENSG00000271701.1,0.0
ENSG00000271702.1,0.0
ENSG00000271704.1,0.0
ENSG00000271705.1,0.0
ENSG00000271707.1,0.0
ENSG00000271709.2,0.0
ENSG00000271710.1,0.0
ENSG00000271711.1,0.0
ENSG00000271712.1,0.0
ENSG00000271714.1,0.0
ENSG00000271715.1,0.0
ENSG00000271716.1,0.0
ENSG00000271717.1,0.0
ENSG00000271723.5,0.15889599999999998
ENSG00000271724.1,0.0
ENSG00000271725.1,0.0
ENSG00000271727.3,0.0
ENSG00000271730.1,0.0
ENSG00000271732.2,0.0
ENSG00000271736.3,1.3336
ENSG00000271737.3,0.0
ENSG00000271739.1,0.0
ENSG00000271741.1,1.195678
ENSG00000271742.1,0.0
ENSG00000271743.1,0.0
ENSG00000271746.1,0.3446
ENSG00000271749.1,0.0
ENSG00000271752.1,0.0
ENSG00000271754.1,0.629232
ENSG00000271755.1,0.160904
ENSG00000271758.2,0.0
ENSG00000271761.1,0.0
ENSG00000271763.1,0.0
ENSG00000271765.1,0.0
ENSG00000271766.1,0.0
ENSG00000271771.1,0.488443
ENSG00000271774.1,0.0
ENSG00000271776.1,0.0
ENSG00000271778.1,0.0
ENSG00000271779.1,0.0
ENSG00000271780.3,1.454729
ENSG00000271781.1,0.37106
ENSG00000271784.1,0.0
ENSG00000271787.1,0.0
ENSG00000271789.1,0.186316
ENSG00000271793.2,0.0
ENSG00000271795.1,0.497896
ENSG00000271797.2,2.576892
ENSG00000271798.1,0.0
ENSG00000271803.1,0.0
ENSG00000271806.1,0.111026
ENSG00000271810.5,0.0
ENSG00000271811.1,0.0
ENSG00000271814.1,0.0
ENSG00000271816.1,0.435755
ENSG00000271817.2,0.0
ENSG00000271818.1,0.0
ENSG00000271819.1,0.0
ENSG00000271820.2,0.126221
ENSG00000271821.1,0.0
ENSG00000271824.2,0.0
ENSG00000271825.1,0.0
ENSG00000271826.5,0.0
ENSG00000271828.1,0.0
ENSG00000271830.1,0.0
ENSG00000271833.1,1.529123
ENSG00000271841.1,0.0
ENSG00000271843.1,1.06073
ENSG00000271848.3,0.230456
ENSG00000271849.1,0.660888
ENSG00000271850.3,2.306825
ENSG00000271851.1,0.611205
ENSG00000271852.1,0.0
ENSG00000271855.2,0.0
ENSG00000271856.2,2.3704419999999997
ENSG00000271857.2,1.637285
ENSG00000271858.5,3.01112
ENSG00000271860.10,0.542309
ENSG00000271862.1,2.068416
ENSG00000271868.1,0.0
ENSG00000271869.3,0.0
ENSG00000271871.1,0.581103
ENSG00000271874.2,0.0
ENSG00000271882.1,0.0
ENSG00000271886.1,0.0
ENSG00000271888.1,0.50175
ENSG00000271889.2,1.276395
ENSG00000271890.1,0.0
ENSG00000271892.1,0.0
ENSG00000271893.2,0.0
ENSG00000271894.2,0.0
ENSG00000271897.2,0.0
ENSG00000271898.1,0.0
ENSG00000271899.1,0.0
ENSG00000271900.1,0.0
ENSG00000271901.3,0.0
ENSG00000271907.1,0.0
ENSG00000271913.10,0.678466
ENSG00000271914.1,0.0
ENSG00000271916.1,0.0
ENSG00000271917.1,0.0
ENSG00000271918.3,0.45767
ENSG00000271919.1,0.0
ENSG00000271922.1,0.0
ENSG00000271923.1,0.0
ENSG00000271924.1,0.0
ENSG00000271926.1,0.0
ENSG00000271930.1,0.0
ENSG00000271931.1,0.711336
ENSG00000271932.1,0.0
ENSG00000271933.1,0.0
ENSG00000271934.2,0.0
ENSG00000271936.1,0.242659
ENSG00000271937.1,0.0
ENSG00000271938.2,0.0
ENSG00000271943.5,0.0
ENSG00000271945.4,0.0
ENSG00000271947.1,0.0
ENSG00000271949.1,0.0
ENSG00000271952.4,0.0
ENSG00000271958.1,0.0
ENSG00000271959.2,0.401363
ENSG00000271963.1,0.0
ENSG00000271964.1,2.488857
ENSG00000271966.2,0.241341
ENSG00000271967.1,0.0
ENSG00000271968.3,0.0
ENSG00000271969.1,0.0
ENSG00000271971.1,1.225707
ENSG00000271974.1,0.0
ENSG00000271976.1,0.27889
ENSG00000271977.1,0.0
ENSG00000271978.3,0.0
ENSG00000271980.1,0.0
ENSG00000271981.2,0.0
ENSG00000271982.1,0.0
ENSG00000271983.1,0.0
ENSG00000271984.1,0.0
ENSG00000271985.1,0.0
ENSG00000271986.2,0.0
ENSG00000271989.1,0.0
ENSG00000271991.4,0.0
ENSG00000271992.1,0.0
ENSG00000271993.1,0.0
ENSG00000271996.1,0.0
ENSG00000271998.1,0.0
ENSG00000272000.7,0.0
ENSG00000272002.1,0.0
ENSG00000272004.2,0.0
ENSG00000272006.1,0.0
ENSG00000272008.2,0.0
ENSG00000272010.1,0.0
ENSG00000272015.1,0.0
ENSG00000272020.1,0.0
ENSG00000272021.1,0.587058
ENSG00000272023.2,0.0
ENSG00000272024.1,0.0
ENSG00000272025.1,0.0
ENSG00000272027.2,0.0
ENSG00000272028.1,0.0
ENSG00000272031.3,0.520703
ENSG00000272033.1,0.261346
ENSG00000272034.1,0.0
ENSG00000272036.1,0.0
ENSG00000272037.1,2.161027
ENSG00000272043.3,0.0
ENSG00000272046.1,0.0
ENSG00000272047.4,3.698417
ENSG00000272050.1,0.0
ENSG00000272051.1,0.0
ENSG00000272054.1,0.061555
ENSG00000272056.1,1.427696
ENSG00000272057.1,0.0
ENSG00000272068.1,0.0
ENSG00000272071.1,0.0
ENSG00000272072.1,0.0
ENSG00000272075.2,0.0
ENSG00000272076.1,0.0
ENSG00000272077.1,0.0
ENSG00000272078.1,0.0
ENSG00000272079.3,2.476604
ENSG00000272080.1,0.0
ENSG00000272081.2,0.0
ENSG00000272084.1,0.58475
ENSG00000272086.3,1.7426179999999998
ENSG00000272087.1,0.0
ENSG00000272088.1,0.0
ENSG00000272092.1,0.245337
ENSG00000272094.1,0.0
ENSG00000272096.2,0.0
ENSG00000272097.3,0.262427
ENSG00000272100.1,0.0
ENSG00000272103.2,0.0
ENSG00000272104.1,0.0
ENSG00000272106.1,2.167363
ENSG00000272108.1,0.0
ENSG00000272109.2,1.789382
ENSG00000272112.1,0.0
ENSG00000272113.2,0.0
ENSG00000272114.1,0.0
ENSG00000272115.1,0.0
ENSG00000272121.2,0.0
ENSG00000272123.1,0.0
ENSG00000272128.1,0.0
ENSG00000272129.1,0.0
ENSG00000272130.1,0.0
ENSG00000272134.1,0.0
ENSG00000272138.4,0.0
ENSG00000272139.1,0.0
ENSG00000272140.2,1.3984809999999999
ENSG00000272141.1,0.0
ENSG00000272142.5,2.538828
ENSG00000272143.3,0.473935
ENSG00000272144.1,2.599712
ENSG00000272145.3,0.498295
ENSG00000272148.1,0.769894
ENSG00000272149.1,0.0
ENSG00000272150.6,0.0
ENSG00000272153.1,0.0
ENSG00000272154.6,0.0
ENSG00000272155.1,0.0
ENSG00000272156.1,1.64638
ENSG00000272157.3,0.0
ENSG00000272158.1,0.0
ENSG00000272159.1,0.0
ENSG00000272160.1,0.0
ENSG00000272161.1,0.0
ENSG00000272162.1,0.0
ENSG00000272163.3,0.187653
ENSG00000272164.1,0.0
ENSG00000272166.1,0.0
ENSG00000272167.2,0.0
ENSG00000272168.11,2.220652
ENSG00000272170.2,0.0
ENSG00000272172.1,0.0
ENSG00000272173.3,0.216011
ENSG00000272175.1,0.0
ENSG00000272180.2,0.0
ENSG00000272181.1,0.0
ENSG00000272182.1,2.408251
ENSG00000272183.1,0.0
ENSG00000272186.2,0.0
ENSG00000272189.1,0.0
ENSG00000272192.3,0.157085
ENSG00000272195.2,0.0
ENSG00000272197.2,0.0
ENSG00000272202.2,0.0
ENSG00000272203.1,0.0
ENSG00000272205.3,0.679221
ENSG00000272209.2,0.0
ENSG00000272211.1,0.0
ENSG00000272215.1,0.0
ENSG00000272217.2,1.10551
ENSG00000272219.1,0.0
ENSG00000272220.1,0.0
ENSG00000272221.2,9.143927
ENSG00000272223.1,3.501094
ENSG00000272226.1,0.0
ENSG00000272230.1,0.0
ENSG00000272232.2,0.0
ENSG00000272234.1,0.0
ENSG00000272235.1,0.0
ENSG00000272236.1,0.0
ENSG00000272237.1,0.0
ENSG00000272239.1,0.0
ENSG00000272243.7,0.0
ENSG00000272247.1,0.456366
ENSG00000272248.2,0.0
ENSG00000272249.1,0.0
ENSG00000272253.1,0.0
ENSG00000272254.1,0.0
ENSG00000272255.1,0.0
ENSG00000272256.1,0.0
ENSG00000272259.6,0.0
ENSG00000272262.1,0.0
ENSG00000272263.1,0.0
ENSG00000272264.1,0.577111
ENSG00000272265.1,0.0
ENSG00000272269.3,1.216408
ENSG00000272273.4,1.077215
ENSG00000272274.6,0.202806
ENSG00000272275.1,0.0
ENSG00000272277.2,0.67456
ENSG00000272279.2,0.623202
ENSG00000272281.7,0.0
ENSG00000272282.2,2.042235
ENSG00000272288.9,11.398578
ENSG00000272293.1,0.0
ENSG00000272295.1,0.0
ENSG00000272296.1,0.0
ENSG00000272297.2,0.0
ENSG00000272298.1,0.0
ENSG00000272305.5,0.0
ENSG00000272311.1,0.0
ENSG00000272312.1,0.0
ENSG00000272319.2,0.0
ENSG00000272320.1,0.0
ENSG00000272321.1,0.0
ENSG00000272323.2,0.31044
ENSG00000272324.6,0.0
ENSG00000272325.2,14.450199
ENSG00000272328.2,0.0
ENSG00000272329.1,0.0
ENSG00000272330.1,0.0
ENSG00000272333.8,39.986946
ENSG00000272334.1,0.610303
ENSG00000272335.1,0.956022
ENSG00000272337.1,0.0
ENSG00000272338.2,0.577111
ENSG00000272342.1,0.0
ENSG00000272343.1,0.754407
ENSG00000272344.1,0.0
ENSG00000272345.1,1.599062
ENSG00000272346.2,0.0
ENSG00000272347.1,0.0
ENSG00000272356.1,0.424463
ENSG00000272359.1,0.0
ENSG00000272360.3,0.0
ENSG00000272361.2,0.0
ENSG00000272362.1,0.0
ENSG00000272366.1,0.0
ENSG00000272368.2,2.1233690000000003
ENSG00000272371.2,0.0
ENSG00000272372.1,0.0
ENSG00000272374.1,0.491638
ENSG00000272375.1,0.0
ENSG00000272379.1,0.788756
ENSG00000272380.1,0.0
ENSG00000272381.3,0.216431
ENSG00000272383.1,0.0
ENSG00000272384.3,0.0
ENSG00000272386.1,0.0
ENSG00000272387.2,0.0
ENSG00000272391.6,15.785774
ENSG00000272393.1,0.0
ENSG00000272395.8,0.0
ENSG00000272396.1,0.0
ENSG00000272397.1,0.0
ENSG00000272398.6,7.38018
ENSG00000272400.1,0.0
ENSG00000272402.1,0.0
ENSG00000272405.1,0.0
ENSG00000272406.2,0.0
ENSG00000272407.1,0.0
ENSG00000272410.5,1.108375
ENSG00000272411.1,0.0
ENSG00000272412.2,0.0
ENSG00000272414.6,1.209826
ENSG00000272416.1,0.0
ENSG00000272417.1,0.0
ENSG00000272418.1,0.0
ENSG00000272419.7,0.0
ENSG00000272420.1,0.590891
ENSG00000272425.1,0.0
ENSG00000272426.2,0.0
ENSG00000272428.1,0.0
ENSG00000272430.2,0.0
ENSG00000272431.2,0.0
ENSG00000272432.1,0.756951
ENSG00000272434.2,2.558955
ENSG00000272435.1,0.0
ENSG00000272436.1,0.0
ENSG00000272438.2,0.569727
ENSG00000272439.1,0.0
ENSG00000272442.2,0.0
ENSG00000272443.1,0.0
ENSG00000272445.1,0.0
ENSG00000272447.1,0.814116
ENSG00000272449.4,0.307221
ENSG00000272455.1,1.380394
ENSG00000272456.1,0.0
ENSG00000272457.1,0.0
ENSG00000272458.1,0.0
ENSG00000272459.2,0.988648
ENSG00000272460.1,0.0
ENSG00000272461.2,0.0
ENSG00000272462.5,4.064033
ENSG00000272463.3,0.073407
ENSG00000272469.2,0.0
ENSG00000272472.1,0.186472
ENSG00000272473.3,0.0
ENSG00000272474.1,0.0
ENSG00000272476.1,0.0
ENSG00000272477.1,0.0
ENSG00000272478.1,0.0
ENSG00000272479.1,0.0
ENSG00000272480.1,0.0
ENSG00000272483.1,0.0
ENSG00000272485.2,0.0
ENSG00000272489.1,0.0
ENSG00000272491.1,0.149983
ENSG00000272494.1,0.0
ENSG00000272498.1,1.194449
ENSG00000272501.2,7.349258
ENSG00000272502.1,1.171103
ENSG00000272505.1,0.0
ENSG00000272506.1,1.043322
ENSG00000272507.1,0.0
ENSG00000272509.1,0.0
ENSG00000272510.1,0.0
ENSG00000272512.1,0.352072
ENSG00000272514.6,0.0
ENSG00000272516.1,0.0
ENSG00000272518.1,0.0
ENSG00000272523.3,0.156202
ENSG00000272525.3,0.510391
ENSG00000272529.1,1.856296
ENSG00000272532.7,0.0
ENSG00000272533.1,0.0
ENSG00000272536.2,0.0
ENSG00000272537.2,0.0
ENSG00000272540.1,0.382554
ENSG00000272542.1,0.0
ENSG00000272543.1,0.0
ENSG00000272545.1,0.0
ENSG00000272549.2,0.0
ENSG00000272554.4,0.0
ENSG00000272555.1,2.524967
ENSG00000272556.4,0.0
ENSG00000272558.2,0.0
ENSG00000272559.1,0.0
ENSG00000272562.3,0.539503
ENSG00000272563.1,0.068371
ENSG00000272566.1,0.0
ENSG00000272568.7,0.0
ENSG00000272569.1,0.0
ENSG00000272572.2,0.153824
ENSG00000272573.6,10.814531
ENSG00000272574.1,0.0
ENSG00000272575.7,0.0
ENSG00000272576.1,0.531633
ENSG00000272578.6,0.0
ENSG00000272582.1,0.35734
ENSG00000272588.1,0.0
ENSG00000272589.1,4.342692
ENSG00000272595.3,0.0
ENSG00000272597.1,0.0
ENSG00000272599.2,0.0
ENSG00000272600.1,0.0
ENSG00000272601.1,0.0
ENSG00000272602.6,1.660908
ENSG00000272604.1,0.0
ENSG00000272606.3,0.545106
ENSG00000272609.1,0.0
ENSG00000272610.1,0.0
ENSG00000272617.3,7.653049
ENSG00000272619.2,0.0
ENSG00000272620.2,0.033597
ENSG00000272622.3,0.0
ENSG00000272625.1,2.104731
ENSG00000272626.2,0.0
ENSG00000272627.1,0.0
ENSG00000272630.1,0.292361
ENSG00000272631.2,0.073333
ENSG00000272632.1,4.223976
ENSG00000272634.3,0.0
ENSG00000272636.5,0.0
ENSG00000272638.1,0.404848
ENSG00000272642.2,0.0
ENSG00000272645.6,0.0
ENSG00000272646.1,0.0
ENSG00000272647.3,0.439392
ENSG00000272654.3,0.172842
ENSG00000272655.3,0.0
ENSG00000272656.1,0.0
ENSG00000272660.1,0.0
ENSG00000272661.1,2.186281
ENSG00000272662.1,0.0
ENSG00000272663.2,0.0
ENSG00000272664.1,0.0
ENSG00000272666.2,1.864919
ENSG00000272667.1,2.977929
ENSG00000272668.3,0.256151
ENSG00000272669.1,31.161454
ENSG00000272670.3,0.037957
ENSG00000272672.1,0.0
ENSG00000272674.4,0.0
ENSG00000272676.1,0.0
ENSG00000272677.4,0.0
ENSG00000272678.1,0.0
ENSG00000272679.1,0.0
ENSG00000272682.2,0.0
ENSG00000272685.1,0.0
ENSG00000272686.2,0.441899
ENSG00000272688.3,4.452278
ENSG00000272689.1,1.509213
ENSG00000272690.7,2.428527
ENSG00000272691.2,0.0
ENSG00000272692.3,0.0
ENSG00000272693.6,0.0
ENSG00000272694.2,0.0
ENSG00000272695.3,0.0
ENSG00000272696.1,4.08209
ENSG00000272699.1,0.0
ENSG00000272701.3,0.0
ENSG00000272702.2,0.0
ENSG00000272703.1,0.0
ENSG00000272707.1,0.0
ENSG00000272710.3,0.0
ENSG00000272711.1,1.168844
ENSG00000272712.1,0.0
ENSG00000272714.1,0.0
ENSG00000272715.2,0.0
ENSG00000272716.3,1.248656
ENSG00000272717.1,0.0
ENSG00000272719.1,2.061915
ENSG00000272720.1,0.179516
ENSG00000272721.6,0.335256
ENSG00000272727.3,0.0
ENSG00000272729.1,0.0
ENSG00000272733.1,0.750086
ENSG00000272734.2,1.176336
ENSG00000272735.3,0.0
ENSG00000272741.1,0.0
ENSG00000272742.1,0.0
ENSG00000272744.1,0.0
ENSG00000272745.1,0.0
ENSG00000272748.1,0.0
ENSG00000272750.1,0.090577
ENSG00000272752.7,18.920216
ENSG00000272754.1,0.378986
ENSG00000272758.8,5.367201
ENSG00000272760.1,0.0
ENSG00000272762.5,0.0
ENSG00000272763.2,0.0
ENSG00000272764.1,4.373452
ENSG00000272765.2,0.0
ENSG00000272767.2,0.388933
ENSG00000272768.2,0.0
ENSG00000272769.3,0.0
ENSG00000272770.1,0.0
ENSG00000272772.2,45.125528
ENSG00000272774.1,0.0
ENSG00000272777.1,0.0
ENSG00000272779.1,2.502661
ENSG00000272783.1,0.0
ENSG00000272784.1,0.0
ENSG00000272787.1,0.0
ENSG00000272788.1,0.0
ENSG00000272789.1,0.0
ENSG00000272791.1,0.299154
ENSG00000272793.1,0.0
ENSG00000272795.3,0.191948
ENSG00000272797.1,0.0
ENSG00000272798.1,0.0
ENSG00000272799.1,0.649359
ENSG00000272800.4,0.0
ENSG00000272801.1,0.0
ENSG00000272803.5,0.0
ENSG00000272804.3,0.0
ENSG00000272805.1,0.0
ENSG00000272807.1,0.811174
ENSG00000272808.5,0.518873
ENSG00000272810.1,0.0
ENSG00000272812.1,0.0
ENSG00000272814.1,0.0
ENSG00000272815.1,0.0
ENSG00000272817.1,0.0
ENSG00000272821.1,0.0
ENSG00000272822.2,0.0
ENSG00000272823.1,0.0
ENSG00000272824.1,0.0
ENSG00000272825.1,5.3145
ENSG00000272829.2,0.0
ENSG00000272831.3,8.101619
ENSG00000272832.2,0.0
ENSG00000272834.1,0.0
ENSG00000272836.1,0.775196
ENSG00000272837.1,0.0
ENSG00000272839.1,2.614435
ENSG00000272841.1,0.0
ENSG00000272842.1,0.0
ENSG00000272843.2,0.426598
ENSG00000272844.1,0.863131
ENSG00000272848.3,0.0
ENSG00000272849.1,0.0
ENSG00000272851.1,0.0
ENSG00000272853.3,0.0
ENSG00000272854.2,0.0
ENSG00000272855.1,0.0
ENSG00000272856.2,0.0
ENSG00000272858.1,0.798069
ENSG00000272861.2,0.0
ENSG00000272862.1,0.0
ENSG00000272864.1,0.0
ENSG00000272865.3,0.751904
ENSG00000272866.1,0.0
ENSG00000272870.5,1.134682
ENSG00000272871.1,0.825535
ENSG00000272874.1,0.0
ENSG00000272882.1,0.0
ENSG00000272884.1,0.062454
ENSG00000272885.1,0.0
ENSG00000272886.6,3.527262
ENSG00000272887.1,0.0
ENSG00000272888.9,59.033243
ENSG00000272892.2,0.0
ENSG00000272894.6,0.47656000000000004
ENSG00000272895.1,0.0
ENSG00000272896.1,0.853016
ENSG00000272897.5,0.0
ENSG00000272899.4,0.361325
ENSG00000272900.1,0.0
ENSG00000272901.5,0.0
ENSG00000272902.2,0.2917
ENSG00000272905.1,0.0
ENSG00000272906.2,0.736824
ENSG00000272908.1,2.252788
ENSG00000272909.1,0.529857
ENSG00000272910.1,0.0
ENSG00000272911.2,0.710115
ENSG00000272912.1,0.0
ENSG00000272913.3,0.0
ENSG00000272914.1,2.437228
ENSG00000272915.1,0.0
ENSG00000272916.5,1.030245
ENSG00000272918.1,0.181153
ENSG00000272920.1,0.0
ENSG00000272921.1,7.948352
ENSG00000272927.2,1.6596980000000001
ENSG00000272931.1,0.441858
ENSG00000272933.1,0.384227
ENSG00000272936.1,0.0
ENSG00000272937.3,0.0
ENSG00000272941.1,41.728326
ENSG00000272942.1,0.0
ENSG00000272944.1,0.0
ENSG00000272945.1,0.563956
ENSG00000272950.1,1.151239
ENSG00000272958.1,0.0
ENSG00000272963.1,0.410834
ENSG00000272966.1,0.0
ENSG00000272967.1,0.0
ENSG00000272968.5,0.0
ENSG00000272969.2,0.0
ENSG00000272970.6,0.146523
ENSG00000272973.3,0.184308
ENSG00000272975.3,0.0
ENSG00000272977.1,0.686419
ENSG00000272980.5,0.460214
ENSG00000272982.1,0.0
ENSG00000272983.1,0.0
ENSG00000272984.1,0.0
ENSG00000272986.1,1.20576
ENSG00000272987.1,0.0
ENSG00000272988.1,0.0
ENSG00000272989.1,0.0
ENSG00000272990.1,1.404887
ENSG00000272991.1,0.0
ENSG00000272994.3,0.328518
ENSG00000272995.1,0.0
ENSG00000273001.2,0.621192
ENSG00000273002.2,5.412645
ENSG00000273003.1,0.0
ENSG00000273004.2,3.130156
ENSG00000273006.1,2.090006
ENSG00000273007.2,0.192196
ENSG00000273008.2,0.0
ENSG00000273010.1,0.0
ENSG00000273011.1,0.0
ENSG00000273012.1,0.0
ENSG00000273013.1,0.0
ENSG00000273014.1,0.0
ENSG00000273015.3,0.724308
ENSG00000273017.1,1.702271
ENSG00000273018.8,1.627036
ENSG00000273024.7,0.0
ENSG00000273025.1,0.0
ENSG00000273026.1,0.987148
ENSG00000273027.1,0.0
ENSG00000273032.4,1.633982
ENSG00000273033.3,5.973752
ENSG00000273035.1,0.0
ENSG00000273036.4,0.0
ENSG00000273041.1,0.252299
ENSG00000273044.1,0.0
ENSG00000273045.7,0.154896
ENSG00000273046.1,0.0
ENSG00000273047.1,60.936592999999995
ENSG00000273049.1,0.0
ENSG00000273051.1,0.0
ENSG00000273055.2,2.922143
ENSG00000273056.1,0.0
ENSG00000273058.2,4.429592
ENSG00000273059.1,0.0
ENSG00000273061.4,0.0
ENSG00000273062.1,0.0
ENSG00000273063.1,0.0
ENSG00000273064.1,0.847297
ENSG00000273066.5,0.193653
ENSG00000273068.1,0.0
ENSG00000273069.1,0.0
ENSG00000273073.1,0.0
ENSG00000273076.1,3.931717
ENSG00000273077.2,0.0
ENSG00000273079.7,0.0
ENSG00000273080.3,0.340652
ENSG00000273082.2,0.0
ENSG00000273084.3,3.3934059999999997
ENSG00000273085.3,0.0
ENSG00000273086.1,0.0
ENSG00000273088.2,0.0
ENSG00000273090.1,0.775196
ENSG00000273091.1,0.0
ENSG00000273092.1,0.0
ENSG00000273093.1,0.0
ENSG00000273096.1,0.0
ENSG00000273098.4,0.0
ENSG00000273100.1,0.0
ENSG00000273102.3,0.0
ENSG00000273104.1,0.0
ENSG00000273106.2,0.0
ENSG00000273107.2,0.0
ENSG00000273108.1,0.537763
ENSG00000273110.1,3.181503
ENSG00000273111.6,0.0
ENSG00000273112.1,0.0
ENSG00000273113.1,0.0
ENSG00000273115.1,0.0
ENSG00000273117.2,3.325699
ENSG00000273118.2,0.0
ENSG00000273124.2,0.0
ENSG00000273125.3,0.0
ENSG00000273129.4,0.310223
ENSG00000273132.2,1.289436
ENSG00000273133.1,1.830908
ENSG00000273136.9,9.770466
ENSG00000273137.1,0.992142
ENSG00000273139.3,0.0
ENSG00000273141.1,0.0
ENSG00000273142.1,2.326232
ENSG00000273143.3,0.0
ENSG00000273145.2,0.250875
ENSG00000273148.3,0.743775
ENSG00000273149.2,0.0
ENSG00000273151.1,0.236967
ENSG00000273153.1,0.0
ENSG00000273154.3,9.989151
ENSG00000273155.1,0.0
ENSG00000273156.2,0.0
ENSG00000273160.1,0.0
ENSG00000273162.2,0.0
ENSG00000273165.1,0.0
ENSG00000273167.1,0.0
ENSG00000273171.1,0.0
ENSG00000273172.2,0.0
ENSG00000273173.6,0.0
ENSG00000273174.1,1.191258
ENSG00000273175.3,0.341611
ENSG00000273176.1,0.0
ENSG00000273177.1,0.0
ENSG00000273179.1,0.0
ENSG00000273180.1,0.0
ENSG00000273183.1,3.194565
ENSG00000273184.1,1.043176
ENSG00000273186.1,0.0
ENSG00000273188.1,0.456366
ENSG00000273189.1,1.71691
ENSG00000273192.1,0.515241
ENSG00000273196.1,0.0
ENSG00000273198.1,0.0
ENSG00000273199.1,0.0
ENSG00000273204.2,0.0
ENSG00000273209.2,0.0
ENSG00000273210.1,0.838538
ENSG00000273212.1,1.652572
ENSG00000273213.4,1.742329
ENSG00000273214.1,0.0
ENSG00000273216.1,1.555744
ENSG00000273217.1,0.0
ENSG00000273218.1,0.140948
ENSG00000273219.1,0.0
ENSG00000273221.1,3.419211
ENSG00000273225.5,0.0
ENSG00000273226.1,0.627464
ENSG00000273228.1,0.0
ENSG00000273230.1,1.191359
ENSG00000273232.1,0.0
ENSG00000273233.1,0.0
ENSG00000273234.1,0.0
ENSG00000273238.3,0.0
ENSG00000273240.1,0.0
ENSG00000273243.1,3.155025
ENSG00000273244.1,0.0
ENSG00000273245.1,0.655075
ENSG00000273247.8,1.410663
ENSG00000273248.3,0.0
ENSG00000273249.2,0.53049
ENSG00000273252.1,0.0
ENSG00000273253.3,5.094158
ENSG00000273254.1,0.0
ENSG00000273255.1,0.0
ENSG00000273257.2,0.746872
ENSG00000273258.2,0.0
ENSG00000273259.3,0.0
ENSG00000273261.1,0.0
ENSG00000273262.1,0.674852
ENSG00000273264.1,0.0
ENSG00000273265.2,4.123235
ENSG00000273267.1,0.0
ENSG00000273269.3,0.0
ENSG00000273270.2,0.777411
ENSG00000273271.1,0.676898
ENSG00000273272.3,10.830886
ENSG00000273274.2,0.106367
ENSG00000273275.1,0.0
ENSG00000273284.1,0.0
ENSG00000273287.3,0.0
ENSG00000273291.5,0.0
ENSG00000273293.1,3.543993
ENSG00000273294.1,0.0
ENSG00000273295.1,0.367397
ENSG00000273297.5,0.224975
ENSG00000273299.1,0.0
ENSG00000273300.1,0.0
ENSG00000273302.1,0.37106
ENSG00000273305.1,0.0
ENSG00000273306.1,0.0
ENSG00000273308.2,1.361084
ENSG00000273311.1,0.769498
ENSG00000273312.2,0.342674
ENSG00000273313.1,1.378853
ENSG00000273314.1,1.329661
ENSG00000273320.3,2.374736
ENSG00000273321.1,0.0
ENSG00000273325.1,0.0
ENSG00000273327.1,0.0
ENSG00000273328.5,0.0
ENSG00000273329.3,0.288507
ENSG00000273330.1,0.0
ENSG00000273331.1,0.0
ENSG00000273333.2,0.0
ENSG00000273335.1,0.0
ENSG00000273336.1,0.0
ENSG00000273338.2,0.0
ENSG00000273340.1,0.0
ENSG00000273341.3,2.251039
ENSG00000273342.1,0.0
ENSG00000273343.1,0.506231
ENSG00000273344.3,2.437863
ENSG00000273345.6,0.145587
ENSG00000273348.1,0.0
ENSG00000273350.1,0.0
ENSG00000273353.1,0.0
ENSG00000273355.3,0.71239
ENSG00000273356.1,3.330311
ENSG00000273360.2,0.0
ENSG00000273361.2,0.323536
ENSG00000273362.1,0.0
ENSG00000273365.1,0.0
ENSG00000273367.1,0.0
ENSG00000273368.1,0.0
ENSG00000273369.1,0.887716
ENSG00000273372.1,0.046372
ENSG00000273375.1,0.0
ENSG00000273377.1,0.0
ENSG00000273381.1,0.0
ENSG00000273382.1,0.331853
ENSG00000273384.2,0.577111
ENSG00000273387.1,0.91246
ENSG00000273391.2,0.201519
ENSG00000273394.1,0.0
ENSG00000273396.4,0.0
ENSG00000273397.4,0.0
ENSG00000273398.6,0.0
ENSG00000273399.2,0.0
ENSG00000273402.1,0.0
ENSG00000273406.2,0.0
ENSG00000273407.1,0.0
ENSG00000273408.1,0.0
ENSG00000273409.4,0.0
ENSG00000273413.1,0.0
ENSG00000273415.4,0.0
ENSG00000273416.2,0.0
ENSG00000273419.1,0.0
ENSG00000273420.1,9.57472
ENSG00000273423.1,0.0
ENSG00000273424.1,0.884267
ENSG00000273428.5,0.127671
ENSG00000273433.1,0.0
ENSG00000273434.1,0.0
ENSG00000273437.1,4.422116
ENSG00000273442.1,0.0
ENSG00000273443.2,0.0
ENSG00000273444.1,0.0
ENSG00000273445.2,2.077289
ENSG00000273447.1,0.43751
ENSG00000273448.1,0.257641
ENSG00000273449.1,0.0
ENSG00000273450.1,0.0
ENSG00000273451.1,0.546131
ENSG00000273454.1,0.0
ENSG00000273455.1,0.0
ENSG00000273456.3,0.0
ENSG00000273461.5,0.0
ENSG00000273464.1,0.0
ENSG00000273471.2,0.0
ENSG00000273472.3,0.0
ENSG00000273473.1,0.0
ENSG00000273474.1,0.0
ENSG00000273476.1,0.0
ENSG00000273483.1,0.0
ENSG00000273484.1,0.0
ENSG00000273485.1,1.911778
ENSG00000273487.1,0.0
ENSG00000273489.1,0.0
ENSG00000273492.7,0.0
ENSG00000273493.1,0.0
ENSG00000273494.3,12.965705
ENSG00000273497.1,0.0
ENSG00000273499.1,0.0
ENSG00000273500.1,0.0
ENSG00000273502.4,0.0
ENSG00000273507.8,0.0
ENSG00000273509.1,0.0
ENSG00000273510.1,0.0
ENSG00000273511.4,10.62232
ENSG00000273512.1,0.0
ENSG00000273513.2,0.0
ENSG00000273514.2,0.0
ENSG00000273515.1,0.0
ENSG00000273516.1,0.0
ENSG00000273517.1,0.0
ENSG00000273518.5,0.0
ENSG00000273520.6,0.0
ENSG00000273521.1,0.0
ENSG00000273523.1,0.0
ENSG00000273524.1,0.0
ENSG00000273526.1,0.0
ENSG00000273529.2,0.0
ENSG00000273533.3,0.0
ENSG00000273535.4,0.0
ENSG00000273536.1,0.0
ENSG00000273537.1,0.0
ENSG00000273539.3,0.0
ENSG00000273540.5,0.0
ENSG00000273541.1,3.556163
ENSG00000273542.3,0.0
ENSG00000273544.1,0.0
ENSG00000273549.1,0.0
ENSG00000273550.2,0.0
ENSG00000273551.1,0.0
ENSG00000273552.3,0.0
ENSG00000273553.1,0.0
ENSG00000273554.4,0.0
ENSG00000273555.1,0.0
ENSG00000273557.1,0.0
ENSG00000273558.1,0.0
ENSG00000273559.5,20.784145
ENSG00000273562.4,0.284239
ENSG00000273564.2,0.0
ENSG00000273565.3,0.0
ENSG00000273566.1,0.0
ENSG00000273567.1,0.0
ENSG00000273568.1,0.0
ENSG00000273569.1,0.0
ENSG00000273570.1,0.0
ENSG00000273571.1,0.0
ENSG00000273572.4,0.418203
ENSG00000273573.1,0.0
ENSG00000273574.1,2.078851
ENSG00000273575.4,0.0
ENSG00000273579.3,0.0
ENSG00000273580.1,0.0
ENSG00000273582.2,0.0
ENSG00000273584.1,0.0
ENSG00000273586.2,0.0
ENSG00000273587.1,0.0
ENSG00000273589.1,0.0
ENSG00000273590.6,0.0
ENSG00000273592.4,0.0
ENSG00000273593.1,0.0
ENSG00000273594.4,29.970562
ENSG00000273595.1,0.0
ENSG00000273596.1,0.0
ENSG00000273597.1,0.0
ENSG00000273598.1,0.0
ENSG00000273599.1,0.297159
ENSG00000273600.1,0.0
ENSG00000273603.1,0.0
ENSG00000273604.2,0.072568
ENSG00000273605.1,0.0
ENSG00000273606.1,0.0
ENSG00000273607.3,0.0
ENSG00000273608.4,0.0
ENSG00000273609.1,0.0
ENSG00000273610.1,0.0
ENSG00000273611.5,11.222335
ENSG00000273612.1,0.0
ENSG00000273616.4,0.0
ENSG00000273618.1,0.0
ENSG00000273619.3,1.292189
ENSG00000273621.1,0.0
ENSG00000273622.1,0.0
ENSG00000273623.1,0.0
ENSG00000273627.1,0.0
ENSG00000273628.1,7.272312
ENSG00000273629.1,0.0
ENSG00000273633.1,0.0
ENSG00000273634.1,0.0
ENSG00000273635.1,0.0
ENSG00000273637.1,0.0
ENSG00000273639.7,0.0
ENSG00000273640.1,0.0
ENSG00000273643.1,0.0
ENSG00000273644.1,0.870708
ENSG00000273645.2,3.307897
ENSG00000273648.1,0.0
ENSG00000273650.1,0.0
ENSG00000273651.4,0.0
ENSG00000273654.2,0.0
ENSG00000273656.5,0.0
ENSG00000273657.1,0.0
ENSG00000273658.1,0.0
ENSG00000273659.1,0.0
ENSG00000273661.6,0.0
ENSG00000273664.1,0.0
ENSG00000273668.1,0.0
ENSG00000273669.1,11.324617
ENSG00000273674.7,0.0
ENSG00000273675.1,0.0
ENSG00000273677.1,0.0
ENSG00000273679.1,0.0
ENSG00000273680.1,0.0
ENSG00000273682.1,0.0
ENSG00000273686.4,925.151617
ENSG00000273687.1,0.0
ENSG00000273688.1,0.0
ENSG00000273691.1,0.0
ENSG00000273692.1,0.0
ENSG00000273693.1,0.0
ENSG00000273694.1,0.0
ENSG00000273696.5,0.0
ENSG00000273698.1,0.0
ENSG00000273700.1,0.0
ENSG00000273701.1,0.0
ENSG00000273702.2,0.217278
ENSG00000273703.2,0.0
ENSG00000273704.1,0.0
ENSG00000273706.5,0.0
ENSG00000273707.4,11.564938999999999
ENSG00000273710.1,0.0
ENSG00000273711.2,0.117714
ENSG00000273712.1,0.0
ENSG00000273715.5,0.0
ENSG00000273716.2,0.0
ENSG00000273719.1,0.0
ENSG00000273720.1,0.0
ENSG00000273721.1,0.0
ENSG00000273722.4,0.0
ENSG00000273723.3,0.740918
ENSG00000273724.1,0.0
ENSG00000273725.1,0.0
ENSG00000273726.1,0.0
ENSG00000273727.1,0.0
ENSG00000273731.1,0.0
ENSG00000273732.1,0.0
ENSG00000273734.1,0.0
ENSG00000273735.4,0.0
ENSG00000273736.2,0.0
ENSG00000273738.4,0.0
ENSG00000273740.1,0.384504
ENSG00000273741.1,0.0
ENSG00000273742.1,0.0
ENSG00000273744.1,0.0
ENSG00000273745.1,0.0
ENSG00000273746.1,0.0
ENSG00000273747.1,0.0
ENSG00000273748.1,0.0
ENSG00000273749.5,7.817921
ENSG00000273750.1,0.0
ENSG00000273753.1,0.0
ENSG00000273755.5,0.0
ENSG00000273756.5,0.0
ENSG00000273758.1,0.0
ENSG00000273759.1,2.291236
ENSG00000273760.1,0.0
ENSG00000273761.5,62.120575
ENSG00000273762.1,0.0
ENSG00000273763.5,0.0
ENSG00000273767.1,0.0
ENSG00000273769.6,0.0
ENSG00000273772.4,0.786565
ENSG00000273773.1,0.0
ENSG00000273775.5,0.0
ENSG00000273776.1,0.0
ENSG00000273777.6,0.0
ENSG00000273778.1,0.0
ENSG00000273780.2,0.0
ENSG00000273782.1,0.0
ENSG00000273783.3,0.0
ENSG00000273784.6,0.915431
ENSG00000273785.2,0.0
ENSG00000273786.1,0.0
ENSG00000273788.1,0.0
ENSG00000273791.1,0.0
ENSG00000273792.1,0.0
ENSG00000273793.3,0.0
ENSG00000273796.2,0.0
ENSG00000273797.1,0.0
ENSG00000273799.1,0.0
ENSG00000273800.1,0.0
ENSG00000273802.3,1.493743
ENSG00000273805.2,0.0
ENSG00000273806.1,0.0
ENSG00000273807.2,0.0
ENSG00000273812.3,1.5331739999999998
ENSG00000273813.1,0.0
ENSG00000273814.4,0.0
ENSG00000273816.1,0.0
ENSG00000273818.1,0.0
ENSG00000273819.1,0.0
ENSG00000273820.2,1.079379
ENSG00000273821.1,0.0
ENSG00000273822.5,0.0
ENSG00000273824.1,1.646483
ENSG00000273825.1,0.0
ENSG00000273827.2,0.0
ENSG00000273828.3,0.329419
ENSG00000273829.1,0.0
ENSG00000273830.1,0.0
ENSG00000273831.2,0.718464
ENSG00000273835.1,0.0
ENSG00000273836.1,0.0
ENSG00000273838.2,0.0
ENSG00000273840.2,0.0
ENSG00000273841.6,11.211808999999999
ENSG00000273843.1,0.0
ENSG00000273844.1,0.0
ENSG00000273846.1,0.0
ENSG00000273847.1,1.202209
ENSG00000273849.1,0.0
ENSG00000273850.3,6.462574
ENSG00000273851.1,0.0
ENSG00000273853.1,0.0
ENSG00000273855.1,9.936276
ENSG00000273858.1,0.0
ENSG00000273859.4,0.0
ENSG00000273860.1,0.0
ENSG00000273863.1,0.0
ENSG00000273865.2,0.0
ENSG00000273866.1,0.0
ENSG00000273870.1,0.0
ENSG00000273872.1,0.0
ENSG00000273873.4,0.0
ENSG00000273876.1,0.0
ENSG00000273877.5,0.0
ENSG00000273880.1,0.0
ENSG00000273882.1,0.0
ENSG00000273884.4,1.731158
ENSG00000273885.1,0.0
ENSG00000273886.1,0.0
ENSG00000273887.1,0.0
ENSG00000273889.2,0.0
ENSG00000273891.1,0.0
ENSG00000273893.1,1.312531
ENSG00000273894.1,0.0
ENSG00000273897.1,0.0
ENSG00000273898.1,0.0
ENSG00000273899.5,50.27201
ENSG00000273900.1,0.0
ENSG00000273901.1,0.0
ENSG00000273904.1,0.0
ENSG00000273906.1,0.0
ENSG00000273907.1,0.383722
ENSG00000273908.1,0.0
ENSG00000273909.1,1.101596
ENSG00000273911.1,0.0
ENSG00000273912.1,0.0
ENSG00000273913.1,0.0
ENSG00000273914.2,0.0
ENSG00000273919.1,0.0
ENSG00000273920.1,0.0
ENSG00000273925.1,0.0
ENSG00000273931.1,0.0
ENSG00000273932.1,0.0
ENSG00000273933.1,0.0
ENSG00000273936.4,34.01521
ENSG00000273942.1,0.0
ENSG00000273945.1,0.0
ENSG00000273946.1,0.0
ENSG00000273947.5,0.0
ENSG00000273948.1,0.0
ENSG00000273950.1,0.0
ENSG00000273951.1,0.0
ENSG00000273954.1,0.0
ENSG00000273955.1,0.0
ENSG00000273956.2,0.0
ENSG00000273957.2,0.05963
ENSG00000273958.1,0.0
ENSG00000273961.1,0.0
ENSG00000273962.2,0.0
ENSG00000273963.1,0.0
ENSG00000273964.1,0.0
ENSG00000273965.1,0.0
ENSG00000273966.1,0.0
ENSG00000273971.1,0.0
ENSG00000273972.1,0.0
ENSG00000273973.1,0.0
ENSG00000273974.1,0.0
ENSG00000273975.1,0.0
ENSG00000273976.2,0.0
ENSG00000273978.1,0.0
ENSG00000273979.1,0.0
ENSG00000273980.1,1.017603
ENSG00000273981.1,0.0
ENSG00000273982.1,0.0
ENSG00000273983.2,0.729871
ENSG00000273986.1,0.0
ENSG00000273987.1,0.447191
ENSG00000273988.1,0.0
ENSG00000273989.1,0.0
ENSG00000273991.4,0.0
ENSG00000273993.4,0.0
ENSG00000273994.1,0.0
ENSG00000273997.1,0.0
ENSG00000273998.2,0.0
ENSG00000273999.1,0.0
ENSG00000274000.4,491.631495
ENSG00000274001.1,0.860808
ENSG00000274002.2,0.0
ENSG00000274004.1,0.0
ENSG00000274006.1,0.0
ENSG00000274008.1,0.0
ENSG00000274010.1,0.0
ENSG00000274011.1,0.0
ENSG00000274012.1,2985.687551
ENSG00000274015.4,0.468875
ENSG00000274017.1,0.0
ENSG00000274019.1,0.0
ENSG00000274020.6,22.763141
ENSG00000274021.1,1.937506
ENSG00000274022.1,0.0
ENSG00000274023.1,0.0
ENSG00000274024.1,0.0
ENSG00000274026.3,3.273018
ENSG00000274028.1,0.0
ENSG00000274029.1,2.42094
ENSG00000274033.1,0.0
ENSG00000274034.1,0.0
ENSG00000274036.5,0.0
ENSG00000274038.1,0.0
ENSG00000274039.1,0.0
ENSG00000274041.1,0.0
ENSG00000274042.2,0.0
ENSG00000274044.6,0.0
ENSG00000274045.1,0.0
ENSG00000274047.4,0.0
ENSG00000274049.4,8.890674
ENSG00000274051.1,5.859951
ENSG00000274052.3,0.0
ENSG00000274054.1,0.0
ENSG00000274055.1,0.0
ENSG00000274056.1,0.0
ENSG00000274058.3,0.0
ENSG00000274059.1,0.0
ENSG00000274063.1,0.0
ENSG00000274064.1,0.0
ENSG00000274066.1,0.0
ENSG00000274070.2,1.801392
ENSG00000274072.1,0.0
ENSG00000274073.1,0.0
ENSG00000274075.1,0.0
ENSG00000274079.1,0.0
ENSG00000274080.1,0.0
ENSG00000274084.4,3.284315
ENSG00000274086.1,0.0
ENSG00000274089.4,0.0
ENSG00000274090.2,0.0
ENSG00000274091.1,0.0
ENSG00000274092.1,0.0
ENSG00000274093.1,0.0
ENSG00000274097.1,0.0
ENSG00000274098.1,0.0
ENSG00000274099.1,0.0
ENSG00000274101.3,0.0
ENSG00000274102.3,0.0
ENSG00000274104.3,0.42018
ENSG00000274105.1,0.334741
ENSG00000274106.1,0.0
ENSG00000274107.2,0.0
ENSG00000274108.5,0.0
ENSG00000274109.2,0.0
ENSG00000274110.4,69.486645
ENSG00000274111.1,0.0
ENSG00000274114.3,0.0
ENSG00000274115.1,0.0
ENSG00000274116.1,0.0
ENSG00000274118.1,0.0
ENSG00000274121.1,0.0
ENSG00000274122.1,0.0
ENSG00000274124.1,0.0
ENSG00000274126.4,0.0
ENSG00000274127.1,0.0
ENSG00000274128.1,0.0
ENSG00000274129.4,0.0
ENSG00000274131.3,40.221429
ENSG00000274133.1,0.0
ENSG00000274134.1,0.0
ENSG00000274135.1,0.0
ENSG00000274137.2,2.605601
ENSG00000274139.1,0.685197
ENSG00000274143.1,0.0
ENSG00000274145.2,0.0
ENSG00000274146.5,0.0
ENSG00000274148.6,131.460744
ENSG00000274149.1,0.0
ENSG00000274150.1,0.0
ENSG00000274154.1,0.0
ENSG00000274156.1,0.0
ENSG00000274157.1,0.0
ENSG00000274159.1,0.0
ENSG00000274161.4,0.0
ENSG00000274162.1,0.0
ENSG00000274163.1,0.0
ENSG00000274164.1,0.0
ENSG00000274166.2,0.0
ENSG00000274167.5,0.0
ENSG00000274168.1,0.0
ENSG00000274170.1,0.0
ENSG00000274172.1,0.0
ENSG00000274173.2,1.717357
ENSG00000274174.4,0.0
ENSG00000274177.1,0.0
ENSG00000274178.2,0.0
ENSG00000274180.1,37.904458
ENSG00000274181.1,0.0
ENSG00000274183.2,0.0
ENSG00000274184.1,0.121528
ENSG00000274185.4,5.963031
ENSG00000274186.1,0.0
ENSG00000274191.1,0.631011
ENSG00000274192.1,0.0
ENSG00000274193.4,0.0
ENSG00000274195.2,0.0
ENSG00000274197.1,0.0
ENSG00000274198.1,0.0
ENSG00000274199.1,0.0
ENSG00000274202.1,0.0
ENSG00000274204.1,0.0
ENSG00000274205.4,0.0
ENSG00000274206.1,0.0
ENSG00000274209.7,0.0
ENSG00000274210.1,0.0
ENSG00000274211.6,3.88276
ENSG00000274212.1,0.0
ENSG00000274213.3,9.209909
ENSG00000274214.1,0.0
ENSG00000274215.1,0.0
ENSG00000274216.1,0.0
ENSG00000274219.1,0.0
ENSG00000274220.1,0.093985
ENSG00000274221.2,0.0
ENSG00000274225.2,0.185229
ENSG00000274226.6,0.0
ENSG00000274227.1,0.510878
ENSG00000274228.1,0.0
ENSG00000274229.2,0.0
ENSG00000274230.1,0.0
ENSG00000274231.1,0.0
ENSG00000274232.4,0.0
ENSG00000274233.4,16.416373
ENSG00000274234.1,0.0
ENSG00000274235.1,0.0
ENSG00000274236.3,0.0
ENSG00000274238.1,0.0
ENSG00000274240.2,0.163799
ENSG00000274242.1,0.0
ENSG00000274243.5,0.0
ENSG00000274244.1,0.0
ENSG00000274247.4,0.0
ENSG00000274248.2,0.0
ENSG00000274251.2,0.374813
ENSG00000274252.1,0.0
ENSG00000274253.7,0.0
ENSG00000274254.1,0.0
ENSG00000274256.1,0.0
ENSG00000274258.1,0.0
ENSG00000274259.3,1.446274
ENSG00000274261.2,0.0
ENSG00000274263.1,0.0
ENSG00000274265.6,6.324134
ENSG00000274266.1,24.054288
ENSG00000274269.1,0.0
ENSG00000274270.2,0.271398
ENSG00000274272.1,31.501719
ENSG00000274273.1,0.0
ENSG00000274274.2,0.0
ENSG00000274275.1,0.0
ENSG00000274276.6,0.0
ENSG00000274279.1,0.0
ENSG00000274280.1,0.0
ENSG00000274281.1,0.263126
ENSG00000274282.1,0.0
ENSG00000274283.5,0.0
ENSG00000274286.2,0.0
ENSG00000274287.4,0.0
ENSG00000274290.3,0.464428
ENSG00000274292.3,0.0
ENSG00000274293.1,0.0
ENSG00000274294.1,0.0
ENSG00000274295.1,0.0
ENSG00000274296.3,0.0
ENSG00000274297.1,0.0
ENSG00000274299.1,0.0
ENSG00000274300.1,0.0
ENSG00000274303.1,0.0
ENSG00000274305.4,25.958751000000003
ENSG00000274306.1,0.0
ENSG00000274308.1,0.0
ENSG00000274309.1,0.0
ENSG00000274310.1,0.0
ENSG00000274311.4,1.309876
ENSG00000274314.1,0.0
ENSG00000274315.1,0.0
ENSG00000274316.1,0.0
ENSG00000274317.2,0.134072
ENSG00000274319.1,0.0
ENSG00000274320.2,0.0
ENSG00000274321.1,0.0
ENSG00000274322.1,0.242333
ENSG00000274323.1,0.0
ENSG00000274324.1,0.0
ENSG00000274326.1,0.0
ENSG00000274328.1,0.0
ENSG00000274330.1,0.0
ENSG00000274331.1,0.0
ENSG00000274332.3,6.253364
ENSG00000274333.5,0.0
ENSG00000274334.1,0.085033
ENSG00000274336.2,17.953127
ENSG00000274338.2,0.0
ENSG00000274340.1,0.0
ENSG00000274341.1,0.0
ENSG00000274342.1,0.0
ENSG00000274343.1,0.0
ENSG00000274344.1,0.0
ENSG00000274345.1,0.0
ENSG00000274346.1,0.0
ENSG00000274347.1,0.0
ENSG00000274348.2,0.0
ENSG00000274349.5,0.343666
ENSG00000274350.1,0.0
ENSG00000274351.1,0.0
ENSG00000274352.4,0.0
ENSG00000274353.1,0.0
ENSG00000274354.1,0.0
ENSG00000274355.1,0.0
ENSG00000274356.1,0.0
ENSG00000274357.1,0.0
ENSG00000274359.1,287.383132
ENSG00000274362.1,0.0
ENSG00000274363.1,0.811174
ENSG00000274364.1,0.0
ENSG00000274365.1,0.0
ENSG00000274369.1,0.0
ENSG00000274370.1,0.0
ENSG00000274372.6,0.9299459999999999
ENSG00000274373.1,0.0
ENSG00000274374.1,0.0
ENSG00000274376.5,0.826892
ENSG00000274378.1,0.0
ENSG00000274379.1,0.0
ENSG00000274380.1,0.0
ENSG00000274381.1,0.0
ENSG00000274382.2,0.0
ENSG00000274383.1,18.425334
ENSG00000274384.4,0.0
ENSG00000274385.1,0.0
ENSG00000274386.6,0.0
ENSG00000274387.1,0.0
ENSG00000274390.1,0.0
ENSG00000274391.5,0.0
ENSG00000274392.4,0.0
ENSG00000274396.1,0.0
ENSG00000274397.1,0.0
ENSG00000274398.1,0.0
ENSG00000274400.1,0.0
ENSG00000274403.1,0.0
ENSG00000274404.3,0.0
ENSG00000274405.4,0.0
ENSG00000274406.1,0.0
ENSG00000274408.1,0.0
ENSG00000274409.1,0.0
ENSG00000274412.5,0.0
ENSG00000274414.1,0.103729
ENSG00000274415.1,0.0
ENSG00000274417.1,0.0
ENSG00000274419.7,0.0
ENSG00000274420.1,0.0
ENSG00000274421.1,0.0
ENSG00000274422.1,0.0
ENSG00000274423.1,0.0
ENSG00000274424.1,0.0
ENSG00000274425.1,1.272318
ENSG00000274427.1,0.0
ENSG00000274428.1,0.0
ENSG00000274429.2,0.0
ENSG00000274430.1,0.0
ENSG00000274434.1,0.0
ENSG00000274437.4,1.457186
ENSG00000274439.3,0.0
ENSG00000274441.1,0.0
ENSG00000274442.2,0.0
ENSG00000274443.5,0.0
ENSG00000274445.1,0.0
ENSG00000274446.1,0.0
ENSG00000274447.2,0.0
ENSG00000274449.1,0.38805
ENSG00000274450.1,0.0
ENSG00000274451.1,0.0
ENSG00000274452.1,0.0
ENSG00000274454.4,0.41835
ENSG00000274455.1,0.0
ENSG00000274458.1,0.0
ENSG00000274459.1,0.0
ENSG00000274460.2,0.854025
ENSG00000274461.3,0.0
ENSG00000274465.5,0.0
ENSG00000274466.1,0.0
ENSG00000274467.1,0.0
ENSG00000274468.1,0.0
ENSG00000274469.3,0.0
ENSG00000274471.3,0.0
ENSG00000274472.1,0.0
ENSG00000274473.2,0.0
ENSG00000274474.3,0.0
ENSG00000274475.1,0.0
ENSG00000274476.1,0.0
ENSG00000274478.1,0.0
ENSG00000274480.1,0.0
ENSG00000274481.1,0.0
ENSG00000274486.1,0.0
ENSG00000274487.5,0.0
ENSG00000274488.4,0.0
ENSG00000274489.1,0.0
ENSG00000274491.1,0.0
ENSG00000274492.1,0.0
ENSG00000274493.1,0.0
ENSG00000274494.1,0.0
ENSG00000274495.1,0.0
ENSG00000274497.2,53.248391
ENSG00000274498.1,0.0
ENSG00000274499.2,0.0
ENSG00000274500.1,0.0
ENSG00000274501.1,1.765567
ENSG00000274502.1,0.0
ENSG00000274503.1,0.0
ENSG00000274505.1,2.074435
ENSG00000274507.1,0.0
ENSG00000274508.1,0.0
ENSG00000274510.1,0.0
ENSG00000274512.6,26.959087
ENSG00000274513.4,12.289233
ENSG00000274514.1,0.0
ENSG00000274515.1,2.863264
ENSG00000274516.3,0.0
ENSG00000274520.1,0.0
ENSG00000274523.5,15.863667000000001
ENSG00000274525.1,0.0
ENSG00000274528.1,0.329775
ENSG00000274529.6,0.0
ENSG00000274532.1,0.0
ENSG00000274533.1,0.0
ENSG00000274535.1,0.0
ENSG00000274536.10,317.540905
ENSG00000274538.2,0.0
ENSG00000274541.1,0.0
ENSG00000274542.1,0.0
ENSG00000274544.1,0.0
ENSG00000274547.1,0.0
ENSG00000274549.1,0.0
ENSG00000274551.1,0.0
ENSG00000274552.1,0.0
ENSG00000274553.1,0.0
ENSG00000274554.1,0.0
ENSG00000274556.1,0.0
ENSG00000274559.3,0.0
ENSG00000274560.1,0.0
ENSG00000274561.1,3.482831
ENSG00000274562.1,0.0
ENSG00000274563.1,0.0
ENSG00000274565.2,0.0
ENSG00000274569.1,0.0
ENSG00000274570.6,0.121528
ENSG00000274571.4,0.0
ENSG00000274572.1,0.0
ENSG00000274576.2,2.591972
ENSG00000274577.2,0.0
ENSG00000274578.1,0.0
ENSG00000274579.1,0.0
ENSG00000274580.4,0.0
ENSG00000274582.1,0.0
ENSG00000274583.2,0.0
ENSG00000274584.1,0.0
ENSG00000274585.2,0.0
ENSG00000274587.5,131.049691
ENSG00000274588.2,0.03044
ENSG00000274589.1,0.0
ENSG00000274591.1,0.0
ENSG00000274594.1,0.0
ENSG00000274598.1,0.0
ENSG00000274599.2,0.0
ENSG00000274600.2,0.539647
ENSG00000274601.1,0.0
ENSG00000274602.6,0.0
ENSG00000274603.1,0.0
ENSG00000274605.5,0.0
ENSG00000274606.1,0.0
ENSG00000274607.1,0.0
ENSG00000274611.4,0.0
ENSG00000274612.1,0.0
ENSG00000274614.1,0.0
ENSG00000274615.1,0.0
ENSG00000274616.4,0.0
ENSG00000274617.1,0.0
ENSG00000274618.2,0.0
ENSG00000274619.2,13.858726
ENSG00000274620.1,0.0
ENSG00000274621.1,0.0
ENSG00000274624.1,0.0
ENSG00000274625.1,0.0
ENSG00000274626.3,0.0
ENSG00000274628.6,0.0
ENSG00000274629.2,0.0
ENSG00000274630.1,0.0
ENSG00000274631.1,0.0
ENSG00000274632.1,0.0
ENSG00000274636.2,0.0
ENSG00000274637.1,0.0
ENSG00000274639.1,0.0
ENSG00000274640.1,0.0
ENSG00000274641.2,0.0
ENSG00000274642.1,0.0
ENSG00000274646.4,1.925256
ENSG00000274647.1,0.0
ENSG00000274649.1,0.0
ENSG00000274653.1,0.0
ENSG00000274654.1,0.0
ENSG00000274655.1,0.0
ENSG00000274656.1,0.0
ENSG00000274658.1,0.0
ENSG00000274659.5,0.0
ENSG00000274660.1,0.0
ENSG00000274662.1,0.0
ENSG00000274664.1,0.0
ENSG00000274665.3,0.0
ENSG00000274666.1,0.0
ENSG00000274667.1,0.455432
ENSG00000274669.5,3.4482139999999997
ENSG00000274670.1,0.0
ENSG00000274671.4,0.0
ENSG00000274675.4,3.508609
ENSG00000274677.1,0.0
ENSG00000274678.1,0.625706
ENSG00000274679.4,0.803319
ENSG00000274680.1,0.0
ENSG00000274682.1,0.0
ENSG00000274684.4,0.543486
ENSG00000274685.2,0.0
ENSG00000274686.1,0.0
ENSG00000274688.1,0.0
ENSG00000274691.1,0.0
ENSG00000274692.1,0.0
ENSG00000274693.1,0.0
ENSG00000274695.1,0.0
ENSG00000274696.2,0.0
ENSG00000274697.1,0.0
ENSG00000274698.1,0.0
ENSG00000274699.4,0.0
ENSG00000274701.1,0.0
ENSG00000274702.1,0.0
ENSG00000274704.1,0.0
ENSG00000274705.2,0.0
ENSG00000274707.5,0.0
ENSG00000274709.1,0.0
ENSG00000274711.1,0.0
ENSG00000274712.3,0.0
ENSG00000274713.1,0.0
ENSG00000274714.1,0.0
ENSG00000274716.1,0.0
ENSG00000274717.1,0.316631
ENSG00000274718.1,0.0
ENSG00000274719.1,0.0
ENSG00000274721.1,0.0
ENSG00000274722.4,0.0
ENSG00000274723.2,0.0
ENSG00000274724.1,0.0
ENSG00000274726.4,0.0
ENSG00000274727.1,0.0
ENSG00000274729.1,0.0
ENSG00000274730.1,0.0
ENSG00000274732.1,0.0
ENSG00000274736.5,15.327317
ENSG00000274737.1,0.685197
ENSG00000274740.1,0.0
ENSG00000274741.1,0.0
ENSG00000274742.1,0.0
ENSG00000274746.4,0.897092
ENSG00000274748.1,0.0
ENSG00000274749.1,0.0
ENSG00000274750.3,0.178873
ENSG00000274751.2,0.120834
ENSG00000274752.1,28.926276
ENSG00000274755.1,0.0
ENSG00000274756.1,0.0
ENSG00000274758.1,0.0
ENSG00000274759.1,0.0
ENSG00000274760.1,0.0
ENSG00000274763.1,0.0
ENSG00000274764.6,0.0
ENSG00000274765.1,0.908953
ENSG00000274766.3,0.0
ENSG00000274767.2,1.747047
ENSG00000274768.2,3.706203
ENSG00000274769.1,0.0
ENSG00000274770.1,0.0
ENSG00000274772.1,0.0
ENSG00000274775.3,0.0
ENSG00000274776.1,0.0
ENSG00000274777.1,0.0
ENSG00000274779.4,15.93499
ENSG00000274780.2,8.807625999999999
ENSG00000274782.1,0.0
ENSG00000274785.1,0.0
ENSG00000274786.1,0.0
ENSG00000274788.5,0.0
ENSG00000274792.1,0.0
ENSG00000274796.4,0.0
ENSG00000274797.1,0.0
ENSG00000274798.2,0.0
ENSG00000274799.1,0.0
ENSG00000274800.1,0.0
ENSG00000274801.1,0.0
ENSG00000274803.4,0.0
ENSG00000274805.1,0.0
ENSG00000274807.4,0.0
ENSG00000274808.6,1.209777
ENSG00000274809.1,0.0
ENSG00000274810.4,3.044979
ENSG00000274811.3,0.0
ENSG00000274813.1,0.0
ENSG00000274814.1,0.0
ENSG00000274816.1,0.0
ENSG00000274817.1,0.0
ENSG00000274818.1,0.0
ENSG00000274819.1,0.0
ENSG00000274820.1,0.0
ENSG00000274821.5,0.0
ENSG00000274822.1,0.0
ENSG00000274823.1,0.0
ENSG00000274824.1,0.0
ENSG00000274825.1,0.0
ENSG00000274827.5,0.0
ENSG00000274829.4,0.0
ENSG00000274830.5,0.0
ENSG00000274832.1,0.0
ENSG00000274833.1,0.0
ENSG00000274834.1,0.0
ENSG00000274835.1,0.0
ENSG00000274836.1,0.0
ENSG00000274837.1,0.0
ENSG00000274838.1,0.0
ENSG00000274839.5,0.0
ENSG00000274840.6,0.0
ENSG00000274841.1,0.0
ENSG00000274843.3,1.301614
ENSG00000274844.1,0.0
ENSG00000274845.1,0.0
ENSG00000274847.1,0.0
ENSG00000274848.1,2.237946
ENSG00000274849.1,0.0
ENSG00000274852.1,0.0
ENSG00000274853.2,0.0
ENSG00000274854.2,0.0
ENSG00000274855.1,0.0
ENSG00000274859.2,0.320735
ENSG00000274860.1,0.0
ENSG00000274863.2,0.0
ENSG00000274864.1,0.0
ENSG00000274866.1,0.0
ENSG00000274867.1,0.0
ENSG00000274870.1,0.0
ENSG00000274874.2,0.0
ENSG00000274875.1,0.0
ENSG00000274878.1,0.0
ENSG00000274879.1,0.0
ENSG00000274881.1,0.0
ENSG00000274882.4,0.0
ENSG00000274883.1,2.153891
ENSG00000274884.1,0.0
ENSG00000274886.1,0.0
ENSG00000274891.3,17.614387999999998
ENSG00000274892.1,0.0
ENSG00000274893.2,0.0
ENSG00000274895.1,0.0
ENSG00000274898.1,0.640056
ENSG00000274899.1,0.0
ENSG00000274901.2,0.0
ENSG00000274903.1,0.0
ENSG00000274904.1,0.0
ENSG00000274912.1,0.0
ENSG00000274914.4,197.849748
ENSG00000274915.1,0.0
ENSG00000274918.1,0.0
ENSG00000274919.1,0.0
ENSG00000274921.2,0.0
ENSG00000274922.4,5.143295
ENSG00000274923.1,0.0
ENSG00000274925.2,0.836837
ENSG00000274926.1,0.0
ENSG00000274927.1,0.0
ENSG00000274928.7,0.0
ENSG00000274929.1,2.250128
ENSG00000274930.1,0.0
ENSG00000274932.1,0.0
ENSG00000274933.6,0.313457
ENSG00000274934.1,0.0
ENSG00000274935.5,45.071543000000005
ENSG00000274937.2,0.0
ENSG00000274939.2,2.3463450000000003
ENSG00000274940.1,0.0
ENSG00000274942.1,0.0
ENSG00000274943.1,0.901769
ENSG00000274944.4,0.0
ENSG00000274945.4,0.0
ENSG00000274948.5,0.0
ENSG00000274950.4,70.661636
ENSG00000274952.5,0.0
ENSG00000274954.1,0.0
ENSG00000274955.4,0.0
ENSG00000274958.4,0.92847
ENSG00000274963.1,5.553591
ENSG00000274964.1,0.190794
ENSG00000274965.4,0.0
ENSG00000274966.1,0.0
ENSG00000274967.1,0.0
ENSG00000274968.1,0.0
ENSG00000274969.1,0.0
ENSG00000274970.1,0.0
ENSG00000274971.1,0.0
ENSG00000274972.3,0.0
ENSG00000274973.1,0.0
ENSG00000274975.1,0.0
ENSG00000274976.1,0.0
ENSG00000274977.1,0.0
ENSG00000274978.2,0.0
ENSG00000274979.1,0.260631
ENSG00000274985.1,0.0
ENSG00000274986.1,0.0
ENSG00000274987.1,0.0
ENSG00000274988.1,0.0
ENSG00000274993.1,0.0
ENSG00000274994.1,0.0
ENSG00000274995.1,0.0
ENSG00000274996.2,0.0
ENSG00000274997.2,0.0
ENSG00000274998.1,0.0
ENSG00000274999.1,0.0
ENSG00000275001.1,0.0
ENSG00000275002.2,0.0
ENSG00000275003.3,3.287009
ENSG00000275004.4,0.252442
ENSG00000275005.1,0.0
ENSG00000275008.1,0.0
ENSG00000275009.2,0.0
ENSG00000275011.1,0.0
ENSG00000275012.1,0.0
ENSG00000275013.4,0.0
ENSG00000275014.1,0.0
ENSG00000275015.1,0.0
ENSG00000275016.5,0.0
ENSG00000275017.1,0.0
ENSG00000275018.6,0.065616
ENSG00000275019.5,168.861833
ENSG00000275022.1,38.086889
ENSG00000275023.5,26.201448999999997
ENSG00000275024.1,0.0
ENSG00000275025.1,0.0
ENSG00000275026.2,0.0
ENSG00000275029.2,0.0
ENSG00000275031.2,60.758241
ENSG00000275033.1,0.0
ENSG00000275034.3,0.0
ENSG00000275035.2,23.935683
ENSG00000275036.1,0.0
ENSG00000275037.5,0.0
ENSG00000275038.2,0.0
ENSG00000275040.2,0.0
ENSG00000275041.1,0.0
ENSG00000275043.1,0.0
ENSG00000275045.4,0.507023
ENSG00000275046.1,0.0
ENSG00000275047.1,0.0
ENSG00000275048.1,0.0
ENSG00000275049.1,0.0
ENSG00000275050.4,0.0
ENSG00000275051.2,0.0
ENSG00000275052.5,7.088076999999999
ENSG00000275054.1,0.0
ENSG00000275055.3,0.181006
ENSG00000275056.1,0.247247
ENSG00000275059.1,0.0
ENSG00000275060.1,0.0
ENSG00000275061.2,0.0
ENSG00000275062.1,0.0
ENSG00000275063.1,0.0
ENSG00000275064.1,0.0
ENSG00000275066.5,12.436019
ENSG00000275067.1,0.0
ENSG00000275068.1,0.0
ENSG00000275069.1,0.0
ENSG00000275070.1,0.0
ENSG00000275071.1,0.0
ENSG00000275072.1,0.0
ENSG00000275074.3,11.045514
ENSG00000275075.1,0.0
ENSG00000275078.1,0.0
ENSG00000275079.3,34.321027
ENSG00000275080.5,0.0
ENSG00000275082.4,0.0
ENSG00000275083.4,0.0
ENSG00000275084.4,0.0
ENSG00000275088.1,0.0
ENSG00000275090.1,0.0
ENSG00000275091.1,0.0
ENSG00000275092.1,0.0
ENSG00000275094.1,0.0
ENSG00000275095.2,0.077072
ENSG00000275097.1,0.0
ENSG00000275099.2,0.0
ENSG00000275101.1,0.0
ENSG00000275102.2,0.0
ENSG00000275103.1,0.0
ENSG00000275106.1,0.0
ENSG00000275107.1,0.0
ENSG00000275108.1,0.0
ENSG00000275109.1,0.0
ENSG00000275110.1,0.0
ENSG00000275111.5,2.230622
ENSG00000275113.1,0.0
ENSG00000275115.1,0.0
ENSG00000275116.1,0.0
ENSG00000275118.4,37.978009
ENSG00000275119.1,0.0
ENSG00000275120.4,2.86411
ENSG00000275121.1,0.0
ENSG00000275122.4,0.0
ENSG00000275125.4,0.0
ENSG00000275126.2,0.0
ENSG00000275127.1,0.0
ENSG00000275128.1,0.0
ENSG00000275129.1,0.0
ENSG00000275130.1,0.0
ENSG00000275131.5,0.30252
ENSG00000275132.1,0.0
ENSG00000275133.1,0.0
ENSG00000275134.1,0.0
ENSG00000275136.4,13.635889
ENSG00000275138.1,0.0
ENSG00000275139.1,0.0
ENSG00000275140.1,0.0
ENSG00000275141.1,0.0
ENSG00000275143.1,0.0
ENSG00000275144.1,0.0
ENSG00000275145.3,1.442588
ENSG00000275146.1,0.0
ENSG00000275151.1,0.0
ENSG00000275152.5,0.077072
ENSG00000275153.4,0.0
ENSG00000275154.1,0.0
ENSG00000275155.1,0.0
ENSG00000275156.4,2.416476
ENSG00000275157.1,0.0
ENSG00000275158.1,0.0
ENSG00000275160.1,0.0
ENSG00000275161.1,0.0
ENSG00000275162.1,0.0
ENSG00000275163.1,0.0
ENSG00000275164.3,0.0
ENSG00000275166.1,0.0
ENSG00000275167.1,0.0
ENSG00000275170.1,0.0
ENSG00000275172.1,0.0
ENSG00000275173.2,0.0
ENSG00000275176.4,0.043798
ENSG00000275178.2,0.0
ENSG00000275180.3,0.944066
ENSG00000275181.2,1.176059
ENSG00000275183.2,0.0
ENSG00000275185.1,0.634596
ENSG00000275186.1,0.0
ENSG00000275190.3,0.0
ENSG00000275191.1,0.0
ENSG00000275192.1,0.086421
ENSG00000275194.1,0.0
ENSG00000275196.1,0.0
ENSG00000275197.1,0.0
ENSG00000275198.2,0.044464
ENSG00000275199.4,0.0
ENSG00000275201.1,0.0
ENSG00000275202.1,0.489055
ENSG00000275206.1,0.0
ENSG00000275207.1,0.0
ENSG00000275208.1,0.0
ENSG00000275210.1,0.101633
ENSG00000275211.4,0.0
ENSG00000275212.4,0.0
ENSG00000275213.1,0.0
ENSG00000275214.4,4.362848
ENSG00000275221.3,0.249187
ENSG00000275222.1,0.0
ENSG00000275223.1,0.0
ENSG00000275225.1,0.0
ENSG00000275226.1,0.284139
ENSG00000275227.1,0.0
ENSG00000275228.1,0.655075
ENSG00000275231.1,0.0
ENSG00000275234.1,0.448092
ENSG00000275236.1,0.0
ENSG00000275237.4,0.850122
ENSG00000275238.1,0.0
ENSG00000275239.5,0.0
ENSG00000275243.1,0.0
ENSG00000275244.1,0.0
ENSG00000275245.1,0.0
ENSG00000275246.2,0.0
ENSG00000275247.1,0.0
ENSG00000275248.1,0.0
ENSG00000275250.1,0.0
ENSG00000275253.1,0.0
ENSG00000275254.1,0.0
ENSG00000275256.1,0.0
ENSG00000275259.1,0.0
ENSG00000275262.4,0.0
ENSG00000275263.1,0.0
ENSG00000275265.1,0.0
ENSG00000275266.1,0.0
ENSG00000275268.1,0.0
ENSG00000275272.4,0.232733
ENSG00000275273.1,0.0
ENSG00000275274.1,0.0
ENSG00000275276.1,0.0
ENSG00000275278.1,0.0
ENSG00000275280.1,0.0
ENSG00000275285.1,0.0
ENSG00000275286.1,0.0
ENSG00000275287.5,0.0
ENSG00000275288.6,0.0
ENSG00000275290.4,2.6563
ENSG00000275291.1,0.0
ENSG00000275293.1,0.0
ENSG00000275295.1,0.0
ENSG00000275296.1,0.0
ENSG00000275297.2,0.098526
ENSG00000275300.4,0.0
ENSG00000275302.2,30.16528
ENSG00000275305.1,0.0
ENSG00000275306.1,0.0
ENSG00000275307.1,0.0
ENSG00000275310.1,0.0
ENSG00000275311.1,0.28065
ENSG00000275312.1,0.0
ENSG00000275314.1,0.0
ENSG00000275315.1,0.0
ENSG00000275317.4,0.0
ENSG00000275318.1,0.820153
ENSG00000275319.1,0.0
ENSG00000275320.1,0.0
ENSG00000275322.2,0.0
ENSG00000275325.5,0.0
ENSG00000275326.4,0.0
ENSG00000275327.1,0.0
ENSG00000275328.1,0.0
ENSG00000275329.2,1.665543
ENSG00000275330.4,43.400302
ENSG00000275331.5,2.24499
ENSG00000275332.1,0.0
ENSG00000275333.4,1.807031
ENSG00000275334.1,0.0
ENSG00000275335.1,0.0
ENSG00000275337.1,0.0
ENSG00000275338.4,2.139936
ENSG00000275339.1,0.0
ENSG00000275340.2,0.0
ENSG00000275342.6,0.0
ENSG00000275343.1,0.0
ENSG00000275344.1,0.0
ENSG00000275345.1,0.0
ENSG00000275347.2,0.0
ENSG00000275348.1,0.0
ENSG00000275349.4,5.95395
ENSG00000275350.1,0.0
ENSG00000275351.1,0.0
ENSG00000275352.1,0.0
ENSG00000275353.1,0.0
ENSG00000275355.1,0.0
ENSG00000275356.5,0.0
ENSG00000275358.2,0.0
ENSG00000275359.1,0.0
ENSG00000275360.1,0.0
ENSG00000275361.1,0.0
ENSG00000275362.1,0.0
ENSG00000275363.1,0.366186
ENSG00000275365.3,0.0
ENSG00000275367.1,0.140414
ENSG00000275368.2,0.0
ENSG00000275371.1,1.534697
ENSG00000275372.1,0.0
ENSG00000275373.1,0.0
ENSG00000275374.1,0.0
ENSG00000275377.1,0.0
ENSG00000275379.2,0.715879
ENSG00000275381.1,0.0
ENSG00000275383.1,0.467532
ENSG00000275385.2,0.0
ENSG00000275386.1,0.0
ENSG00000275387.1,0.0
ENSG00000275389.1,0.0
ENSG00000275390.1,0.0
ENSG00000275392.1,0.0
ENSG00000275393.2,0.372927
ENSG00000275394.1,0.0
ENSG00000275395.7,0.423549
ENSG00000275397.2,0.0
ENSG00000275400.1,0.0
ENSG00000275401.1,0.420946
ENSG00000275406.1,0.0
ENSG00000275409.1,1.230712
ENSG00000275410.6,0.0
ENSG00000275411.1,0.0
ENSG00000275413.1,0.0
ENSG00000275414.1,0.0
ENSG00000275416.4,0.0
ENSG00000275417.1,0.0
ENSG00000275418.2,0.0
ENSG00000275419.1,0.0
ENSG00000275420.1,0.0
ENSG00000275422.1,0.0
ENSG00000275423.1,0.0
ENSG00000275426.1,0.0
ENSG00000275427.1,0.0
ENSG00000275428.2,0.0
ENSG00000275429.1,0.0
ENSG00000275430.3,0.0
ENSG00000275431.1,0.0
ENSG00000275432.1,0.0
ENSG00000275433.1,0.0
ENSG00000275434.5,0.0
ENSG00000275436.5,0.0
ENSG00000275437.1,0.633623
ENSG00000275438.1,0.0
ENSG00000275440.1,0.0
ENSG00000275441.3,2.116751
ENSG00000275443.3,0.0
ENSG00000275444.2,0.0
ENSG00000275445.1,0.568273
ENSG00000275448.1,0.0
ENSG00000275450.2,0.285647
ENSG00000275451.1,0.0
ENSG00000275452.2,0.0
ENSG00000275453.2,0.0
ENSG00000275454.1,0.867416
ENSG00000275455.1,0.0
ENSG00000275456.1,0.0
ENSG00000275457.2,0.623478
ENSG00000275458.1,0.0
ENSG00000275460.1,0.0
ENSG00000275461.1,0.0
ENSG00000275463.4,4.343775
ENSG00000275464.6,9.2835
ENSG00000275465.9,0.0
ENSG00000275467.1,0.0
ENSG00000275468.1,0.0
ENSG00000275469.1,0.0
ENSG00000275470.4,0.0
ENSG00000275475.1,0.0
ENSG00000275476.1,0.0
ENSG00000275478.1,0.0
ENSG00000275479.2,0.0
ENSG00000275480.1,0.0
ENSG00000275481.1,0.288763
ENSG00000275482.4,3.841579
ENSG00000275484.1,0.0
ENSG00000275485.1,0.0
ENSG00000275488.1,0.0
ENSG00000275489.2,0.0
ENSG00000275490.1,0.0
ENSG00000275491.2,2.433555
ENSG00000275493.2,0.0
ENSG00000275494.3,1.633933
ENSG00000275496.5,0.0
ENSG00000275497.1,0.0
ENSG00000275498.5,8.352832
ENSG00000275500.1,0.0
ENSG00000275502.1,0.0
ENSG00000275503.1,0.0
ENSG00000275504.1,0.0
ENSG00000275506.1,0.0
ENSG00000275508.1,0.0
ENSG00000275511.4,0.0
ENSG00000275512.1,0.840915
ENSG00000275515.1,0.0
ENSG00000275516.2,0.0
ENSG00000275517.5,0.0
ENSG00000275518.1,0.0
ENSG00000275519.1,0.0
ENSG00000275520.2,0.0
ENSG00000275522.5,0.0
ENSG00000275523.1,0.0
ENSG00000275524.1,0.0
ENSG00000275527.2,5.506241999999999
ENSG00000275528.2,0.0
ENSG00000275529.1,0.0
ENSG00000275531.1,0.0
ENSG00000275532.3,0.460143
ENSG00000275536.1,0.0
ENSG00000275538.1,0.0
ENSG00000275539.5,22.397148
ENSG00000275540.1,0.0
ENSG00000275543.4,0.0
ENSG00000275544.4,0.094034
ENSG00000275545.5,0.0
ENSG00000275546.5,0.0
ENSG00000275547.1,0.0
ENSG00000275549.1,0.1473
ENSG00000275550.1,0.0
ENSG00000275552.1,0.0
ENSG00000275553.5,0.0
ENSG00000275555.2,0.521772
ENSG00000275558.1,0.0
ENSG00000275559.1,0.0
ENSG00000275562.1,0.0
ENSG00000275563.1,0.0
ENSG00000275564.4,0.0
ENSG00000275565.4,164.339492
ENSG00000275566.4,0.0
ENSG00000275567.1,0.0
ENSG00000275568.4,0.358147
ENSG00000275569.1,0.0
ENSG00000275571.2,0.0
ENSG00000275572.2,0.0
ENSG00000275575.4,44.440891
ENSG00000275576.1,0.0
ENSG00000275578.1,0.0
ENSG00000275580.1,0.488443
ENSG00000275581.4,0.0
ENSG00000275582.1,0.0
ENSG00000275583.5,0.0
ENSG00000275584.5,7.983409
ENSG00000275585.3,0.0
ENSG00000275586.1,0.0
ENSG00000275588.1,0.0
ENSG00000275589.1,0.0
ENSG00000275591.5,0.0
ENSG00000275592.1,0.0
ENSG00000275594.4,0.0
ENSG00000275596.1,0.0
ENSG00000275597.1,0.0
ENSG00000275598.1,0.0
ENSG00000275599.1,0.0
ENSG00000275600.2,0.0
ENSG00000275601.1,0.501666
ENSG00000275607.1,0.0
ENSG00000275608.5,0.0
ENSG00000275609.1,0.0
ENSG00000275610.1,0.0
ENSG00000275612.1,0.0
ENSG00000275613.3,0.49718
ENSG00000275616.1,15.313843
ENSG00000275618.2,3.60401
ENSG00000275619.2,0.0
ENSG00000275620.1,0.0
ENSG00000275621.3,1.849583
ENSG00000275623.5,0.0
ENSG00000275624.4,0.770007
ENSG00000275625.1,0.0
ENSG00000275626.4,0.0
ENSG00000275628.3,0.0
ENSG00000275629.4,0.0
ENSG00000275630.2,0.0
ENSG00000275631.1,0.0
ENSG00000275632.1,0.0
ENSG00000275634.1,0.0
ENSG00000275635.1,0.0
ENSG00000275638.1,0.0
ENSG00000275640.1,0.0
ENSG00000275642.1,0.0
ENSG00000275643.1,0.0
ENSG00000275645.1,0.0
ENSG00000275646.1,0.0
ENSG00000275647.1,0.0
ENSG00000275649.2,0.53028
ENSG00000275650.4,0.0
ENSG00000275651.1,0.0
ENSG00000275652.1,0.0
ENSG00000275654.1,0.0
ENSG00000275655.1,0.0
ENSG00000275656.1,0.0
ENSG00000275658.5,0.0
ENSG00000275659.5,0.0
ENSG00000275661.1,0.0
ENSG00000275662.1,0.0
ENSG00000275663.2,0.0
ENSG00000275664.1,0.0
ENSG00000275665.2,0.0
ENSG00000275666.1,0.0
ENSG00000275667.1,0.0
ENSG00000275669.1,0.0
ENSG00000275670.1,0.0
ENSG00000275672.2,1.436792
ENSG00000275674.1,0.0
ENSG00000275675.1,0.0
ENSG00000275676.1,0.0
ENSG00000275678.1,0.102907
ENSG00000275680.1,0.0
ENSG00000275681.1,0.0
ENSG00000275688.4,0.0
ENSG00000275689.1,0.0
ENSG00000275691.3,0.0
ENSG00000275693.1,0.0
ENSG00000275695.2,0.0
ENSG00000275696.1,0.0
ENSG00000275699.4,0.0
ENSG00000275700.6,44.200185999999995
ENSG00000275703.1,4.939684
ENSG00000275708.1,0.0
ENSG00000275709.1,0.623956
ENSG00000275710.1,0.0
ENSG00000275711.1,0.0
ENSG00000275713.3,3.281187
ENSG00000275714.3,0.263672
ENSG00000275716.1,0.0
ENSG00000275717.5,0.0
ENSG00000275718.2,0.0
ENSG00000275719.1,0.645524
ENSG00000275720.1,1.014769
ENSG00000275722.5,0.0
ENSG00000275723.4,0.0
ENSG00000275725.1,0.0
ENSG00000275726.1,0.0
ENSG00000275728.1,0.0
ENSG00000275730.4,0.338384
ENSG00000275731.1,0.0
ENSG00000275732.4,0.0
ENSG00000275733.1,0.0
ENSG00000275734.2,0.153617
ENSG00000275735.1,0.0
ENSG00000275736.4,57.874885000000006
ENSG00000275737.1,0.0
ENSG00000275740.1,0.0
ENSG00000275741.2,0.0
ENSG00000275743.1,5.133187
ENSG00000275744.4,0.0
ENSG00000275745.1,0.0
ENSG00000275746.1,13.046462
ENSG00000275747.1,0.0
ENSG00000275748.4,1.537796
ENSG00000275750.1,0.0
ENSG00000275751.5,0.0
ENSG00000275754.2,0.0
ENSG00000275756.1,0.0
ENSG00000275758.2,0.719572
ENSG00000275759.1,2.791507
ENSG00000275763.3,0.235961
ENSG00000275764.1,2.658614
ENSG00000275765.7,0.450406
ENSG00000275767.1,0.0
ENSG00000275768.1,0.0
ENSG00000275769.1,0.0
ENSG00000275770.1,0.0
ENSG00000275771.1,0.0
ENSG00000275772.1,0.0
ENSG00000275773.1,0.0
ENSG00000275774.3,0.0
ENSG00000275776.1,0.0
ENSG00000275778.4,0.0
ENSG00000275779.4,3.631667
ENSG00000275785.1,0.0
ENSG00000275786.5,0.0
ENSG00000275787.1,0.0
ENSG00000275788.1,0.0
ENSG00000275789.1,0.0
ENSG00000275791.1,2.999644
ENSG00000275793.1,0.850034
ENSG00000275795.1,0.0
ENSG00000275798.4,0.0
ENSG00000275799.1,0.860808
ENSG00000275800.1,0.0
ENSG00000275801.1,0.0
ENSG00000275803.1,0.0
ENSG00000275805.1,0.0
ENSG00000275807.2,0.720493
ENSG00000275808.1,0.0
ENSG00000275810.1,0.0
ENSG00000275811.1,0.0
ENSG00000275812.1,0.0
ENSG00000275815.1,0.0
ENSG00000275816.1,0.0
ENSG00000275818.1,0.0
ENSG00000275819.4,3.284315
ENSG00000275821.2,2.335514
ENSG00000275822.4,0.0
ENSG00000275823.1,0.0
ENSG00000275824.4,5.373027
ENSG00000275825.1,0.0
ENSG00000275826.1,0.0
ENSG00000275827.1,0.0
ENSG00000275828.1,0.0
ENSG00000275830.5,0.0
ENSG00000275832.5,0.272062
ENSG00000275833.1,0.0
ENSG00000275834.1,0.0
ENSG00000275835.5,1.174217
ENSG00000275836.1,0.0
ENSG00000275837.3,36.523041
ENSG00000275838.5,0.0
ENSG00000275839.1,0.0
ENSG00000275840.1,0.0
ENSG00000275841.5,94.951278
ENSG00000275846.2,0.767267
ENSG00000275848.1,0.0
ENSG00000275850.1,0.0
ENSG00000275851.4,33.934859
ENSG00000275852.2,0.0
ENSG00000275853.1,0.0
ENSG00000275854.1,0.0
ENSG00000275855.1,0.0
ENSG00000275856.1,0.0
ENSG00000275857.2,0.252013
ENSG00000275859.1,0.0
ENSG00000275860.1,0.0
ENSG00000275861.4,0.0
ENSG00000275862.1,0.0
ENSG00000275863.1,0.0
ENSG00000275865.2,0.0
ENSG00000275866.1,0.0
ENSG00000275867.3,30.477099000000003
ENSG00000275868.1,0.0
ENSG00000275869.1,0.0
ENSG00000275871.1,0.0
ENSG00000275873.2,1.176189
ENSG00000275874.2,0.0
ENSG00000275875.1,0.0
ENSG00000275877.1,0.0
ENSG00000275878.1,0.0
ENSG00000275880.1,0.072167
ENSG00000275881.1,0.0
ENSG00000275882.1,0.0
ENSG00000275885.4,0.0
ENSG00000275887.5,0.0
ENSG00000275888.1,0.0
ENSG00000275893.1,0.0
ENSG00000275894.1,0.0
ENSG00000275895.8,33.936224
ENSG00000275896.7,0.0
ENSG00000275897.1,0.0
ENSG00000275898.1,0.177324
ENSG00000275900.1,0.0
ENSG00000275901.1,0.0
ENSG00000275902.1,0.0
ENSG00000275903.2,132.721161
ENSG00000275905.1,0.0
ENSG00000275906.1,0.0
ENSG00000275908.1,0.0
ENSG00000275909.1,0.0
ENSG00000275910.1,0.0
ENSG00000275911.3,0.878222
ENSG00000275915.1,0.0
ENSG00000275917.4,0.0
ENSG00000275918.4,0.350747
ENSG00000275919.1,0.0
ENSG00000275921.5,0.0
ENSG00000275923.1,0.0
ENSG00000275924.1,0.0
ENSG00000275927.1,0.610303
ENSG00000275928.2,0.0
ENSG00000275929.1,0.0
ENSG00000275932.2,0.0
ENSG00000275933.1,0.0
ENSG00000275936.1,0.0
ENSG00000275937.1,0.0
ENSG00000275938.1,0.531759
ENSG00000275939.1,0.0
ENSG00000275940.1,0.0
ENSG00000275942.1,0.0
ENSG00000275944.1,0.0
ENSG00000275945.1,0.0
ENSG00000275946.5,0.0
ENSG00000275947.2,1.465911
ENSG00000275948.1,0.0
ENSG00000275949.5,1.226026
ENSG00000275950.1,0.0
ENSG00000275953.1,0.0
ENSG00000275954.6,0.0
ENSG00000275956.1,0.0
ENSG00000275958.1,0.0
ENSG00000275959.1,0.0
ENSG00000275960.5,0.0
ENSG00000275961.1,0.0
ENSG00000275962.4,11.989092
ENSG00000275963.1,0.0
ENSG00000275964.3,0.189016
ENSG00000275965.1,0.0
ENSG00000275967.1,0.0
ENSG00000275968.1,0.0
ENSG00000275969.3,0.0
ENSG00000275971.1,0.0
ENSG00000275974.2,0.596007
ENSG00000275975.1,0.0
ENSG00000275976.6,0.0
ENSG00000275978.1,0.0
ENSG00000275980.1,0.0
ENSG00000275981.1,0.0
ENSG00000275982.1,0.0
ENSG00000275985.1,0.0
ENSG00000275987.1,0.0
ENSG00000275989.3,0.0
ENSG00000275990.3,179.402884
ENSG00000275993.4,1.470118
ENSG00000275994.1,14.236442
ENSG00000275995.1,0.0
ENSG00000275996.1,0.0
ENSG00000275997.1,0.0
ENSG00000276002.1,0.0
ENSG00000276003.1,0.0
ENSG00000276004.4,1.714882
ENSG00000276005.2,0.0
ENSG00000276006.1,0.0
ENSG00000276007.1,0.742568
ENSG00000276011.1,0.0
ENSG00000276012.1,0.0
ENSG00000276013.1,0.0
ENSG00000276014.1,0.0
ENSG00000276015.1,0.0
ENSG00000276016.4,40.812854
ENSG00000276017.1,0.0
ENSG00000276019.1,0.0
ENSG00000276021.4,8.92378
ENSG00000276023.5,2.600724
ENSG00000276027.1,0.0
ENSG00000276029.1,0.0
ENSG00000276030.1,0.0
ENSG00000276031.1,0.0
ENSG00000276033.4,0.0
ENSG00000276036.1,0.0
ENSG00000276039.1,0.0
ENSG00000276040.5,0.380589
ENSG00000276041.1,0.0
ENSG00000276042.4,34.045023
ENSG00000276043.5,0.730952
ENSG00000276044.4,0.0
ENSG00000276045.5,74.587407
ENSG00000276046.1,0.0
ENSG00000276047.1,0.0
ENSG00000276048.1,0.0
ENSG00000276050.1,0.0
ENSG00000276051.4,0.0
ENSG00000276053.4,8.268260999999999
ENSG00000276054.1,0.204661
ENSG00000276055.1,0.0
ENSG00000276057.1,0.0
ENSG00000276058.1,0.0
ENSG00000276061.4,0.517643
ENSG00000276062.1,0.0
ENSG00000276063.1,0.0
ENSG00000276064.1,0.0
ENSG00000276067.3,0.0
ENSG00000276068.4,9.617426
ENSG00000276070.5,0.0
ENSG00000276071.1,0.0
ENSG00000276072.2,0.0
ENSG00000276074.1,0.0
ENSG00000276076.6,0.118702
ENSG00000276077.5,0.0
ENSG00000276081.1,0.0
ENSG00000276083.1,0.0
ENSG00000276085.1,0.0
ENSG00000276086.1,0.0
ENSG00000276087.2,0.0
ENSG00000276088.1,0.0
ENSG00000276089.1,0.0
ENSG00000276092.1,0.0
ENSG00000276093.1,0.0
ENSG00000276094.1,0.0
ENSG00000276095.3,0.0
ENSG00000276096.1,0.0
ENSG00000276097.1,0.0
ENSG00000276098.1,0.0
ENSG00000276099.1,0.0
ENSG00000276100.1,0.0
ENSG00000276101.1,0.0
ENSG00000276102.1,0.0
ENSG00000276103.1,0.0
ENSG00000276105.1,0.0
ENSG00000276107.1,0.0
ENSG00000276109.1,0.0
ENSG00000276110.2,0.0
ENSG00000276111.3,6.414147
ENSG00000276114.2,0.0
ENSG00000276115.1,0.0
ENSG00000276116.3,0.332498
ENSG00000276118.1,0.0
ENSG00000276119.1,0.0
ENSG00000276121.1,0.0
ENSG00000276122.1,0.0
ENSG00000276123.1,0.0
ENSG00000276124.1,0.0
ENSG00000276125.4,0.0
ENSG00000276126.3,0.227275
ENSG00000276127.1,0.0
ENSG00000276128.3,0.0
ENSG00000276130.4,31.732902
ENSG00000276131.1,1.920031
ENSG00000276136.1,13.214066
ENSG00000276137.1,0.0
ENSG00000276139.4,0.0
ENSG00000276140.1,0.0
ENSG00000276141.5,0.0
ENSG00000276143.1,0.0
ENSG00000276146.4,237.954919
ENSG00000276147.1,0.0
ENSG00000276148.1,0.0
ENSG00000276149.1,0.0
ENSG00000276150.1,0.0
ENSG00000276155.4,0.205906
ENSG00000276156.1,0.0
ENSG00000276158.2,0.0
ENSG00000276160.1,0.0
ENSG00000276161.1,0.0
ENSG00000276162.1,0.0
ENSG00000276163.4,1.184025
ENSG00000276166.1,0.935777
ENSG00000276168.1,2032.710749
ENSG00000276169.1,0.0
ENSG00000276170.7,0.0
ENSG00000276172.2,0.0
ENSG00000276173.2,24.43177
ENSG00000276174.1,0.0
ENSG00000276175.4,0.0
ENSG00000276176.1,0.0
ENSG00000276178.1,0.0
ENSG00000276179.1,0.0
ENSG00000276180.3,0.0
ENSG00000276181.1,0.0
ENSG00000276183.1,0.0
ENSG00000276184.4,3.1073079999999997
ENSG00000276185.1,0.0
ENSG00000276187.4,4.801824
ENSG00000276188.1,1.0
ENSG00000276189.1,0.0
ENSG00000276191.4,0.0
ENSG00000276192.2,0.364386
ENSG00000276193.1,0.0
ENSG00000276194.4,0.0
ENSG00000276196.1,0.0
ENSG00000276200.1,0.0
ENSG00000276202.1,0.0
ENSG00000276203.7,0.0
ENSG00000276204.1,0.0
ENSG00000276205.1,0.0
ENSG00000276206.1,0.0
ENSG00000276208.1,0.0
ENSG00000276209.4,0.0
ENSG00000276210.2,0.0
ENSG00000276212.5,0.0
ENSG00000276213.1,0.0
ENSG00000276214.1,0.0
ENSG00000276216.2,1.376225
ENSG00000276218.5,0.0
ENSG00000276219.4,0.080769
ENSG00000276221.1,0.0
ENSG00000276223.1,0.0
ENSG00000276225.1,0.0
ENSG00000276226.1,0.0
ENSG00000276228.2,0.0
ENSG00000276229.1,0.0
ENSG00000276230.4,1.235838
ENSG00000276231.5,13.590026
ENSG00000276232.1,0.0
ENSG00000276233.1,0.0
ENSG00000276234.5,6.200103
ENSG00000276240.4,0.0
ENSG00000276241.2,0.0
ENSG00000276243.5,0.0
ENSG00000276248.1,0.350591
ENSG00000276254.1,0.0
ENSG00000276255.2,0.090873
ENSG00000276256.1,0.0
ENSG00000276259.1,0.0
ENSG00000276260.1,0.0
ENSG00000276261.1,0.0
ENSG00000276262.2,0.0
ENSG00000276266.2,2.415682
ENSG00000276270.1,0.0
ENSG00000276272.1,0.0
ENSG00000276276.4,0.0
ENSG00000276277.1,0.0
ENSG00000276279.1,0.0
ENSG00000276281.1,0.0
ENSG00000276282.1,0.0
ENSG00000276286.4,0.0
ENSG00000276289.6,1.704049
ENSG00000276290.1,0.0
ENSG00000276291.8,0.0
ENSG00000276292.1,0.0
ENSG00000276293.5,10.273348
ENSG00000276294.1,0.0
ENSG00000276298.1,0.0
ENSG00000276299.5,0.0
ENSG00000276302.1,0.0
ENSG00000276304.1,0.0
ENSG00000276308.1,0.0
ENSG00000276309.1,0.0
ENSG00000276310.1,0.0
ENSG00000276314.1,0.0
ENSG00000276316.1,0.0
ENSG00000276317.1,4.732089
ENSG00000276318.1,0.0
ENSG00000276319.1,0.0
ENSG00000276326.1,0.0
ENSG00000276327.1,0.0
ENSG00000276329.5,0.532029
ENSG00000276332.1,0.0
ENSG00000276333.2,0.0
ENSG00000276334.1,0.155546
ENSG00000276336.4,22.811025
ENSG00000276337.1,0.058355
ENSG00000276340.4,1.422018
ENSG00000276342.4,0.0
ENSG00000276345.1,0.0
ENSG00000276349.4,0.0
ENSG00000276350.1,0.0
ENSG00000276352.2,0.0
ENSG00000276353.1,0.0
ENSG00000276355.4,0.0
ENSG00000276358.2,10.06946
ENSG00000276359.1,0.0
ENSG00000276362.1,0.0
ENSG00000276365.1,0.0
ENSG00000276366.1,0.0
ENSG00000276368.2,0.0
ENSG00000276370.2,0.0
ENSG00000276371.2,0.0
ENSG00000276374.1,0.404848
ENSG00000276375.1,0.0
ENSG00000276376.1,0.0
ENSG00000276378.2,0.0
ENSG00000276379.1,0.0
ENSG00000276380.2,0.0
ENSG00000276383.1,0.0
ENSG00000276384.2,0.512053
ENSG00000276385.1,0.0
ENSG00000276386.1,0.0
ENSG00000276387.4,0.0
ENSG00000276388.1,0.0
ENSG00000276390.1,2.732416
ENSG00000276391.1,0.0
ENSG00000276393.1,0.0
ENSG00000276395.1,0.0
ENSG00000276396.1,0.0
ENSG00000276398.1,0.0
ENSG00000276399.2,0.0
ENSG00000276400.1,0.0
ENSG00000276403.1,0.0
ENSG00000276404.1,0.0
ENSG00000276405.1,3.580398
ENSG00000276406.1,0.0
ENSG00000276407.6,0.0
ENSG00000276408.1,0.0
ENSG00000276409.5,0.0
ENSG00000276410.5,0.295968
ENSG00000276411.1,0.0
ENSG00000276412.3,0.0
ENSG00000276413.1,0.0
ENSG00000276417.1,0.0
ENSG00000276418.5,0.0
ENSG00000276422.3,3.066314
ENSG00000276423.6,0.0
ENSG00000276424.4,0.0
ENSG00000276425.1,0.0
ENSG00000276426.1,0.0
ENSG00000276427.1,0.0
ENSG00000276428.1,0.0
ENSG00000276429.3,1.182021
ENSG00000276431.1,0.0
ENSG00000276432.4,0.0
ENSG00000276433.1,0.0
ENSG00000276434.1,0.0
ENSG00000276436.1,0.0
ENSG00000276438.3,0.218609
ENSG00000276445.1,1.133653
ENSG00000276447.1,0.0
ENSG00000276449.1,0.141983
ENSG00000276451.2,0.0
ENSG00000276452.4,0.0
ENSG00000276454.1,0.0
ENSG00000276455.1,0.0
ENSG00000276457.1,0.0
ENSG00000276458.4,1.854757
ENSG00000276459.5,0.0
ENSG00000276460.1,0.0
ENSG00000276462.3,0.0
ENSG00000276463.4,0.0
ENSG00000276464.4,9.645623
ENSG00000276465.1,0.0
ENSG00000276466.1,0.0
ENSG00000276467.1,0.0
ENSG00000276468.5,0.181783
ENSG00000276469.1,0.028541
ENSG00000276470.1,0.0
ENSG00000276473.1,0.0
ENSG00000276474.1,0.0
ENSG00000276475.1,0.0
ENSG00000276476.5,0.0
ENSG00000276478.1,0.0
ENSG00000276479.1,0.0
ENSG00000276480.5,0.0
ENSG00000276482.3,7.613915
ENSG00000276484.1,0.0
ENSG00000276485.2,0.0
ENSG00000276486.1,0.0
ENSG00000276487.3,0.0
ENSG00000276488.1,0.534186
ENSG00000276489.1,0.0
ENSG00000276490.1,0.0
ENSG00000276491.2,22.992374
ENSG00000276493.1,0.0
ENSG00000276494.1,0.0
ENSG00000276495.4,9.124080000000001
ENSG00000276496.1,0.0
ENSG00000276497.3,0.135589
ENSG00000276500.1,0.0
ENSG00000276502.1,0.0
ENSG00000276504.4,0.0
ENSG00000276505.1,0.0
ENSG00000276507.1,0.0
ENSG00000276508.1,0.0
ENSG00000276509.2,1.053841
ENSG00000276512.5,0.0
ENSG00000276514.1,0.0
ENSG00000276517.1,0.316181
ENSG00000276518.1,0.0
ENSG00000276519.1,0.0
ENSG00000276520.1,0.0
ENSG00000276521.1,0.0
ENSG00000276523.1,1.436346
ENSG00000276524.2,0.458247
ENSG00000276525.1,0.0
ENSG00000276526.1,0.0
ENSG00000276527.2,0.0
ENSG00000276528.1,0.0
ENSG00000276529.1,0.880842
ENSG00000276530.1,0.0
ENSG00000276531.1,0.0
ENSG00000276532.1,0.0
ENSG00000276533.1,0.725152
ENSG00000276534.6,0.0
ENSG00000276535.1,0.0
ENSG00000276536.4,1.254063
ENSG00000276537.4,0.106149
ENSG00000276538.1,0.0
ENSG00000276539.4,0.0
ENSG00000276540.1,0.0
ENSG00000276541.2,0.0
ENSG00000276542.1,0.0
ENSG00000276545.1,0.0
ENSG00000276547.2,0.0
ENSG00000276548.1,0.0
ENSG00000276550.6,0.0
ENSG00000276556.1,0.0
ENSG00000276557.1,0.0
ENSG00000276559.2,0.0
ENSG00000276561.4,86.37401299999999
ENSG00000276562.1,0.0
ENSG00000276563.1,0.0
ENSG00000276564.1,0.0
ENSG00000276565.1,0.11209
ENSG00000276566.1,7.089989
ENSG00000276568.1,0.0
ENSG00000276569.1,0.0
ENSG00000276570.1,6.802511
ENSG00000276571.1,1.083924
ENSG00000276572.1,0.0
ENSG00000276573.1,0.0
ENSG00000276575.1,0.0
ENSG00000276576.1,0.0
ENSG00000276577.1,0.0
ENSG00000276578.1,0.0
ENSG00000276580.1,0.0
ENSG00000276581.3,0.0
ENSG00000276582.1,0.0
ENSG00000276583.4,0.126786
ENSG00000276584.1,0.0
ENSG00000276586.1,0.0
ENSG00000276588.1,0.0
ENSG00000276590.5,2.245778
ENSG00000276592.1,0.0
ENSG00000276593.1,0.0
ENSG00000276597.1,2.18813
ENSG00000276598.1,0.0
ENSG00000276599.1,0.0
ENSG00000276600.5,0.103964
ENSG00000276601.1,0.0
ENSG00000276603.1,0.970522
ENSG00000276604.1,0.0
ENSG00000276605.1,0.0
ENSG00000276609.1,0.0
ENSG00000276610.1,0.0
ENSG00000276613.4,0.0
ENSG00000276615.2,0.0
ENSG00000276618.4,0.0
ENSG00000276620.1,0.0
ENSG00000276622.1,0.0
ENSG00000276623.1,0.0
ENSG00000276625.4,0.0
ENSG00000276626.1,0.0
ENSG00000276627.4,0.0
ENSG00000276632.1,0.0
ENSG00000276633.1,0.193283
ENSG00000276634.1,0.0
ENSG00000276636.2,0.0
ENSG00000276637.1,0.0
ENSG00000276638.1,0.0
ENSG00000276639.1,0.0
ENSG00000276641.1,0.0
ENSG00000276642.1,0.0
ENSG00000276643.1,0.0
ENSG00000276644.5,0.35191
ENSG00000276645.1,1.391687
ENSG00000276647.1,0.0
ENSG00000276650.1,0.0
ENSG00000276651.1,0.0
ENSG00000276653.1,0.0
ENSG00000276656.1,0.0
ENSG00000276657.2,1.869603
ENSG00000276662.1,0.0
ENSG00000276663.1,0.0
ENSG00000276664.1,0.0
ENSG00000276667.1,0.0
ENSG00000276668.1,0.0
ENSG00000276669.1,0.0
ENSG00000276670.1,0.0
ENSG00000276672.1,0.163857
ENSG00000276673.1,0.0
ENSG00000276674.1,0.0
ENSG00000276675.1,0.0
ENSG00000276676.5,0.0
ENSG00000276678.1,0.0
ENSG00000276680.1,0.0
ENSG00000276681.4,18.374172
ENSG00000276684.4,0.0
ENSG00000276685.1,0.0
ENSG00000276686.1,0.0
ENSG00000276687.2,0.0
ENSG00000276688.1,0.0
ENSG00000276689.1,0.0
ENSG00000276690.1,0.0
ENSG00000276691.1,0.0
ENSG00000276693.1,0.0
ENSG00000276696.1,0.0
ENSG00000276698.1,1.907677
ENSG00000276699.1,0.0
ENSG00000276701.2,0.0
ENSG00000276702.1,0.0
ENSG00000276703.1,0.0
ENSG00000276704.1,0.0
ENSG00000276706.1,0.0
ENSG00000276707.1,0.0
ENSG00000276709.4,1.259241
ENSG00000276710.5,0.0
ENSG00000276712.1,0.0
ENSG00000276713.1,0.0
ENSG00000276715.5,0.0
ENSG00000276717.3,0.0
ENSG00000276718.1,8.189693
ENSG00000276720.1,0.751565
ENSG00000276721.1,0.0
ENSG00000276722.1,0.0
ENSG00000276723.1,0.0
ENSG00000276724.1,0.0
ENSG00000276725.4,0.696139
ENSG00000276726.4,0.0
ENSG00000276727.2,0.0
ENSG00000276728.3,0.572137
ENSG00000276729.1,0.0
ENSG00000276730.1,0.0
ENSG00000276731.1,0.0
ENSG00000276733.1,0.0
ENSG00000276734.4,0.0
ENSG00000276735.1,0.0
ENSG00000276738.1,0.0
ENSG00000276739.4,0.0
ENSG00000276740.1,0.0
ENSG00000276742.1,0.0
ENSG00000276744.1,0.0
ENSG00000276746.1,0.0
ENSG00000276747.1,1.613612
ENSG00000276753.1,0.0
ENSG00000276754.1,1.141802
ENSG00000276755.1,0.0
ENSG00000276756.5,0.0
ENSG00000276757.1,0.0
ENSG00000276758.1,0.0
ENSG00000276759.2,0.0
ENSG00000276760.4,0.0
ENSG00000276761.2,2.172578
ENSG00000276763.1,0.0
ENSG00000276764.1,0.0
ENSG00000276765.1,0.0
ENSG00000276768.1,0.0
ENSG00000276769.1,0.0
ENSG00000276770.1,0.0
ENSG00000276771.1,0.0
ENSG00000276772.1,0.0
ENSG00000276774.1,0.0
ENSG00000276775.1,14.68131
ENSG00000276776.4,0.0
ENSG00000276777.1,0.0
ENSG00000276778.2,0.0
ENSG00000276780.2,0.0
ENSG00000276781.3,0.0
ENSG00000276782.1,0.0
ENSG00000276784.1,0.0
ENSG00000276785.4,0.0
ENSG00000276786.1,0.0
ENSG00000276787.1,0.732865
ENSG00000276788.1,0.0
ENSG00000276789.1,0.0
ENSG00000276791.1,1.090296
ENSG00000276798.4,0.0
ENSG00000276799.2,0.0
ENSG00000276800.1,0.0
ENSG00000276802.2,3.75748
ENSG00000276805.3,0.0
ENSG00000276807.2,0.0
ENSG00000276809.1,0.0
ENSG00000276810.1,0.0
ENSG00000276816.2,0.0
ENSG00000276819.1,5.774411
ENSG00000276820.1,0.0
ENSG00000276821.1,0.0
ENSG00000276822.1,0.0
ENSG00000276823.1,0.0
ENSG00000276824.1,0.0
ENSG00000276825.2,0.375782
ENSG00000276828.1,0.0
ENSG00000276829.1,0.0
ENSG00000276830.1,0.0
ENSG00000276831.2,0.0
ENSG00000276832.3,0.0
ENSG00000276833.2,0.0
ENSG00000276835.2,0.0
ENSG00000276836.4,136.289042
ENSG00000276838.4,0.0
ENSG00000276839.1,0.0
ENSG00000276840.1,0.0
ENSG00000276841.1,0.0
ENSG00000276842.1,0.0
ENSG00000276844.1,0.0
ENSG00000276845.1,0.0
ENSG00000276846.1,0.39619
ENSG00000276848.4,0.0
ENSG00000276849.6,711.384603
ENSG00000276850.6,0.0
ENSG00000276851.1,0.0
ENSG00000276853.1,0.478974
ENSG00000276855.1,0.446293
ENSG00000276856.3,0.334351
ENSG00000276857.1,0.0
ENSG00000276859.1,0.0
ENSG00000276863.1,0.0
ENSG00000276866.1,0.0
ENSG00000276868.1,0.0
ENSG00000276869.1,0.0
ENSG00000276870.2,0.0
ENSG00000276871.1,0.0
ENSG00000276872.1,0.0
ENSG00000276873.1,0.0
ENSG00000276874.1,0.0
ENSG00000276875.1,0.0
ENSG00000276876.4,0.0
ENSG00000276878.1,0.0
ENSG00000276879.2,0.0
ENSG00000276880.3,0.0
ENSG00000276882.4,0.0
ENSG00000276884.1,0.0
ENSG00000276885.1,0.0
ENSG00000276886.4,0.0
ENSG00000276887.4,0.106149
ENSG00000276888.1,0.0
ENSG00000276890.1,0.0
ENSG00000276892.1,0.0
ENSG00000276894.1,0.0
ENSG00000276896.4,0.0
ENSG00000276897.1,0.0
ENSG00000276898.1,0.0
ENSG00000276900.1,3.142335
ENSG00000276902.1,0.0
ENSG00000276903.2,0.0
ENSG00000276907.4,0.0
ENSG00000276908.1,0.0
ENSG00000276909.1,0.0
ENSG00000276910.4,2.397638
ENSG00000276912.1,0.0
ENSG00000276913.2,0.0
ENSG00000276914.2,1.015294
ENSG00000276915.1,0.0
ENSG00000276916.1,0.0
ENSG00000276917.1,0.0
ENSG00000276918.1,0.0
ENSG00000276919.1,0.0
ENSG00000276920.4,0.0
ENSG00000276923.1,0.0
ENSG00000276925.1,0.0
ENSG00000276926.1,0.0
ENSG00000276928.1,0.0
ENSG00000276929.1,0.0
ENSG00000276930.1,0.0
ENSG00000276931.1,0.498295
ENSG00000276934.1,0.0
ENSG00000276935.4,107.48947
ENSG00000276938.3,0.0
ENSG00000276940.1,0.0
ENSG00000276941.1,0.0
ENSG00000276945.1,0.0
ENSG00000276949.1,0.0
ENSG00000276950.6,0.0
ENSG00000276951.1,0.0
ENSG00000276952.1,0.0
ENSG00000276953.1,0.0
ENSG00000276956.1,0.0
ENSG00000276957.2,0.0
ENSG00000276958.1,0.0
ENSG00000276959.1,0.0
ENSG00000276960.1,0.0
ENSG00000276961.1,23.340511
ENSG00000276963.1,0.0
ENSG00000276965.1,0.0
ENSG00000276966.3,0.0
ENSG00000276968.1,0.0
ENSG00000276971.2,0.0
ENSG00000276972.2,0.0
ENSG00000276975.4,0.0
ENSG00000276976.5,0.0
ENSG00000276977.3,0.0
ENSG00000276979.5,0.0
ENSG00000276980.1,0.0
ENSG00000276984.1,0.0
ENSG00000276986.2,0.0
ENSG00000276988.1,0.0
ENSG00000276991.1,0.0
ENSG00000276992.1,0.0
ENSG00000276993.1,0.0
ENSG00000276996.2,0.0
ENSG00000276997.4,6.517451
ENSG00000276998.1,0.0
ENSG00000276999.1,0.0
ENSG00000277000.1,0.0
ENSG00000277001.1,0.0
ENSG00000277003.1,0.0
ENSG00000277004.1,0.0
ENSG00000277007.1,0.183547
ENSG00000277008.1,0.0
ENSG00000277009.1,0.0
ENSG00000277011.1,0.0
ENSG00000277013.2,0.0
ENSG00000277015.4,0.0
ENSG00000277017.1,0.0
ENSG00000277018.2,0.0
ENSG00000277020.5,0.835566
ENSG00000277022.1,0.0
ENSG00000277024.2,0.0
ENSG00000277027.2,137.474653
ENSG00000277029.1,0.0
ENSG00000277031.1,0.0
ENSG00000277033.2,9.060452
ENSG00000277034.1,0.0
ENSG00000277035.1,0.0
ENSG00000277036.1,0.0
ENSG00000277039.1,1.654735
ENSG00000277040.1,0.0
ENSG00000277041.1,0.0
ENSG00000277042.2,0.0
ENSG00000277043.1,0.0
ENSG00000277044.3,10.039055
ENSG00000277047.6,0.0
ENSG00000277049.1,0.0
ENSG00000277051.1,0.0
ENSG00000277052.1,0.0
ENSG00000277053.5,0.0
ENSG00000277056.1,0.0
ENSG00000277057.1,0.0
ENSG00000277058.3,0.0
ENSG00000277059.2,0.0
ENSG00000277060.4,0.0
ENSG00000277062.1,0.0
ENSG00000277063.1,0.0
ENSG00000277066.1,0.0
ENSG00000277067.5,1.957352
ENSG00000277068.2,0.0
ENSG00000277069.2,0.0
ENSG00000277070.1,0.0
ENSG00000277072.6,0.0
ENSG00000277073.1,0.0
ENSG00000277075.4,5.464833
ENSG00000277076.4,0.0
ENSG00000277078.1,0.0
ENSG00000277081.1,0.0
ENSG00000277083.2,0.0
ENSG00000277084.1,0.0
ENSG00000277086.3,0.0
ENSG00000277087.1,0.0
ENSG00000277089.5,0.0
ENSG00000277090.2,0.0
ENSG00000277092.4,0.0
ENSG00000277095.1,0.0
ENSG00000277096.1,0.0
ENSG00000277099.1,0.0
ENSG00000277101.4,0.0
ENSG00000277103.1,0.0
ENSG00000277104.4,0.0
ENSG00000277106.2,0.0
ENSG00000277108.1,0.0
ENSG00000277109.1,0.0
ENSG00000277111.3,50.781544
ENSG00000277112.4,0.0
ENSG00000277114.4,5.477153
ENSG00000277117.6,2.265225
ENSG00000277118.1,0.0
ENSG00000277119.1,0.0
ENSG00000277120.5,0.0
ENSG00000277124.1,0.0
ENSG00000277125.1,0.0
ENSG00000277127.1,1.697766
ENSG00000277128.2,0.0
ENSG00000277129.1,0.0
ENSG00000277130.1,0.0
ENSG00000277131.4,0.0
ENSG00000277132.2,0.0
ENSG00000277133.1,0.0
ENSG00000277134.5,23.676814
ENSG00000277135.1,0.0
ENSG00000277136.1,0.0
ENSG00000277138.1,0.0
ENSG00000277140.2,3.400086
ENSG00000277141.1,0.0
ENSG00000277142.1,0.107848
ENSG00000277143.1,0.0
ENSG00000277144.1,0.0
ENSG00000277146.1,0.0
ENSG00000277147.9,0.0
ENSG00000277149.5,0.651427
ENSG00000277151.1,0.086945
ENSG00000277152.1,0.0
ENSG00000277154.4,0.0
ENSG00000277156.1,0.0
ENSG00000277157.2,1.040435
ENSG00000277159.1,0.065422
ENSG00000277161.2,1.287307
ENSG00000277162.1,0.0
ENSG00000277163.2,0.0
ENSG00000277167.1,0.0
ENSG00000277168.1,0.0
ENSG00000277170.1,0.0
ENSG00000277171.1,0.0
ENSG00000277172.1,0.0
ENSG00000277173.1,0.0
ENSG00000277174.1,0.0
ENSG00000277175.5,0.0
ENSG00000277176.5,0.0
ENSG00000277177.4,108.344457
ENSG00000277181.4,0.0
ENSG00000277182.3,0.0
ENSG00000277184.1,0.0
ENSG00000277185.1,0.0
ENSG00000277186.2,0.0
ENSG00000277188.1,0.0
ENSG00000277190.1,1.29265
ENSG00000277191.1,0.0
ENSG00000277194.1,0.0
ENSG00000277196.4,0.0
ENSG00000277198.1,0.0
ENSG00000277199.2,0.0
ENSG00000277200.2,0.159008
ENSG00000277202.1,0.0
ENSG00000277205.1,0.0
ENSG00000277206.1,0.0
ENSG00000277209.1,70.100652
ENSG00000277210.3,0.0
ENSG00000277211.1,0.0
ENSG00000277213.1,0.0
ENSG00000277214.1,0.0
ENSG00000277215.3,0.127087
ENSG00000277217.1,0.0
ENSG00000277218.1,0.927407
ENSG00000277219.1,0.0
ENSG00000277221.2,0.0
ENSG00000277222.4,0.744244
ENSG00000277223.1,0.0
ENSG00000277224.3,0.788756
ENSG00000277227.1,0.0
ENSG00000277228.2,0.0
ENSG00000277229.1,0.0
ENSG00000277232.2,1.733214
ENSG00000277233.1,0.0
ENSG00000277234.1,0.0
ENSG00000277235.1,0.0
ENSG00000277236.4,0.0
ENSG00000277241.1,0.0
ENSG00000277245.1,0.0
ENSG00000277246.1,1.974296
ENSG00000277247.1,0.0
ENSG00000277248.1,0.0
ENSG00000277249.1,0.0
ENSG00000277250.1,0.0
ENSG00000277251.5,0.0
ENSG00000277252.1,0.0
ENSG00000277253.1,0.0
ENSG00000277255.1,0.0
ENSG00000277258.5,0.154895
ENSG00000277260.1,0.0
ENSG00000277263.1,0.0
ENSG00000277264.1,0.0
ENSG00000277265.1,0.0
ENSG00000277268.3,0.0
ENSG00000277269.1,0.0
ENSG00000277270.3,0.349902
ENSG00000277271.5,0.0
ENSG00000277272.5,0.0
ENSG00000277273.5,0.0
ENSG00000277276.3,0.0
ENSG00000277277.4,0.0
ENSG00000277278.4,0.0
ENSG00000277281.4,0.0
ENSG00000277282.1,0.0
ENSG00000277283.2,1.283478
ENSG00000277287.2,0.0
ENSG00000277288.6,0.0
ENSG00000277289.1,0.0
ENSG00000277290.1,0.0
ENSG00000277291.2,0.0
ENSG00000277292.2,1.007576
ENSG00000277297.1,0.0
ENSG00000277299.1,0.0
ENSG00000277301.1,0.422309
ENSG00000277303.2,0.0
ENSG00000277304.1,0.0
ENSG00000277306.1,0.0
ENSG00000277308.1,0.0
ENSG00000277310.1,0.0
ENSG00000277311.1,0.0
ENSG00000277313.1,0.0
ENSG00000277315.1,0.0
ENSG00000277317.5,0.0
ENSG00000277319.1,0.0
ENSG00000277320.1,0.0
ENSG00000277322.1,0.0
ENSG00000277324.2,0.0
ENSG00000277327.1,0.0
ENSG00000277332.4,0.0
ENSG00000277335.4,0.0
ENSG00000277340.1,0.0
ENSG00000277342.1,0.0
ENSG00000277344.1,0.0
ENSG00000277345.1,0.0
ENSG00000277349.1,0.137888
ENSG00000277350.3,0.0
ENSG00000277351.1,0.0
ENSG00000277354.1,0.0
ENSG00000277356.1,0.0
ENSG00000277357.1,0.0
ENSG00000277358.1,0.0
ENSG00000277361.2,0.0
ENSG00000277363.5,0.0
ENSG00000277364.2,0.0
ENSG00000277366.1,0.0
ENSG00000277367.1,0.0
ENSG00000277368.3,0.0
ENSG00000277369.3,0.573984
ENSG00000277370.1,0.0
ENSG00000277371.1,0.0
ENSG00000277373.1,0.0
ENSG00000277375.1,0.0
ENSG00000277376.1,0.0
ENSG00000277377.4,10.412562
ENSG00000277378.1,0.0
ENSG00000277382.2,0.0
ENSG00000277383.3,0.6892
ENSG00000277385.1,0.0
ENSG00000277386.1,0.0
ENSG00000277387.1,0.0
ENSG00000277388.1,0.0
ENSG00000277390.1,0.356782
ENSG00000277391.1,0.0
ENSG00000277396.1,0.0
ENSG00000277397.1,0.0
ENSG00000277398.5,0.0
ENSG00000277399.6,0.0
ENSG00000277400.1,0.0
ENSG00000277401.4,0.0
ENSG00000277402.1,0.0
ENSG00000277405.2,0.0
ENSG00000277406.3,0.0
ENSG00000277408.1,0.0
ENSG00000277409.1,0.0
ENSG00000277410.1,0.0
ENSG00000277411.1,0.0
ENSG00000277412.1,0.0
ENSG00000277413.1,0.0
ENSG00000277414.4,48.079442
ENSG00000277418.1,0.0
ENSG00000277421.3,0.0
ENSG00000277422.2,0.0
ENSG00000277424.4,0.305381
ENSG00000277425.1,0.0
ENSG00000277426.1,0.0
ENSG00000277429.4,1.065329
ENSG00000277435.1,0.0
ENSG00000277436.1,0.0
ENSG00000277437.1,0.0
ENSG00000277438.1,0.0
ENSG00000277440.1,0.0
ENSG00000277442.4,0.0
ENSG00000277443.3,21.183717
ENSG00000277444.1,0.0
ENSG00000277445.4,0.0
ENSG00000277446.1,0.0
ENSG00000277447.1,0.0
ENSG00000277448.2,0.085163
ENSG00000277449.2,0.181006
ENSG00000277450.1,0.0
ENSG00000277452.1,3.702394
ENSG00000277453.1,0.0
ENSG00000277454.2,0.0
ENSG00000277455.1,0.0
ENSG00000277458.1,0.0
ENSG00000277459.1,0.0
ENSG00000277460.1,0.0
ENSG00000277462.2,0.221997
ENSG00000277463.1,1.908843
ENSG00000277465.1,0.0
ENSG00000277466.1,0.0
ENSG00000277467.1,0.0
ENSG00000277468.1,0.0
ENSG00000277469.1,0.0
ENSG00000277473.1,0.0
ENSG00000277474.1,0.0
ENSG00000277475.1,0.0
ENSG00000277476.1,4.198207
ENSG00000277477.1,0.0
ENSG00000277478.1,0.0
ENSG00000277479.1,0.0
ENSG00000277480.1,0.0
ENSG00000277481.2,0.0
ENSG00000277482.1,0.0
ENSG00000277483.1,0.0
ENSG00000277484.5,0.0
ENSG00000277486.1,0.0
ENSG00000277488.1,0.0
ENSG00000277490.1,0.0
ENSG00000277491.1,0.0
ENSG00000277492.1,0.0
ENSG00000277493.1,0.0
ENSG00000277494.2,0.0
ENSG00000277495.4,0.0
ENSG00000277496.1,7.845027
ENSG00000277498.1,0.0
ENSG00000277499.1,0.0
ENSG00000277500.1,0.0
ENSG00000277502.1,0.0
ENSG00000277504.1,0.0
ENSG00000277505.1,0.0
ENSG00000277506.1,0.0
ENSG00000277507.2,1.708768
ENSG00000277508.1,0.0
ENSG00000277509.1,0.0
ENSG00000277510.1,0.0
ENSG00000277511.3,1.476913
ENSG00000277512.1,0.0
ENSG00000277513.1,0.0
ENSG00000277514.1,0.0
ENSG00000277515.1,0.0
ENSG00000277516.1,0.0
ENSG00000277517.1,0.0
ENSG00000277518.4,0.0
ENSG00000277519.1,0.0
ENSG00000277521.1,0.0
ENSG00000277524.1,0.0
ENSG00000277526.5,0.0
ENSG00000277527.3,0.0
ENSG00000277529.2,0.0
ENSG00000277531.3,0.05491
ENSG00000277532.1,0.0
ENSG00000277533.1,0.0
ENSG00000277534.1,0.169095
ENSG00000277535.4,0.0
ENSG00000277540.4,0.0
ENSG00000277541.1,0.0
ENSG00000277542.1,0.0
ENSG00000277543.1,0.0
ENSG00000277544.1,0.0
ENSG00000277545.1,0.0
ENSG00000277548.1,1.026637
ENSG00000277549.1,0.0
ENSG00000277550.1,0.0
ENSG00000277552.1,0.0
ENSG00000277553.1,0.0
ENSG00000277556.1,0.0
ENSG00000277558.1,0.0
ENSG00000277561.6,0.0
ENSG00000277562.1,0.0
ENSG00000277563.1,0.0
ENSG00000277564.4,0.0
ENSG00000277565.1,0.0
ENSG00000277566.1,0.0
ENSG00000277568.1,0.0
ENSG00000277569.1,0.0
ENSG00000277570.1,0.0
ENSG00000277571.2,0.0
ENSG00000277572.1,0.0
ENSG00000277574.2,0.0
ENSG00000277575.1,0.0
ENSG00000277576.1,0.0
ENSG00000277577.1,0.0
ENSG00000277578.1,0.0
ENSG00000277579.1,0.0
ENSG00000277581.1,0.0
ENSG00000277583.1,0.0
ENSG00000277585.5,0.0
ENSG00000277586.4,0.590101
ENSG00000277587.1,0.0
ENSG00000277588.1,0.0
ENSG00000277589.1,0.0
ENSG00000277590.1,0.0
ENSG00000277591.1,0.0
ENSG00000277592.1,0.0
ENSG00000277594.2,0.0
ENSG00000277595.1,1.815999
ENSG00000277596.1,0.0
ENSG00000277597.3,0.0
ENSG00000277598.1,0.0
ENSG00000277599.1,0.0
ENSG00000277600.4,1.70963
ENSG00000277602.1,0.0
ENSG00000277604.1,0.0
ENSG00000277605.1,0.0
ENSG00000277608.1,0.0
ENSG00000277610.1,0.0
ENSG00000277611.1,0.0
ENSG00000277614.1,0.0
ENSG00000277616.1,0.0
ENSG00000277617.1,0.0
ENSG00000277618.1,0.0
ENSG00000277619.1,0.0
ENSG00000277620.1,0.0
ENSG00000277621.1,0.0
ENSG00000277626.1,0.0
ENSG00000277628.1,0.0
ENSG00000277630.4,0.0
ENSG00000277631.8,0.0
ENSG00000277632.2,1.396836
ENSG00000277634.1,0.0
ENSG00000277635.1,0.0
ENSG00000277636.1,0.0
ENSG00000277639.3,0.0
ENSG00000277640.1,0.0
ENSG00000277641.2,0.0
ENSG00000277642.1,0.0
ENSG00000277646.1,0.0
ENSG00000277647.1,0.0
ENSG00000277649.2,0.0
ENSG00000277650.1,0.0
ENSG00000277651.1,0.0
ENSG00000277653.1,0.0
ENSG00000277654.7,0.0
ENSG00000277655.1,0.0
ENSG00000277656.3,10.140600000000001
ENSG00000277657.2,0.0
ENSG00000277661.5,0.0
ENSG00000277662.1,0.0
ENSG00000277668.1,0.0
ENSG00000277670.1,0.0
ENSG00000277672.1,0.0
ENSG00000277673.1,0.0
ENSG00000277675.2,0.0
ENSG00000277677.1,0.0
ENSG00000277681.1,0.0
ENSG00000277684.1,0.0
ENSG00000277687.1,0.226119
ENSG00000277688.2,0.0
ENSG00000277689.1,0.0
ENSG00000277690.2,0.0
ENSG00000277691.5,0.0
ENSG00000277692.1,0.907147
ENSG00000277693.3,0.0
ENSG00000277694.1,0.0
ENSG00000277695.1,0.0
ENSG00000277701.6,1.321228
ENSG00000277702.1,0.0
ENSG00000277704.1,0.0
ENSG00000277705.1,0.0
ENSG00000277708.1,0.0
ENSG00000277709.1,0.0
ENSG00000277710.2,0.0
ENSG00000277711.1,0.0
ENSG00000277713.1,0.0
ENSG00000277715.2,2.615489
ENSG00000277717.1,0.0
ENSG00000277718.2,0.190794
ENSG00000277720.1,0.0
ENSG00000277721.1,0.0
ENSG00000277725.5,0.0
ENSG00000277728.1,0.0
ENSG00000277729.1,0.0
ENSG00000277730.2,3.100785
ENSG00000277732.1,0.0
ENSG00000277734.8,462.411138
ENSG00000277737.3,0.0
ENSG00000277738.2,2.090706
ENSG00000277740.1,0.0
ENSG00000277741.5,0.0
ENSG00000277743.1,0.0
ENSG00000277744.1,0.860808
ENSG00000277746.1,0.0
ENSG00000277747.1,0.0
ENSG00000277748.1,0.0
ENSG00000277749.2,0.0
ENSG00000277750.1,0.0
ENSG00000277751.4,81.552423
ENSG00000277752.1,0.0
ENSG00000277753.3,0.0
ENSG00000277754.1,0.0
ENSG00000277755.1,0.0
ENSG00000277758.6,0.374988
ENSG00000277759.1,0.0
ENSG00000277762.1,0.0
ENSG00000277763.2,1.906208
ENSG00000277764.1,0.0
ENSG00000277766.1,0.0
ENSG00000277767.2,0.472527
ENSG00000277768.3,0.0
ENSG00000277769.1,0.0
ENSG00000277770.1,0.0
ENSG00000277771.1,0.0
ENSG00000277773.4,3.657818
ENSG00000277774.1,0.0
ENSG00000277775.2,0.0
ENSG00000277777.1,0.0
ENSG00000277778.4,0.0
ENSG00000277781.2,0.714501
ENSG00000277782.2,1.288967
ENSG00000277784.1,0.0
ENSG00000277785.1,0.0
ENSG00000277786.4,0.0
ENSG00000277789.4,0.8127120000000001
ENSG00000277790.1,0.0
ENSG00000277791.5,435.988363
ENSG00000277794.1,0.0
ENSG00000277795.1,0.0
ENSG00000277797.1,0.0
ENSG00000277800.3,0.0
ENSG00000277801.1,0.0
ENSG00000277802.2,0.0
ENSG00000277803.1,0.0
ENSG00000277804.4,0.0
ENSG00000277806.1,0.0
ENSG00000277807.5,29.916595
ENSG00000277808.1,0.0
ENSG00000277809.1,0.0
ENSG00000277816.5,122.362187
ENSG00000277817.1,0.0
ENSG00000277818.1,0.0
ENSG00000277823.5,0.704628
ENSG00000277825.1,0.0
ENSG00000277826.1,0.0
ENSG00000277828.1,0.0
ENSG00000277829.1,0.0
ENSG00000277830.1,0.0
ENSG00000277831.2,0.0
ENSG00000277833.4,0.0
ENSG00000277835.5,0.0
ENSG00000277836.1,0.0
ENSG00000277837.1,0.0
ENSG00000277840.1,0.0
ENSG00000277842.1,0.0
ENSG00000277844.1,0.0
ENSG00000277846.1,0.0
ENSG00000277848.4,0.0
ENSG00000277850.4,0.0
ENSG00000277851.3,0.600441
ENSG00000277852.1,0.0
ENSG00000277853.2,0.0
ENSG00000277855.2,0.0
ENSG00000277856.1,0.0
ENSG00000277858.2,3.341428
ENSG00000277859.1,0.0
ENSG00000277862.1,0.0
ENSG00000277863.1,0.0
ENSG00000277864.1,0.0
ENSG00000277865.6,0.0
ENSG00000277866.1,0.0
ENSG00000277867.1,0.0
ENSG00000277868.4,0.472199
ENSG00000277869.1,0.0
ENSG00000277870.6,0.0
ENSG00000277872.1,0.0
ENSG00000277873.1,0.435795
ENSG00000277876.1,0.0
ENSG00000277878.1,0.0
ENSG00000277879.1,1.469858
ENSG00000277880.1,0.0
ENSG00000277881.1,0.0
ENSG00000277882.1,0.0
ENSG00000277883.1,0.0
ENSG00000277885.1,0.0
ENSG00000277887.1,0.0
ENSG00000277888.1,0.0
ENSG00000277889.1,0.0
ENSG00000277892.1,0.0
ENSG00000277893.2,0.0
ENSG00000277895.2,0.0
ENSG00000277897.3,0.149176
ENSG00000277899.1,0.0
ENSG00000277900.1,0.0
ENSG00000277904.1,0.0
ENSG00000277907.1,0.0
ENSG00000277909.4,0.416019
ENSG00000277911.1,0.0
ENSG00000277912.1,0.0
ENSG00000277913.1,0.0
ENSG00000277914.1,0.0
ENSG00000277916.1,0.0
ENSG00000277918.1,0.0
ENSG00000277919.1,0.0
ENSG00000277922.1,0.0
ENSG00000277926.4,0.0
ENSG00000277930.2,0.0
ENSG00000277932.2,0.0
ENSG00000277935.1,0.0
ENSG00000277936.4,9.092345
ENSG00000277938.1,0.171501
ENSG00000277941.1,0.0
ENSG00000277942.1,0.0
ENSG00000277943.4,0.0
ENSG00000277945.1,0.0
ENSG00000277946.1,0.0
ENSG00000277947.1,0.0
ENSG00000277948.1,0.0
ENSG00000277950.1,0.0
ENSG00000277952.1,0.0
ENSG00000277954.1,0.0
ENSG00000277956.4,0.0
ENSG00000277957.1,0.0
ENSG00000277958.1,0.0
ENSG00000277959.1,1.500322
ENSG00000277964.1,0.0
ENSG00000277965.1,4.14803
ENSG00000277966.1,0.0
ENSG00000277967.1,0.0
ENSG00000277968.1,0.0
ENSG00000277969.3,3.124516
ENSG00000277971.1,0.0
ENSG00000277972.2,24.676649
ENSG00000277973.1,0.0
ENSG00000277974.5,5.574337
ENSG00000277975.1,0.0
ENSG00000277977.1,0.0
ENSG00000277978.2,2.294671
ENSG00000277981.1,0.0
ENSG00000277982.4,0.0
ENSG00000277984.1,0.0
ENSG00000277985.1,0.0
ENSG00000277986.1,0.0
ENSG00000277987.4,0.0
ENSG00000277988.1,0.0
ENSG00000277991.5,0.472926
ENSG00000277994.1,0.0
ENSG00000277997.1,0.0
ENSG00000277998.1,0.0
ENSG00000278000.1,2.364313
ENSG00000278001.1,0.0
ENSG00000278002.2,0.547027
ENSG00000278004.1,0.0
ENSG00000278006.2,0.0
ENSG00000278007.1,0.0
ENSG00000278008.1,0.0
ENSG00000278009.1,0.0
ENSG00000278012.1,0.0
ENSG00000278013.1,0.0
ENSG00000278016.2,1.567333
ENSG00000278017.2,0.0
ENSG00000278019.2,0.0
ENSG00000278020.1,0.0
ENSG00000278021.4,0.0
ENSG00000278022.2,0.0
ENSG00000278023.7,0.0
ENSG00000278025.4,0.0
ENSG00000278026.1,0.0
ENSG00000278028.1,0.0
ENSG00000278030.1,20.526028
ENSG00000278031.3,0.0
ENSG00000278032.2,133.589025
ENSG00000278034.1,0.0
ENSG00000278035.1,0.0
ENSG00000278038.1,0.0
ENSG00000278039.1,0.0
ENSG00000278040.1,0.0
ENSG00000278041.2,0.0
ENSG00000278042.2,0.0
ENSG00000278044.2,0.0
ENSG00000278045.1,0.0
ENSG00000278050.1,0.0
ENSG00000278051.1,0.0
ENSG00000278052.1,0.0
ENSG00000278053.5,5.566097
ENSG00000278054.1,0.0
ENSG00000278055.1,0.0
ENSG00000278057.4,0.0
ENSG00000278058.2,0.8260959999999999
ENSG00000278060.1,0.0
ENSG00000278062.2,1.590388
ENSG00000278066.1,0.0
ENSG00000278068.1,0.0
ENSG00000278069.1,0.0
ENSG00000278071.2,0.0
ENSG00000278072.1,0.0
ENSG00000278073.1,0.0
ENSG00000278074.1,0.0
ENSG00000278075.1,1.361084
ENSG00000278077.1,0.0
ENSG00000278078.1,0.0
ENSG00000278079.6,0.0
ENSG00000278082.3,10.88867
ENSG00000278083.1,0.0
ENSG00000278085.5,0.0
ENSG00000278086.2,0.0
ENSG00000278087.4,19.350158
ENSG00000278088.5,0.0
ENSG00000278089.1,0.0
ENSG00000278090.4,1.243363
ENSG00000278091.4,0.316932
ENSG00000278095.1,0.0
ENSG00000278096.1,0.0
ENSG00000278097.2,0.0
ENSG00000278098.1,0.0
ENSG00000278099.1,0.0
ENSG00000278100.1,0.0
ENSG00000278102.1,0.0
ENSG00000278103.1,0.0
ENSG00000278104.1,0.0
ENSG00000278106.1,0.0
ENSG00000278108.1,0.0
ENSG00000278109.1,1.999675
ENSG00000278110.1,0.0
ENSG00000278111.4,0.0
ENSG00000278112.1,0.0
ENSG00000278113.1,0.0
ENSG00000278116.1,0.0
ENSG00000278118.1,0.0
ENSG00000278119.1,0.0
ENSG00000278120.1,0.0
ENSG00000278121.1,0.0
ENSG00000278122.1,0.0
ENSG00000278123.1,0.0
ENSG00000278124.1,0.0
ENSG00000278126.1,0.94449
ENSG00000278128.3,0.0
ENSG00000278129.2,0.948306
ENSG00000278130.1,0.0
ENSG00000278131.1,0.0
ENSG00000278133.1,41.4135
ENSG00000278135.1,0.0
ENSG00000278137.1,0.0
ENSG00000278138.2,0.0
ENSG00000278139.1,0.0
ENSG00000278143.1,0.0
ENSG00000278144.1,0.0
ENSG00000278145.2,0.0
ENSG00000278146.1,0.0
ENSG00000278147.1,0.0
ENSG00000278151.1,0.0
ENSG00000278152.3,0.0
ENSG00000278153.1,0.0
ENSG00000278154.4,0.541533
ENSG00000278156.4,0.083783
ENSG00000278158.3,0.647477
ENSG00000278159.1,0.0
ENSG00000278160.1,0.0
ENSG00000278165.3,0.0
ENSG00000278167.2,0.0
ENSG00000278169.1,0.0
ENSG00000278171.1,0.0
ENSG00000278172.1,0.0
ENSG00000278173.4,0.0
ENSG00000278174.3,11.817431
ENSG00000278175.7,3.10125
ENSG00000278177.1,0.0
ENSG00000278178.2,0.0
ENSG00000278180.1,0.0
ENSG00000278181.1,0.0
ENSG00000278182.1,0.0
ENSG00000278183.4,3.8861670000000004
ENSG00000278184.1,0.0
ENSG00000278186.2,0.0
ENSG00000278188.1,0.0
ENSG00000278191.4,1.381936
ENSG00000278192.1,0.0
ENSG00000278193.1,0.0
ENSG00000278194.2,0.0
ENSG00000278195.2,2.111496
ENSG00000278196.3,19.702591
ENSG00000278197.1,0.0
ENSG00000278200.2,0.0
ENSG00000278201.4,0.0
ENSG00000278202.1,0.0
ENSG00000278204.1,0.0
ENSG00000278205.1,0.0
ENSG00000278206.1,0.0
ENSG00000278207.1,0.0
ENSG00000278208.1,0.0
ENSG00000278211.4,11.001294
ENSG00000278212.5,0.0
ENSG00000278213.1,0.0
ENSG00000278214.2,0.514421
ENSG00000278215.1,0.0
ENSG00000278216.3,0.0
ENSG00000278217.1,0.0
ENSG00000278218.1,0.0
ENSG00000278220.2,0.0
ENSG00000278222.1,0.0
ENSG00000278223.1,0.0
ENSG00000278224.7,0.0
ENSG00000278226.1,0.0
ENSG00000278229.2,0.893617
ENSG00000278231.2,6.214729
ENSG00000278232.4,0.0
ENSG00000278233.1,25914.875203
ENSG00000278234.1,0.0
ENSG00000278236.1,0.0
ENSG00000278237.1,0.0
ENSG00000278238.3,0.505082
ENSG00000278239.1,0.214448
ENSG00000278243.2,7.857252
ENSG00000278248.1,0.0
ENSG00000278249.1,14.496686
ENSG00000278250.1,0.0
ENSG00000278253.1,0.0
ENSG00000278254.5,0.0
ENSG00000278255.1,0.0
ENSG00000278256.1,0.0
ENSG00000278259.5,12.883658
ENSG00000278261.1,0.0
ENSG00000278263.2,0.0
ENSG00000278264.1,0.0
ENSG00000278265.1,0.0
ENSG00000278267.1,0.0
ENSG00000278268.2,0.0
ENSG00000278270.4,4.165532000000001
ENSG00000278271.1,0.0
ENSG00000278273.1,0.0
ENSG00000278274.1,0.0
ENSG00000278275.2,0.0
ENSG00000278276.2,0.0
ENSG00000278278.1,0.0
ENSG00000278279.4,0.0
ENSG00000278281.1,0.0
ENSG00000278283.1,0.0
ENSG00000278287.1,0.0
ENSG00000278289.5,0.0
ENSG00000278291.1,0.0
ENSG00000278292.1,0.0
ENSG00000278294.1,0.0
ENSG00000278299.6,0.0
ENSG00000278300.5,0.0
ENSG00000278301.1,0.0
ENSG00000278302.2,0.0
ENSG00000278303.4,0.0
ENSG00000278304.1,0.0
ENSG00000278305.2,0.0
ENSG00000278306.1,0.0
ENSG00000278307.3,0.0
ENSG00000278308.2,0.0
ENSG00000278310.3,0.0
ENSG00000278311.5,34.995743
ENSG00000278312.1,2.435806
ENSG00000278313.1,0.0
ENSG00000278317.1,0.0
ENSG00000278318.5,0.0
ENSG00000278319.1,0.0
ENSG00000278322.4,0.0
ENSG00000278324.1,0.0
ENSG00000278326.4,0.0
ENSG00000278327.5,0.0
ENSG00000278328.1,0.0
ENSG00000278329.1,0.0
ENSG00000278330.1,0.076779
ENSG00000278331.1,0.0
ENSG00000278332.1,0.0
ENSG00000278333.1,0.0
ENSG00000278334.1,0.0
ENSG00000278337.1,0.0
ENSG00000278338.5,0.0
ENSG00000278339.1,0.0
ENSG00000278341.1,0.516919
ENSG00000278342.1,0.0
ENSG00000278344.1,0.0
ENSG00000278345.1,0.0
ENSG00000278346.1,0.0
ENSG00000278348.1,0.0
ENSG00000278349.1,0.0
ENSG00000278351.1,0.0
ENSG00000278355.4,0.0
ENSG00000278356.1,0.0
ENSG00000278358.1,0.0
ENSG00000278359.1,0.0
ENSG00000278362.4,3.213707
ENSG00000278367.2,0.0
ENSG00000278368.5,0.0
ENSG00000278369.1,0.0
ENSG00000278370.1,0.0
ENSG00000278372.4,0.0
ENSG00000278373.4,0.0
ENSG00000278374.1,0.0
ENSG00000278376.3,0.694248
ENSG00000278377.1,0.0
ENSG00000278381.1,0.0
ENSG00000278382.1,0.0
ENSG00000278383.1,0.0
ENSG00000278384.1,0.0
ENSG00000278385.1,0.0
ENSG00000278388.1,0.0
ENSG00000278389.1,0.0
ENSG00000278390.8,1.033838
ENSG00000278395.1,0.0
ENSG00000278396.1,0.0
ENSG00000278399.1,0.0
ENSG00000278400.1,0.0
ENSG00000278401.1,0.0
ENSG00000278404.1,0.0
ENSG00000278406.1,0.0
ENSG00000278408.2,0.0
ENSG00000278410.1,0.0
ENSG00000278412.1,0.0
ENSG00000278413.1,0.0
ENSG00000278414.5,0.0
ENSG00000278415.4,33.202006
ENSG00000278416.1,0.0
ENSG00000278418.1,0.0
ENSG00000278419.1,0.0
ENSG00000278420.1,0.0
ENSG00000278421.1,0.0
ENSG00000278422.1,0.0
ENSG00000278424.1,0.0
ENSG00000278427.5,0.0
ENSG00000278428.1,0.0
ENSG00000278429.4,0.0
ENSG00000278430.4,0.0
ENSG00000278431.1,0.0
ENSG00000278433.1,0.0
ENSG00000278434.1,0.17599
ENSG00000278437.4,1.309876
ENSG00000278438.1,0.0
ENSG00000278441.1,0.0
ENSG00000278443.1,0.0
ENSG00000278444.1,0.0
ENSG00000278445.2,0.0
ENSG00000278446.1,0.0
ENSG00000278447.1,0.0
ENSG00000278449.1,0.0
ENSG00000278454.1,0.0
ENSG00000278455.1,0.0
ENSG00000278456.1,0.0
ENSG00000278457.1,0.0
ENSG00000278458.4,0.0
ENSG00000278459.1,0.0
ENSG00000278461.4,0.0
ENSG00000278462.1,0.0
ENSG00000278463.2,0.0
ENSG00000278464.3,0.0
ENSG00000278465.1,0.0
ENSG00000278466.4,0.0
ENSG00000278467.1,0.291578
ENSG00000278468.3,0.149579
ENSG00000278469.1,0.0
ENSG00000278472.1,0.0
ENSG00000278473.1,0.0
ENSG00000278474.4,0.0
ENSG00000278475.1,0.0
ENSG00000278477.1,0.0
ENSG00000278478.1,0.0
ENSG00000278480.1,0.0
ENSG00000278481.1,0.0
ENSG00000278482.1,0.0
ENSG00000278483.1,0.0
ENSG00000278484.2,0.0
ENSG00000278485.1,0.0
ENSG00000278486.1,0.0
ENSG00000278487.1,0.0
ENSG00000278488.2,0.0
ENSG00000278490.1,0.0
ENSG00000278492.1,0.0
ENSG00000278493.1,0.0
ENSG00000278494.2,3.799777
ENSG00000278495.4,0.0
ENSG00000278496.1,0.0
ENSG00000278497.1,0.0
ENSG00000278498.1,0.0
ENSG00000278499.2,0.0
ENSG00000278502.1,0.0
ENSG00000278505.5,0.0
ENSG00000278510.1,0.0
ENSG00000278513.1,0.0
ENSG00000278516.1,15.840503
ENSG00000278517.1,0.0
ENSG00000278518.2,0.0
ENSG00000278520.1,0.0
ENSG00000278522.5,0.0
ENSG00000278523.1,0.0
ENSG00000278524.1,0.0
ENSG00000278525.1,0.0
ENSG00000278526.1,0.0
ENSG00000278527.1,0.0
ENSG00000278528.1,0.0
ENSG00000278529.1,0.0
ENSG00000278530.6,0.0
ENSG00000278531.1,0.0
ENSG00000278532.1,0.0
ENSG00000278535.5,2.597731
ENSG00000278537.1,0.0
ENSG00000278540.5,2.869174
ENSG00000278541.1,0.0
ENSG00000278543.1,0.0
ENSG00000278545.4,12.921071
ENSG00000278546.1,0.0
ENSG00000278548.4,0.0
ENSG00000278549.1,0.0
ENSG00000278550.4,110.060697
ENSG00000278552.1,0.0
ENSG00000278553.1,0.0
ENSG00000278554.1,0.0
ENSG00000278555.4,30.835228999999998
ENSG00000278558.6,0.433673
ENSG00000278561.3,0.0
ENSG00000278562.3,0.0
ENSG00000278563.2,0.463374
ENSG00000278565.4,8.195987
ENSG00000278567.2,2.585957
ENSG00000278569.1,0.0
ENSG00000278570.5,0.0
ENSG00000278571.1,0.0
ENSG00000278572.1,0.314385
ENSG00000278574.4,0.0
ENSG00000278576.1,0.469071
ENSG00000278577.1,0.0
ENSG00000278580.1,0.0
ENSG00000278581.1,0.0
ENSG00000278582.1,0.0
ENSG00000278585.1,0.0
ENSG00000278586.1,0.0
ENSG00000278587.1,0.0
ENSG00000278588.2,0.0
ENSG00000278589.1,0.0
ENSG00000278590.1,0.0
ENSG00000278592.1,0.0
ENSG00000278593.1,0.0
ENSG00000278594.1,0.0
ENSG00000278595.2,0.0
ENSG00000278596.1,0.0
ENSG00000278598.1,0.0
ENSG00000278599.6,0.0
ENSG00000278600.1,13.107821
ENSG00000278601.1,0.0
ENSG00000278602.1,0.0
ENSG00000278603.1,0.0
ENSG00000278605.4,0.490577
ENSG00000278606.4,0.0
ENSG00000278607.4,0.360544
ENSG00000278608.1,0.0
ENSG00000278611.5,0.0
ENSG00000278613.4,16.704417
ENSG00000278614.1,0.0
ENSG00000278615.5,75.474293
ENSG00000278616.1,0.0
ENSG00000278617.1,0.0
ENSG00000278619.5,3.778812
ENSG00000278620.3,0.0
ENSG00000278621.1,0.0
ENSG00000278622.4,172.826234
ENSG00000278624.2,0.0
ENSG00000278625.1,0.0
ENSG00000278627.1,0.0
ENSG00000278630.2,0.0
ENSG00000278631.1,0.0
ENSG00000278632.5,1.209777
ENSG00000278633.1,0.0
ENSG00000278634.4,28.016127
ENSG00000278635.1,0.0
ENSG00000278636.1,0.0
ENSG00000278637.3,0.0
ENSG00000278638.2,0.0
ENSG00000278640.1,0.0
ENSG00000278642.1,0.0
ENSG00000278643.1,0.0
ENSG00000278644.2,0.0
ENSG00000278646.1,0.0
ENSG00000278647.1,0.0
ENSG00000278650.1,0.0
ENSG00000278654.1,0.0
ENSG00000278655.1,0.0
ENSG00000278656.4,0.0
ENSG00000278657.1,0.0
ENSG00000278658.1,0.0
ENSG00000278661.1,0.0
ENSG00000278662.6,0.0
ENSG00000278664.1,0.0
ENSG00000278665.1,0.427091
ENSG00000278667.1,0.0
ENSG00000278668.1,0.561115
ENSG00000278672.1,0.0
ENSG00000278673.1,0.0
ENSG00000278677.2,0.751878
ENSG00000278678.1,0.0
ENSG00000278681.2,0.0
ENSG00000278683.1,0.0
ENSG00000278684.1,0.0
ENSG00000278685.4,0.0
ENSG00000278687.1,0.0
ENSG00000278689.1,0.0
ENSG00000278690.1,0.0
ENSG00000278691.5,0.0
ENSG00000278693.3,0.0
ENSG00000278694.1,0.0
ENSG00000278695.1,0.0
ENSG00000278698.2,0.0
ENSG00000278699.4,0.0
ENSG00000278700.1,0.0
ENSG00000278701.1,0.0
ENSG00000278702.1,0.0
ENSG00000278703.1,0.0
ENSG00000278704.1,0.0
ENSG00000278705.4,1.114897
ENSG00000278707.4,0.0
ENSG00000278708.1,0.0
ENSG00000278709.2,1.287493
ENSG00000278710.4,0.0
ENSG00000278713.1,0.0
ENSG00000278715.1,0.0
ENSG00000278716.1,0.0
ENSG00000278718.3,0.0
ENSG00000278719.2,0.0
ENSG00000278720.1,0.0
ENSG00000278722.1,0.0
ENSG00000278723.1,0.0
ENSG00000278724.1,0.0
ENSG00000278725.1,0.0
ENSG00000278726.4,0.0
ENSG00000278727.1,0.19653
ENSG00000278728.2,0.037776
ENSG00000278730.1,9.367798
ENSG00000278731.5,0.0
ENSG00000278732.1,0.0
ENSG00000278733.1,0.0
ENSG00000278734.1,0.0
ENSG00000278736.1,0.0
ENSG00000278737.2,0.516813
ENSG00000278738.5,0.0
ENSG00000278740.1,0.0
ENSG00000278741.4,5.553876000000001
ENSG00000278742.3,7.800461
ENSG00000278743.3,0.0
ENSG00000278744.1,0.0
ENSG00000278745.1,0.0
ENSG00000278746.1,0.0
ENSG00000278752.1,0.0
ENSG00000278754.1,0.0
ENSG00000278755.1,0.0
ENSG00000278756.1,0.0
ENSG00000278759.2,37.153499
ENSG00000278761.1,0.0
ENSG00000278763.1,0.0
ENSG00000278764.1,0.0
ENSG00000278765.1,0.0
ENSG00000278766.3,0.0
ENSG00000278767.4,0.0
ENSG00000278768.5,3.189266
ENSG00000278769.1,0.0
ENSG00000278770.1,0.0
ENSG00000278771.1,1.857519
ENSG00000278773.1,0.0
ENSG00000278774.1,0.0
ENSG00000278776.1,0.0
ENSG00000278778.1,0.0
ENSG00000278780.4,0.0
ENSG00000278783.1,0.0
ENSG00000278784.2,5.075973
ENSG00000278786.5,0.0
ENSG00000278787.4,0.0
ENSG00000278788.4,14.099935
ENSG00000278790.1,0.0
ENSG00000278791.1,0.0
ENSG00000278794.1,0.0
ENSG00000278795.5,0.0
ENSG00000278797.1,0.0
ENSG00000278799.1,0.0
ENSG00000278802.1,0.0
ENSG00000278803.3,0.0
ENSG00000278805.1,0.0
ENSG00000278809.4,0.0
ENSG00000278811.5,0.0
ENSG00000278812.2,0.0
ENSG00000278813.1,0.0
ENSG00000278816.1,0.0
ENSG00000278817.1,0.0
ENSG00000278818.1,0.0
ENSG00000278819.1,0.0
ENSG00000278821.4,0.0
ENSG00000278822.1,0.0
ENSG00000278823.4,0.0
ENSG00000278824.1,0.0
ENSG00000278825.1,0.0
ENSG00000278826.1,0.0
ENSG00000278828.2,9.461423
ENSG00000278829.1,0.0
ENSG00000278830.1,0.0
ENSG00000278831.1,0.830882
ENSG00000278833.5,0.0
ENSG00000278834.3,1.467163
ENSG00000278837.1,0.0
ENSG00000278838.1,0.0
ENSG00000278839.4,1.118331
ENSG00000278840.1,0.0
ENSG00000278842.1,0.0
ENSG00000278843.4,0.392019
ENSG00000278845.5,0.0
ENSG00000278847.1,0.0
ENSG00000278848.3,0.0
ENSG00000278850.4,0.0
ENSG00000278851.1,0.0
ENSG00000278852.1,0.0
ENSG00000278854.1,0.0
ENSG00000278855.2,0.0
ENSG00000278856.5,0.0
ENSG00000278857.1,0.0
ENSG00000278859.1,0.0
ENSG00000278860.1,0.0
ENSG00000278861.1,0.0
ENSG00000278862.1,0.0
ENSG00000278863.1,0.0
ENSG00000278864.1,0.569206
ENSG00000278865.1,0.0
ENSG00000278866.1,0.0
ENSG00000278867.1,0.447459
ENSG00000278869.3,1.136376
ENSG00000278870.2,0.0
ENSG00000278872.1,0.0
ENSG00000278873.1,0.0
ENSG00000278874.1,0.0
ENSG00000278875.1,0.138059
ENSG00000278876.1,0.0
ENSG00000278877.1,0.0
ENSG00000278879.1,0.0
ENSG00000278880.1,0.0
ENSG00000278881.2,0.0
ENSG00000278884.1,0.0
ENSG00000278885.1,0.0
ENSG00000278886.1,0.0
ENSG00000278889.4,0.0
ENSG00000278890.1,0.0
ENSG00000278891.1,0.0
ENSG00000278892.1,0.0
ENSG00000278893.1,0.0
ENSG00000278894.1,0.0
ENSG00000278895.1,0.434595
ENSG00000278896.1,0.095356
ENSG00000278897.1,0.106914
ENSG00000278898.1,0.0
ENSG00000278899.2,0.0
ENSG00000278900.1,0.0
ENSG00000278901.1,0.0
ENSG00000278902.1,0.0
ENSG00000278903.6,0.175296
ENSG00000278905.1,0.0
ENSG00000278907.1,0.0
ENSG00000278908.1,0.0
ENSG00000278909.1,0.0
ENSG00000278910.6,0.0
ENSG00000278911.2,0.0
ENSG00000278912.1,0.0
ENSG00000278913.1,0.0
ENSG00000278914.1,0.0
ENSG00000278915.1,0.0
ENSG00000278916.2,0.0
ENSG00000278917.1,0.268558
ENSG00000278918.1,0.0
ENSG00000278920.1,0.02717
ENSG00000278921.2,0.0
ENSG00000278922.1,0.0
ENSG00000278924.1,0.0
ENSG00000278925.1,0.0
ENSG00000278926.1,0.0
ENSG00000278928.1,0.0
ENSG00000278929.1,0.0
ENSG00000278931.1,0.0
ENSG00000278932.7,0.30950199999999994
ENSG00000278933.1,0.0
ENSG00000278934.1,0.0
ENSG00000278935.1,0.0
ENSG00000278936.1,0.0
ENSG00000278941.1,0.0
ENSG00000278942.1,0.0
ENSG00000278943.1,0.0
ENSG00000278944.1,0.0
ENSG00000278945.1,0.0
ENSG00000278946.1,0.0
ENSG00000278948.1,3.085291
ENSG00000278949.1,1.16256
ENSG00000278950.1,0.0
ENSG00000278952.1,0.0
ENSG00000278953.1,0.0
ENSG00000278954.1,0.0
ENSG00000278957.1,0.0
ENSG00000278958.1,0.0
ENSG00000278959.1,0.097318
ENSG00000278960.1,0.0
ENSG00000278961.3,0.0
ENSG00000278962.1,0.0
ENSG00000278963.1,0.0
ENSG00000278964.1,0.0
ENSG00000278965.1,0.070721
ENSG00000278966.2,0.327293
ENSG00000278967.1,0.0
ENSG00000278969.1,0.0
ENSG00000278970.5,45.293181
ENSG00000278971.1,0.0
ENSG00000278972.1,0.0
ENSG00000278973.1,0.0
ENSG00000278974.1,0.381242
ENSG00000278975.1,0.0
ENSG00000278977.1,0.0
ENSG00000278979.1,0.0
ENSG00000278980.1,0.0
ENSG00000278981.1,0.0
ENSG00000278982.1,0.0
ENSG00000278983.1,0.066232
ENSG00000278985.1,0.982276
ENSG00000278986.1,0.42365
ENSG00000278987.1,0.0
ENSG00000278988.1,0.0
ENSG00000278989.1,0.0
ENSG00000278990.1,0.0
ENSG00000278991.1,0.0
ENSG00000278992.1,0.0
ENSG00000278993.1,0.589532
ENSG00000278994.1,0.0
ENSG00000278995.1,0.0
ENSG00000278996.2,0.0
ENSG00000278997.1,1.903041
ENSG00000278998.1,0.0
ENSG00000278999.1,0.217172
ENSG00000279000.4,0.0
ENSG00000279001.1,0.0
ENSG00000279002.1,0.0
ENSG00000279004.1,0.0
ENSG00000279005.1,0.0
ENSG00000279006.1,0.0
ENSG00000279009.1,0.0
ENSG00000279011.1,0.0
ENSG00000279012.2,0.0
ENSG00000279013.1,0.0
ENSG00000279014.1,0.0
ENSG00000279015.1,0.0
ENSG00000279016.1,0.0
ENSG00000279017.1,0.0
ENSG00000279019.1,0.063525
ENSG00000279020.1,0.0
ENSG00000279021.1,0.0
ENSG00000279022.1,0.0
ENSG00000279023.1,0.0
ENSG00000279024.1,0.096599
ENSG00000279025.1,0.0
ENSG00000279026.1,0.437334
ENSG00000279028.1,0.0
ENSG00000279029.1,0.0
ENSG00000279030.1,0.0
ENSG00000279031.1,0.0
ENSG00000279032.1,0.0
ENSG00000279033.1,0.0
ENSG00000279034.1,0.0
ENSG00000279035.1,0.0
ENSG00000279036.1,0.0
ENSG00000279040.1,0.0
ENSG00000279041.1,0.0
ENSG00000279042.1,0.0
ENSG00000279043.1,0.044787
ENSG00000279044.1,0.0
ENSG00000279045.1,0.0
ENSG00000279046.1,0.0
ENSG00000279047.5,0.0
ENSG00000279048.2,0.0
ENSG00000279050.1,0.100034
ENSG00000279051.5,0.0
ENSG00000279056.1,0.0
ENSG00000279057.1,0.0
ENSG00000279058.2,0.797741
ENSG00000279059.1,1.356255
ENSG00000279061.1,1.440049
ENSG00000279062.1,0.0
ENSG00000279063.1,0.0
ENSG00000279064.2,0.0
ENSG00000279065.1,0.0
ENSG00000279066.1,0.137122
ENSG00000279067.1,0.0
ENSG00000279068.1,0.0
ENSG00000279069.2,0.0
ENSG00000279070.2,0.0
ENSG00000279071.1,0.0
ENSG00000279072.2,0.092879
ENSG00000279073.3,0.0
ENSG00000279074.1,0.0
ENSG00000279075.1,0.0
ENSG00000279076.1,0.0
ENSG00000279077.1,0.0
ENSG00000279078.1,0.097106
ENSG00000279080.1,0.224337
ENSG00000279081.2,0.0
ENSG00000279082.6,1.425112
ENSG00000279083.1,0.0
ENSG00000279085.1,0.042839
ENSG00000279086.1,0.959001
ENSG00000279087.1,0.0
ENSG00000279088.3,19.72144
ENSG00000279089.1,0.22073
ENSG00000279090.1,0.0
ENSG00000279092.1,0.047989
ENSG00000279093.1,0.0
ENSG00000279094.4,0.0
ENSG00000279095.1,1.272804
ENSG00000279096.3,0.0
ENSG00000279097.1,0.0
ENSG00000279098.1,0.0
ENSG00000279099.1,0.0
ENSG00000279100.1,0.0
ENSG00000279103.1,0.130367
ENSG00000279104.1,0.0
ENSG00000279106.1,0.862368
ENSG00000279108.1,0.78961
ENSG00000279110.1,0.0
ENSG00000279111.2,0.0
ENSG00000279113.1,0.0
ENSG00000279114.1,0.074707
ENSG00000279116.3,0.0
ENSG00000279117.1,14.53578
ENSG00000279118.1,0.0
ENSG00000279119.1,1.242946
ENSG00000279120.1,0.0
ENSG00000279121.1,0.0
ENSG00000279122.1,0.0
ENSG00000279123.1,0.0
ENSG00000279124.1,0.0
ENSG00000279125.1,0.0
ENSG00000279127.1,0.0
ENSG00000279128.1,0.0
ENSG00000279129.1,0.0
ENSG00000279130.1,0.0
ENSG00000279133.1,0.245134
ENSG00000279134.2,0.0
ENSG00000279135.1,0.0
ENSG00000279136.1,0.0
ENSG00000279137.1,0.0
ENSG00000279138.1,0.0
ENSG00000279139.1,0.0
ENSG00000279140.2,1.3336
ENSG00000279141.5,0.346284
ENSG00000279142.1,0.0
ENSG00000279143.1,0.0
ENSG00000279144.1,0.0
ENSG00000279145.2,0.085986
ENSG00000279146.1,0.0
ENSG00000279147.1,0.0
ENSG00000279148.1,0.0
ENSG00000279149.1,0.0
ENSG00000279151.2,0.0
ENSG00000279152.1,0.0
ENSG00000279155.1,0.0
ENSG00000279156.1,0.0
ENSG00000279157.1,0.0
ENSG00000279160.1,0.0
ENSG00000279161.1,0.0
ENSG00000279162.1,0.358894
ENSG00000279163.1,0.0
ENSG00000279164.1,0.0
ENSG00000279165.1,0.129834
ENSG00000279166.1,0.458867
ENSG00000279167.1,0.0
ENSG00000279168.3,5.986706
ENSG00000279169.3,0.0
ENSG00000279170.4,0.44971099999999997
ENSG00000279171.1,0.0
ENSG00000279172.1,0.0
ENSG00000279173.1,0.0
ENSG00000279174.1,0.0
ENSG00000279175.1,0.051015
ENSG00000279176.1,0.375782
ENSG00000279179.1,0.068273
ENSG00000279180.1,0.31483
ENSG00000279181.1,0.0
ENSG00000279182.1,0.0
ENSG00000279186.1,0.0
ENSG00000279187.1,0.0
ENSG00000279189.1,0.042306
ENSG00000279190.1,0.0
ENSG00000279192.1,0.074389
ENSG00000279193.1,0.0
ENSG00000279195.2,0.0
ENSG00000279196.1,0.0
ENSG00000279197.1,0.0
ENSG00000279198.2,0.166725
ENSG00000279199.1,0.109172
ENSG00000279200.1,0.0
ENSG00000279201.1,0.0
ENSG00000279202.1,0.288475
ENSG00000279203.1,1.518692
ENSG00000279204.1,0.0
ENSG00000279205.1,0.0
ENSG00000279206.1,0.0
ENSG00000279207.1,0.435368
ENSG00000279208.1,0.0
ENSG00000279209.1,0.0
ENSG00000279211.1,0.0
ENSG00000279212.1,0.0
ENSG00000279213.1,0.0
ENSG00000279214.1,0.0
ENSG00000279215.1,0.0
ENSG00000279217.1,0.077281
ENSG00000279218.1,0.0
ENSG00000279220.5,0.0
ENSG00000279221.1,0.0
ENSG00000279222.1,0.0
ENSG00000279223.1,0.0
ENSG00000279225.1,0.0
ENSG00000279227.2,0.338318
ENSG00000279228.3,0.0
ENSG00000279231.1,0.0
ENSG00000279232.3,0.0
ENSG00000279233.1,0.203611
ENSG00000279234.1,0.0
ENSG00000279235.1,0.0
ENSG00000279236.1,0.0
ENSG00000279237.1,0.0
ENSG00000279239.1,0.0
ENSG00000279240.2,0.0
ENSG00000279243.4,0.0
ENSG00000279245.2,5.972373
ENSG00000279246.1,0.0
ENSG00000279247.3,0.371365
ENSG00000279248.1,0.0
ENSG00000279249.5,0.0
ENSG00000279250.1,0.0
ENSG00000279251.1,0.0
ENSG00000279253.1,5.854398
ENSG00000279254.1,0.0
ENSG00000279255.2,0.0
ENSG00000279256.1,0.0
ENSG00000279259.1,0.192446
ENSG00000279261.2,0.0
ENSG00000279262.1,0.0
ENSG00000279263.1,0.0
ENSG00000279264.1,0.0
ENSG00000279265.1,1.646561
ENSG00000279266.1,0.0
ENSG00000279267.1,0.918906
ENSG00000279268.1,0.0
ENSG00000279269.1,0.0
ENSG00000279270.2,0.0
ENSG00000279271.1,0.0
ENSG00000279273.1,0.0
ENSG00000279274.2,0.0
ENSG00000279275.1,0.0
ENSG00000279276.1,1.049823
ENSG00000279277.3,2.9527330000000003
ENSG00000279278.1,0.0
ENSG00000279281.1,0.0
ENSG00000279283.1,0.574354
ENSG00000279284.1,0.0
ENSG00000279285.1,0.0
ENSG00000279286.2,0.0
ENSG00000279288.1,0.0
ENSG00000279289.1,0.0
ENSG00000279294.1,0.0
ENSG00000279295.1,0.0
ENSG00000279296.1,0.215997
ENSG00000279297.1,0.0
ENSG00000279298.1,0.0
ENSG00000279299.1,0.0
ENSG00000279300.1,0.0
ENSG00000279301.5,0.0
ENSG00000279302.3,0.0
ENSG00000279304.1,0.0
ENSG00000279305.1,0.0
ENSG00000279306.1,0.0
ENSG00000279307.2,0.0
ENSG00000279310.1,0.0
ENSG00000279311.1,0.128334
ENSG00000279314.1,0.0
ENSG00000279315.1,0.203177
ENSG00000279317.5,0.0
ENSG00000279318.1,0.127891
ENSG00000279319.1,0.0
ENSG00000279320.1,1.606212
ENSG00000279321.1,0.0
ENSG00000279322.1,0.0
ENSG00000279324.1,0.0
ENSG00000279325.1,0.0
ENSG00000279326.1,0.0
ENSG00000279328.1,0.281005
ENSG00000279329.1,0.381987
ENSG00000279330.1,2.104248
ENSG00000279331.1,0.0
ENSG00000279332.1,0.0
ENSG00000279333.1,0.0
ENSG00000279334.1,0.0
ENSG00000279337.1,12.902556
ENSG00000279339.1,0.0
ENSG00000279340.1,0.0
ENSG00000279342.2,0.393755
ENSG00000279343.1,0.0
ENSG00000279344.1,0.0
ENSG00000279345.1,0.0
ENSG00000279347.1,0.0
ENSG00000279348.1,0.231055
ENSG00000279349.1,0.554994
ENSG00000279352.1,12.628184999999998
ENSG00000279353.1,0.0
ENSG00000279354.1,0.0
ENSG00000279356.1,0.0
ENSG00000279357.1,1.396066
ENSG00000279358.1,0.0
ENSG00000279359.1,0.0
ENSG00000279360.1,0.0
ENSG00000279361.1,0.0
ENSG00000279364.1,0.0
ENSG00000279365.1,0.0
ENSG00000279366.1,0.0
ENSG00000279367.1,0.0
ENSG00000279368.1,0.0
ENSG00000279369.1,15.679643
ENSG00000279370.1,0.0
ENSG00000279372.1,0.0
ENSG00000279373.1,0.0
ENSG00000279375.2,0.0
ENSG00000279376.1,0.0
ENSG00000279377.1,0.0
ENSG00000279378.1,0.0
ENSG00000279379.1,0.0
ENSG00000279381.1,0.0
ENSG00000279382.1,0.0
ENSG00000279384.1,0.0
ENSG00000279386.1,0.0
ENSG00000279388.1,0.0
ENSG00000279389.3,0.0
ENSG00000279390.1,0.0
ENSG00000279391.1,0.0
ENSG00000279392.1,0.0
ENSG00000279393.1,0.0
ENSG00000279394.1,0.0
ENSG00000279395.3,0.0
ENSG00000279397.1,0.0
ENSG00000279398.1,0.0
ENSG00000279399.1,0.0
ENSG00000279401.1,0.0
ENSG00000279403.1,0.0
ENSG00000279404.1,0.0
ENSG00000279405.1,0.0
ENSG00000279406.1,0.572874
ENSG00000279407.1,0.396495
ENSG00000279408.3,0.0
ENSG00000279409.1,0.0
ENSG00000279410.1,0.0
ENSG00000279411.1,0.0
ENSG00000279412.1,0.0
ENSG00000279414.1,0.0
ENSG00000279415.1,0.282791
ENSG00000279416.1,0.0
ENSG00000279417.1,0.205292
ENSG00000279418.1,0.0
ENSG00000279419.1,0.0
ENSG00000279420.1,0.0
ENSG00000279421.1,0.0
ENSG00000279422.1,0.0
ENSG00000279423.1,11.774567
ENSG00000279425.1,0.890436
ENSG00000279426.1,0.0
ENSG00000279427.1,0.0
ENSG00000279428.1,0.0
ENSG00000279429.1,0.0
ENSG00000279430.1,0.823281
ENSG00000279431.1,0.0
ENSG00000279432.1,0.477259
ENSG00000279433.1,0.0
ENSG00000279434.1,0.242526
ENSG00000279437.1,0.0
ENSG00000279438.1,0.0
ENSG00000279439.1,0.0
ENSG00000279440.1,0.0
ENSG00000279441.1,0.0
ENSG00000279442.1,0.03826
ENSG00000279443.1,0.0
ENSG00000279444.1,0.0
ENSG00000279445.2,0.0
ENSG00000279446.1,0.0
ENSG00000279447.1,2.258895
ENSG00000279450.1,0.0
ENSG00000279452.1,0.0
ENSG00000279453.1,2.378333
ENSG00000279454.1,0.0
ENSG00000279455.1,0.0
ENSG00000279457.4,0.0
ENSG00000279458.2,0.0
ENSG00000279459.1,0.0
ENSG00000279460.1,0.0
ENSG00000279461.2,0.0
ENSG00000279462.1,0.0
ENSG00000279463.1,0.0
ENSG00000279464.1,0.0
ENSG00000279465.1,0.0
ENSG00000279466.1,0.0
ENSG00000279467.1,0.0
ENSG00000279469.1,0.0
ENSG00000279470.1,0.0
ENSG00000279474.1,0.0
ENSG00000279475.1,0.0
ENSG00000279476.1,0.0
ENSG00000279477.1,0.0
ENSG00000279478.1,0.0
ENSG00000279479.1,0.0
ENSG00000279480.1,0.0
ENSG00000279481.1,0.0
ENSG00000279482.1,0.0
ENSG00000279483.2,0.0
ENSG00000279484.3,0.0
ENSG00000279485.1,0.187574
ENSG00000279486.6,0.0
ENSG00000279488.1,0.344613
ENSG00000279489.1,0.285151
ENSG00000279490.1,0.0
ENSG00000279491.2,0.0
ENSG00000279493.1,0.0
ENSG00000279494.1,0.0
ENSG00000279495.1,0.192529
ENSG00000279497.1,0.0
ENSG00000279498.1,0.0
ENSG00000279499.1,0.0
ENSG00000279500.1,0.494291
ENSG00000279501.1,0.0
ENSG00000279502.1,0.0
ENSG00000279503.1,0.0
ENSG00000279504.1,0.0
ENSG00000279505.1,0.0
ENSG00000279507.1,0.0
ENSG00000279509.1,0.0
ENSG00000279511.1,0.0
ENSG00000279512.1,0.0
ENSG00000279513.1,0.51321
ENSG00000279514.2,0.0
ENSG00000279516.3,0.0
ENSG00000279518.1,0.222944
ENSG00000279519.1,0.0
ENSG00000279520.1,6.577445
ENSG00000279521.1,0.0
ENSG00000279523.1,0.0
ENSG00000279525.1,0.0
ENSG00000279526.2,0.0
ENSG00000279527.1,0.0
ENSG00000279528.1,0.0
ENSG00000279529.3,2.728828
ENSG00000279530.2,0.0
ENSG00000279531.1,0.0
ENSG00000279532.1,0.0
ENSG00000279534.1,0.0
ENSG00000279536.1,0.0
ENSG00000279537.1,0.0
ENSG00000279539.1,0.0
ENSG00000279541.1,0.0
ENSG00000279542.1,0.0
ENSG00000279543.1,0.0
ENSG00000279544.1,0.0
ENSG00000279548.1,0.0
ENSG00000279549.1,0.236967
ENSG00000279550.1,0.0
ENSG00000279551.1,0.0
ENSG00000279552.1,0.0
ENSG00000279554.1,0.0
ENSG00000279555.1,0.0
ENSG00000279557.1,0.0
ENSG00000279558.2,0.0
ENSG00000279559.1,0.0
ENSG00000279561.3,0.228641
ENSG00000279562.1,0.0
ENSG00000279565.1,0.0
ENSG00000279566.1,0.0
ENSG00000279567.1,0.0
ENSG00000279568.1,0.286068
ENSG00000279569.1,0.055876
ENSG00000279570.1,0.0
ENSG00000279571.3,0.0
ENSG00000279573.1,1.553672
ENSG00000279575.1,0.0
ENSG00000279578.1,0.0
ENSG00000279579.4,0.0
ENSG00000279581.1,0.0
ENSG00000279583.2,3.48759
ENSG00000279584.1,0.0
ENSG00000279585.1,0.0
ENSG00000279586.1,0.0
ENSG00000279587.1,0.0
ENSG00000279588.2,0.0
ENSG00000279589.1,0.0
ENSG00000279590.1,0.0
ENSG00000279591.1,0.0
ENSG00000279592.1,0.276118
ENSG00000279593.1,0.369228
ENSG00000279594.1,0.0
ENSG00000279595.1,0.0
ENSG00000279597.1,0.0
ENSG00000279598.1,0.0
ENSG00000279599.1,0.0
ENSG00000279600.1,0.0
ENSG00000279601.1,0.0
ENSG00000279602.2,0.195493
ENSG00000279603.1,0.0
ENSG00000279604.1,0.0
ENSG00000279605.1,0.093492
ENSG00000279606.1,0.0
ENSG00000279607.1,0.0
ENSG00000279608.1,0.0
ENSG00000279609.1,0.0
ENSG00000279610.1,0.0
ENSG00000279611.1,0.908467
ENSG00000279612.1,0.0
ENSG00000279613.1,0.138835
ENSG00000279614.1,0.0
ENSG00000279615.1,0.0
ENSG00000279616.1,0.0
ENSG00000279617.1,0.0
ENSG00000279619.1,0.0
ENSG00000279620.1,0.145278
ENSG00000279621.1,0.0
ENSG00000279622.3,3.6603310000000002
ENSG00000279623.1,0.0
ENSG00000279625.1,0.0
ENSG00000279626.1,0.0
ENSG00000279628.1,0.0
ENSG00000279629.1,0.0
ENSG00000279630.1,0.0
ENSG00000279631.1,0.191122
ENSG00000279632.1,0.0
ENSG00000279633.1,0.0
ENSG00000279635.1,0.0
ENSG00000279636.2,0.0
ENSG00000279637.1,0.126797
ENSG00000279638.1,0.0
ENSG00000279639.2,0.0
ENSG00000279640.1,0.0
ENSG00000279641.1,0.0
ENSG00000279642.1,0.0
ENSG00000279643.3,4.051068
ENSG00000279647.1,0.0
ENSG00000279648.1,0.0
ENSG00000279649.1,0.0
ENSG00000279650.1,0.0
ENSG00000279652.1,0.0
ENSG00000279653.1,0.0
ENSG00000279655.1,0.0
ENSG00000279656.1,0.707132
ENSG00000279657.1,0.0
ENSG00000279658.2,0.0
ENSG00000279660.1,0.0
ENSG00000279662.1,0.0
ENSG00000279663.3,0.0
ENSG00000279665.1,0.0
ENSG00000279666.1,0.0
ENSG00000279667.1,0.0
ENSG00000279668.5,0.0
ENSG00000279669.2,0.0
ENSG00000279670.1,0.0
ENSG00000279671.1,0.0
ENSG00000279674.1,0.0
ENSG00000279675.1,0.0
ENSG00000279676.1,0.0
ENSG00000279677.1,0.0
ENSG00000279678.1,0.0
ENSG00000279679.1,0.0
ENSG00000279681.1,0.0
ENSG00000279682.1,0.0
ENSG00000279683.1,0.0
ENSG00000279684.1,0.0
ENSG00000279685.2,0.0
ENSG00000279686.1,0.274414
ENSG00000279687.1,0.0
ENSG00000279688.1,0.0
ENSG00000279689.1,0.326203
ENSG00000279690.1,0.0
ENSG00000279691.1,0.0
ENSG00000279692.1,0.165383
ENSG00000279693.1,0.807161
ENSG00000279694.1,0.0
ENSG00000279695.1,0.0
ENSG00000279696.1,0.600743
ENSG00000279697.1,0.0
ENSG00000279698.1,0.0
ENSG00000279699.1,0.143867
ENSG00000279700.1,0.955611
ENSG00000279701.1,0.0
ENSG00000279702.1,0.0
ENSG00000279703.1,0.0
ENSG00000279704.1,0.0
ENSG00000279705.1,0.0
ENSG00000279706.1,0.0
ENSG00000279707.1,0.0
ENSG00000279708.1,0.0
ENSG00000279709.1,0.0
ENSG00000279711.1,0.0
ENSG00000279712.1,0.0
ENSG00000279713.1,0.0
ENSG00000279714.1,0.0
ENSG00000279715.1,0.097936
ENSG00000279716.1,0.0
ENSG00000279717.1,0.0
ENSG00000279718.1,0.0
ENSG00000279719.2,0.0
ENSG00000279720.1,0.0
ENSG00000279721.1,0.0
ENSG00000279722.1,0.103625
ENSG00000279725.1,0.0
ENSG00000279726.2,0.0
ENSG00000279727.1,3.190975
ENSG00000279728.1,0.0
ENSG00000279729.1,0.0
ENSG00000279730.2,0.0
ENSG00000279732.1,0.0
ENSG00000279733.1,0.0
ENSG00000279734.1,0.0
ENSG00000279735.2,0.0
ENSG00000279737.1,0.0
ENSG00000279738.1,0.262303
ENSG00000279739.1,0.0
ENSG00000279741.1,3.201135
ENSG00000279742.1,0.440083
ENSG00000279743.1,0.0
ENSG00000279744.1,1.519311
ENSG00000279746.1,0.0
ENSG00000279747.1,0.0
ENSG00000279748.1,0.0
ENSG00000279749.1,0.0
ENSG00000279750.4,0.0
ENSG00000279751.1,0.0
ENSG00000279752.1,0.0
ENSG00000279753.1,1.450325
ENSG00000279754.1,0.0
ENSG00000279755.1,0.0
ENSG00000279756.1,0.539765
ENSG00000279757.1,0.0
ENSG00000279758.1,0.0
ENSG00000279759.1,0.962455
ENSG00000279761.2,0.0
ENSG00000279762.3,0.0
ENSG00000279764.1,0.0
ENSG00000279766.1,0.927966
ENSG00000279770.1,0.0
ENSG00000279773.1,0.0
ENSG00000279774.1,0.0
ENSG00000279775.1,0.0
ENSG00000279779.1,0.0
ENSG00000279780.1,0.0
ENSG00000279781.1,0.0
ENSG00000279783.1,0.0
ENSG00000279784.1,0.0
ENSG00000279785.1,0.0
ENSG00000279786.1,0.0
ENSG00000279788.1,0.0
ENSG00000279789.1,1.110265
ENSG00000279790.1,0.704294
ENSG00000279791.1,0.0
ENSG00000279792.1,0.214344
ENSG00000279793.1,0.0
ENSG00000279794.1,0.0
ENSG00000279795.1,0.0
ENSG00000279796.1,0.0
ENSG00000279797.1,0.0
ENSG00000279798.1,0.0
ENSG00000279799.1,0.0
ENSG00000279800.2,0.0
ENSG00000279801.1,0.788792
ENSG00000279803.1,0.849594
ENSG00000279804.3,0.0
ENSG00000279805.1,1.928355
ENSG00000279806.1,0.0
ENSG00000279807.1,0.702417
ENSG00000279810.1,0.0
ENSG00000279811.1,0.233605
ENSG00000279812.1,0.0
ENSG00000279813.1,0.0
ENSG00000279814.1,0.0
ENSG00000279815.1,0.0
ENSG00000279817.1,0.0
ENSG00000279818.1,0.0
ENSG00000279819.1,0.0
ENSG00000279821.1,2.339262
ENSG00000279822.1,0.0
ENSG00000279825.1,0.0
ENSG00000279827.1,0.0
ENSG00000279829.1,0.0
ENSG00000279833.1,0.06395
ENSG00000279834.1,0.0
ENSG00000279835.1,0.0
ENSG00000279836.1,0.0
ENSG00000279837.1,0.385874
ENSG00000279839.1,0.0
ENSG00000279840.1,0.0
ENSG00000279841.1,0.537546
ENSG00000279842.1,0.0
ENSG00000279844.1,0.0
ENSG00000279845.1,0.0
ENSG00000279846.1,0.0
ENSG00000279847.4,0.0
ENSG00000279848.1,0.0
ENSG00000279851.3,0.0
ENSG00000279852.1,0.0
ENSG00000279853.1,0.0
ENSG00000279855.1,0.0
ENSG00000279856.1,0.0
ENSG00000279858.1,0.0
ENSG00000279859.2,0.0
ENSG00000279860.1,0.0
ENSG00000279861.1,9.89846
ENSG00000279862.1,0.0
ENSG00000279863.1,0.0
ENSG00000279864.4,0.0
ENSG00000279865.1,0.0
ENSG00000279869.1,0.0
ENSG00000279873.3,6.9480249999999995
ENSG00000279874.1,0.0
ENSG00000279875.1,0.0
ENSG00000279876.1,0.0
ENSG00000279878.1,0.0
ENSG00000279879.1,0.0
ENSG00000279880.1,0.116547
ENSG00000279881.1,0.0
ENSG00000279882.1,0.0
ENSG00000279883.1,0.0
ENSG00000279884.1,13.471149
ENSG00000279885.1,0.0
ENSG00000279886.1,0.562532
ENSG00000279887.1,0.0
ENSG00000279889.1,0.0
ENSG00000279891.1,0.0
ENSG00000279894.1,0.0
ENSG00000279895.1,0.0
ENSG00000279897.3,0.0
ENSG00000279900.1,0.0
ENSG00000279901.1,0.151517
ENSG00000279903.1,0.0
ENSG00000279905.1,0.040665
ENSG00000279908.1,0.21864
ENSG00000279910.1,0.0
ENSG00000279912.1,0.030392
ENSG00000279913.1,0.0
ENSG00000279914.1,0.0
ENSG00000279917.1,0.0
ENSG00000279918.1,0.0
ENSG00000279919.1,0.0
ENSG00000279920.2,0.0
ENSG00000279923.1,0.0
ENSG00000279924.1,0.0
ENSG00000279925.1,0.0
ENSG00000279926.1,0.0
ENSG00000279927.1,0.0
ENSG00000279928.2,0.0
ENSG00000279929.1,0.0
ENSG00000279930.1,0.45132
ENSG00000279931.1,0.0
ENSG00000279932.1,0.0
ENSG00000279933.1,0.0
ENSG00000279935.1,0.0
ENSG00000279936.1,0.0
ENSG00000279939.1,0.0
ENSG00000279940.1,0.0
ENSG00000279942.1,0.12512
ENSG00000279943.1,0.0
ENSG00000279945.1,0.0
ENSG00000279946.1,0.0
ENSG00000279951.1,0.0
ENSG00000279952.1,0.0
ENSG00000279953.1,0.0
ENSG00000279954.2,0.0
ENSG00000279956.1,0.116313
ENSG00000279957.1,0.0
ENSG00000279958.1,0.0
ENSG00000279959.1,0.0
ENSG00000279960.1,0.130443
ENSG00000279961.2,0.0
ENSG00000279962.1,0.0
ENSG00000279964.1,0.0
ENSG00000279965.2,0.0
ENSG00000279966.2,0.0
ENSG00000279968.4,0.0
ENSG00000279970.1,0.0
ENSG00000279971.1,0.0
ENSG00000279972.1,0.0
ENSG00000279973.3,0.0
ENSG00000279974.1,0.0
ENSG00000279976.1,0.0
ENSG00000279977.1,0.0
ENSG00000279979.1,0.0
ENSG00000279980.1,0.0
ENSG00000279981.1,0.105896
ENSG00000279982.1,0.0
ENSG00000279983.1,0.0
ENSG00000279985.1,0.0
ENSG00000279989.1,0.788756
ENSG00000279990.1,0.0
ENSG00000279991.1,0.0
ENSG00000279993.1,0.0
ENSG00000279994.1,0.0
ENSG00000279995.1,0.0
ENSG00000279996.1,0.0
ENSG00000279997.1,0.0
ENSG00000279998.1,0.0
ENSG00000280000.1,0.0
ENSG00000280002.1,0.0
ENSG00000280003.1,0.138439
ENSG00000280005.1,0.0
ENSG00000280007.1,0.089889
ENSG00000280009.1,0.0
ENSG00000280010.1,0.49285
ENSG00000280011.1,0.011774
ENSG00000280012.2,0.0
ENSG00000280013.1,0.0
ENSG00000280014.1,0.0
ENSG00000280015.1,0.0
ENSG00000280016.1,0.0
ENSG00000280017.1,0.0
ENSG00000280018.5,0.0
ENSG00000280019.1,0.0
ENSG00000280020.1,0.704628
ENSG00000280021.3,0.0
ENSG00000280022.1,0.798069
ENSG00000280023.1,0.0
ENSG00000280024.1,0.0
ENSG00000280025.1,0.0
ENSG00000280026.1,0.0
ENSG00000280027.1,5.216853
ENSG00000280028.1,0.0
ENSG00000280029.5,0.0
ENSG00000280032.1,0.109334
ENSG00000280033.1,2.557829
ENSG00000280035.1,0.0
ENSG00000280036.1,0.0
ENSG00000280037.1,0.0
ENSG00000280038.1,0.0
ENSG00000280039.1,0.108189
ENSG00000280040.1,0.0
ENSG00000280042.1,0.0
ENSG00000280043.1,0.0
ENSG00000280044.1,0.0
ENSG00000280046.1,0.214262
ENSG00000280047.1,0.366035
ENSG00000280048.1,0.0
ENSG00000280049.1,0.0
ENSG00000280051.1,0.0
ENSG00000280053.1,0.0
ENSG00000280054.1,0.0
ENSG00000280055.2,0.0
ENSG00000280056.1,0.0
ENSG00000280057.1,0.279065
ENSG00000280059.1,0.0
ENSG00000280060.1,0.0
ENSG00000280061.1,0.0
ENSG00000280062.1,0.0
ENSG00000280063.1,2.647633
ENSG00000280064.1,0.0
ENSG00000280066.1,0.0
ENSG00000280067.1,0.736717
ENSG00000280068.1,0.0
ENSG00000280069.1,0.117668
ENSG00000280070.1,0.0
ENSG00000280071.5,48.094567
ENSG00000280073.1,0.0
ENSG00000280078.1,0.0
ENSG00000280079.1,0.0
ENSG00000280080.2,0.0
ENSG00000280081.5,0.0
ENSG00000280082.1,0.0
ENSG00000280083.1,0.0
ENSG00000280085.1,0.0
ENSG00000280086.1,0.0
ENSG00000280087.1,0.082334
ENSG00000280088.1,5.849345
ENSG00000280089.1,0.0
ENSG00000280090.3,0.0
ENSG00000280091.1,0.0
ENSG00000280092.1,0.0
ENSG00000280093.1,0.0
ENSG00000280094.3,0.0
ENSG00000280097.1,0.0
ENSG00000280098.1,0.0
ENSG00000280099.1,0.437263
ENSG00000280103.1,0.0
ENSG00000280104.1,0.0
ENSG00000280105.1,0.0
ENSG00000280106.1,0.337462
ENSG00000280107.1,0.14968
ENSG00000280108.2,0.0
ENSG00000280109.4,0.0
ENSG00000280110.1,0.0
ENSG00000280113.2,0.0
ENSG00000280114.1,0.0
ENSG00000280115.1,0.0
ENSG00000280116.2,0.0
ENSG00000280117.1,0.052897
ENSG00000280118.4,0.0
ENSG00000280119.1,0.144553
ENSG00000280120.1,5.157201
ENSG00000280121.1,0.655075
ENSG00000280124.1,0.0
ENSG00000280125.1,0.0
ENSG00000280128.1,1.897623
ENSG00000280129.1,0.465335
ENSG00000280131.1,0.0
ENSG00000280132.1,0.0
ENSG00000280134.1,0.0
ENSG00000280135.1,1.385145
ENSG00000280136.3,0.619455
ENSG00000280137.1,0.0
ENSG00000280138.1,0.530558
ENSG00000280139.1,0.0
ENSG00000280140.1,0.586225
ENSG00000280142.1,0.0
ENSG00000280143.1,0.0
ENSG00000280144.1,0.0
ENSG00000280145.4,0.038336
ENSG00000280147.1,0.0
ENSG00000280148.1,0.0
ENSG00000280149.1,0.54598
ENSG00000280150.1,0.0
ENSG00000280152.1,0.0
ENSG00000280153.1,0.0
ENSG00000280154.1,0.0
ENSG00000280155.1,0.0
ENSG00000280157.1,0.432231
ENSG00000280159.1,0.0
ENSG00000280160.1,0.219423
ENSG00000280161.1,0.28065
ENSG00000280162.1,0.06413
ENSG00000280163.1,0.149882
ENSG00000280164.2,0.0
ENSG00000280165.2,0.0
ENSG00000280166.1,0.0
ENSG00000280167.1,0.0
ENSG00000280168.1,0.0
ENSG00000280169.1,0.0
ENSG00000280171.1,0.0
ENSG00000280172.1,0.0
ENSG00000280173.1,1.610689
ENSG00000280176.1,0.0
ENSG00000280177.1,0.0
ENSG00000280179.2,0.0
ENSG00000280180.1,0.090084
ENSG00000280181.1,0.257263
ENSG00000280182.1,0.0
ENSG00000280183.1,0.0
ENSG00000280184.2,0.472674
ENSG00000280185.1,0.0
ENSG00000280187.2,0.0
ENSG00000280189.1,0.0
ENSG00000280190.1,0.0
ENSG00000280191.4,0.0
ENSG00000280193.1,0.0
ENSG00000280194.1,0.211389
ENSG00000280195.3,0.144147
ENSG00000280196.1,0.0
ENSG00000280197.1,0.0
ENSG00000280198.1,0.43751
ENSG00000280199.1,0.0
ENSG00000280200.1,0.121131
ENSG00000280201.1,0.0
ENSG00000280202.1,1.033838
ENSG00000280204.4,0.0
ENSG00000280205.1,0.06221
ENSG00000280206.1,7.731109
ENSG00000280207.1,0.0
ENSG00000280208.1,0.0
ENSG00000280211.1,0.0
ENSG00000280212.1,0.0
ENSG00000280213.1,0.13144
ENSG00000280214.1,0.921825
ENSG00000280215.1,0.0
ENSG00000280216.1,0.0
ENSG00000280217.1,0.0
ENSG00000280219.1,0.0
ENSG00000280220.1,0.0
ENSG00000280222.1,0.0
ENSG00000280223.1,0.0
ENSG00000280224.1,0.0
ENSG00000280225.1,0.0
ENSG00000280227.1,0.0
ENSG00000280228.1,0.0
ENSG00000280229.2,0.0
ENSG00000280231.1,0.0
ENSG00000280232.1,0.0
ENSG00000280233.1,0.0
ENSG00000280234.1,0.0
ENSG00000280235.1,0.413535
ENSG00000280236.3,0.0
ENSG00000280238.1,0.0
ENSG00000280239.1,0.726818
ENSG00000280241.5,0.0
ENSG00000280242.1,0.0
ENSG00000280243.1,0.0
ENSG00000280244.1,0.0
ENSG00000280245.1,0.0
ENSG00000280247.1,0.0
ENSG00000280248.1,0.721195
ENSG00000280251.1,0.0
ENSG00000280254.1,0.0
ENSG00000280255.1,0.089663
ENSG00000280261.1,0.0
ENSG00000280262.1,0.0
ENSG00000280263.1,0.0
ENSG00000280265.1,0.0
ENSG00000280266.1,0.0
ENSG00000280267.7,0.0
ENSG00000280268.1,0.0
ENSG00000280269.1,0.0
ENSG00000280270.1,0.0
ENSG00000280272.1,0.0
ENSG00000280274.1,0.201702
ENSG00000280275.1,0.0
ENSG00000280278.1,0.124315
ENSG00000280279.1,30.077062
ENSG00000280280.1,0.0
ENSG00000280281.1,0.0
ENSG00000280282.1,0.0
ENSG00000280283.1,0.0
ENSG00000280284.1,0.0
ENSG00000280285.1,0.0
ENSG00000280286.1,0.0
ENSG00000280287.1,0.386443
ENSG00000280288.1,0.0
ENSG00000280291.1,0.0
ENSG00000280294.1,0.0
ENSG00000280295.1,0.0
ENSG00000280296.1,0.0
ENSG00000280300.1,0.0
ENSG00000280302.1,0.0
ENSG00000280303.2,0.0
ENSG00000280304.1,0.0
ENSG00000280305.1,0.0
ENSG00000280306.1,0.0
ENSG00000280307.1,0.0
ENSG00000280309.1,0.0
ENSG00000280310.1,0.0
ENSG00000280311.1,0.0
ENSG00000280312.1,0.0
ENSG00000280314.4,0.0
ENSG00000280317.1,0.0
ENSG00000280318.1,0.0
ENSG00000280319.1,0.0
ENSG00000280320.1,0.0
ENSG00000280321.1,0.0
ENSG00000280323.1,0.0
ENSG00000280326.1,0.0
ENSG00000280327.1,0.0
ENSG00000280330.1,0.0
ENSG00000280331.1,0.0
ENSG00000280332.1,7.872499
ENSG00000280333.1,0.0
ENSG00000280334.1,0.084903
ENSG00000280335.1,0.0
ENSG00000280336.1,0.0
ENSG00000280337.1,0.0
ENSG00000280338.1,0.0
ENSG00000280339.1,0.0
ENSG00000280340.1,0.0
ENSG00000280341.1,0.117754
ENSG00000280345.1,0.438105
ENSG00000280347.1,0.278834
ENSG00000280348.1,0.0
ENSG00000280349.1,0.0
ENSG00000280350.2,0.0
ENSG00000280351.2,0.692015
ENSG00000280352.1,0.0
ENSG00000280353.1,0.156312
ENSG00000280354.1,0.0
ENSG00000280355.1,0.0
ENSG00000280356.2,0.0
ENSG00000280357.1,0.0
ENSG00000280359.1,0.0
ENSG00000280360.1,0.0
ENSG00000280362.1,0.0
ENSG00000280364.1,0.0
ENSG00000280365.1,0.0
ENSG00000280367.1,0.139183
ENSG00000280368.1,0.0
ENSG00000280369.1,0.0
ENSG00000280371.1,0.0
ENSG00000280372.1,0.0
ENSG00000280373.1,0.0
ENSG00000280375.1,0.0
ENSG00000280376.1,0.0
ENSG00000280377.1,0.0
ENSG00000280378.1,0.995474
ENSG00000280379.1,0.0
ENSG00000280380.1,0.0
ENSG00000280381.1,0.0
ENSG00000280382.2,0.258761
ENSG00000280383.1,0.048739
ENSG00000280384.1,0.0
ENSG00000280385.1,0.0
ENSG00000280387.1,1.894391
ENSG00000280388.1,0.495321
ENSG00000280390.1,0.0
ENSG00000280392.1,0.068371
ENSG00000280393.1,0.0
ENSG00000280394.1,0.0
ENSG00000280395.1,0.253646
ENSG00000280396.1,0.0
ENSG00000280397.1,0.0
ENSG00000280398.1,0.0
ENSG00000280399.1,0.444677
ENSG00000280400.1,0.0
ENSG00000280401.1,0.434131
ENSG00000280402.1,0.32284
ENSG00000280405.1,0.0
ENSG00000280406.1,0.0
ENSG00000280407.3,0.0
ENSG00000280408.1,0.0
ENSG00000280409.2,0.0
ENSG00000280411.1,30.607998
ENSG00000280412.1,0.0
ENSG00000280414.1,0.0
ENSG00000280415.1,0.0
ENSG00000280416.1,0.0
ENSG00000280417.1,0.25187
ENSG00000280418.2,0.0
ENSG00000280419.1,0.0
ENSG00000280420.1,0.0
ENSG00000280422.1,0.0
ENSG00000280423.1,0.0
ENSG00000280424.1,0.0
ENSG00000280425.3,0.0
ENSG00000280426.1,0.0
ENSG00000280429.1,0.0
ENSG00000280430.1,0.0
ENSG00000280431.1,0.0
ENSG00000280432.1,0.0
ENSG00000280433.2,6.88758
ENSG00000280434.1,0.236993
ENSG00000280435.1,0.0
ENSG00000280436.1,0.0
ENSG00000280438.1,0.0
ENSG00000280439.1,0.0
ENSG00000280440.1,0.0
ENSG00000280441.4,4.775326
ENSG00000280443.1,0.0
ENSG00000280444.1,0.0
ENSG00000280445.2,0.0
ENSG00000280446.1,0.0
ENSG00000280449.1,0.0
ENSG00000280450.1,0.0
ENSG00000280451.1,0.0
ENSG00000280453.1,0.0
ENSG00000280455.1,0.0
ENSG00000280460.1,0.0
ENSG00000280466.1,0.0
ENSG00000280474.1,4.009343
ENSG00000280479.2,3.929535
ENSG00000280485.2,0.0
ENSG00000280486.2,0.176472
ENSG00000280494.2,0.0
ENSG00000280496.1,0.0
ENSG00000280497.1,0.0
ENSG00000280498.1,0.0
ENSG00000280500.2,0.0
ENSG00000280501.2,0.160025
ENSG00000280502.1,0.0
ENSG00000280511.2,0.0
ENSG00000280513.1,0.0
ENSG00000280514.1,0.0
ENSG00000280515.1,0.0
ENSG00000280518.1,0.185311
ENSG00000280529.2,2.803114
ENSG00000280537.2,0.0
ENSG00000280538.1,0.0
ENSG00000280540.1,0.0
ENSG00000280542.1,0.0
ENSG00000280543.1,0.604337
ENSG00000280554.1,0.0
ENSG00000280555.2,0.0
ENSG00000280556.1,0.0
ENSG00000280563.1,0.0
ENSG00000280571.2,0.0
ENSG00000280572.1,0.0
ENSG00000280579.1,0.0
ENSG00000280580.2,0.0
ENSG00000280584.3,0.0
ENSG00000280587.4,0.0
ENSG00000280591.1,0.0
ENSG00000280592.2,0.0
ENSG00000280593.1,0.0
ENSG00000280594.4,0.0
ENSG00000280597.1,0.0
ENSG00000280604.1,0.048164
ENSG00000280607.1,0.0
ENSG00000280613.2,0.0
ENSG00000280616.4,6.236849
ENSG00000280618.2,0.0
ENSG00000280619.1,0.0
ENSG00000280620.2,0.0
ENSG00000280621.1,0.0
ENSG00000280623.2,0.558798
ENSG00000280634.1,0.0
ENSG00000280635.1,0.0
ENSG00000280636.1,0.0
ENSG00000280638.1,0.0
ENSG00000280639.1,0.0
ENSG00000280641.2,0.0
ENSG00000280645.1,0.0
ENSG00000280646.2,0.0
ENSG00000280649.2,1.675562
ENSG00000280650.1,0.0
ENSG00000280651.2,0.0
ENSG00000280655.1,0.0
ENSG00000280658.1,0.0
ENSG00000280660.1,0.0
ENSG00000280663.4,4.627926
ENSG00000280665.1,0.0
ENSG00000280670.3,2.305082
ENSG00000280677.1,0.091134
ENSG00000280682.3,0.0
ENSG00000280683.1,0.0
ENSG00000280686.2,5.815863
ENSG00000280688.1,0.0
ENSG00000280691.1,0.632799
ENSG00000280693.2,0.25432
ENSG00000280695.1,0.0
ENSG00000280700.1,0.0
ENSG00000280703.1,0.0
ENSG00000280704.1,0.0
ENSG00000280707.4,0.0
ENSG00000280708.1,0.0
ENSG00000280709.2,0.0
ENSG00000280711.1,0.0
ENSG00000280716.1,0.0
ENSG00000280719.2,0.0
ENSG00000280721.2,1.500013
ENSG00000280725.3,0.0
ENSG00000280726.2,0.0
ENSG00000280732.1,0.0
ENSG00000280734.5,9.173386
ENSG00000280737.1,0.0
ENSG00000280739.7,2.034008
ENSG00000280740.1,0.0
ENSG00000280741.1,0.0
ENSG00000280744.2,0.0
ENSG00000280745.1,0.0
ENSG00000280749.1,0.0
ENSG00000280752.1,0.0
ENSG00000280758.1,0.0
ENSG00000280759.2,12.114511
ENSG00000280768.1,0.0
ENSG00000280770.1,2.126531
ENSG00000280773.2,0.0
ENSG00000280774.2,0.0
ENSG00000280776.3,0.0
ENSG00000280778.1,0.0
ENSG00000280780.5,0.0
ENSG00000280786.1,0.0
ENSG00000280787.3,0.0
ENSG00000280789.2,8.948337
ENSG00000280798.1,1.927364
ENSG00000280800.1,75.408137
ENSG00000280805.2,0.0
ENSG00000280807.2,2.976983
ENSG00000280808.2,0.0
ENSG00000280809.6,0.0
ENSG00000280810.1,0.302495
ENSG00000280811.2,0.173375
ENSG00000280815.1,0.0
ENSG00000280821.1,0.0
ENSG00000280828.1,0.395013
ENSG00000280830.1,0.0
ENSG00000280832.4,10.563372000000001
ENSG00000280837.1,0.0
ENSG00000280838.1,0.0
ENSG00000280850.4,0.0
ENSG00000280852.3,0.0
ENSG00000280864.1,0.0
ENSG00000280870.4,0.0
ENSG00000280878.1,0.0
ENSG00000280880.1,0.0
ENSG00000280881.2,0.0
ENSG00000280883.1,0.0
ENSG00000280890.2,0.0
ENSG00000280892.1,0.0
ENSG00000280893.1,2.285225
ENSG00000280894.1,0.0
ENSG00000280898.1,0.0
ENSG00000280899.3,0.0
ENSG00000280904.1,0.0
ENSG00000280905.5,0.0
ENSG00000280906.1,0.0
ENSG00000280907.1,0.0
ENSG00000280913.3,0.0
ENSG00000280916.5,0.0
ENSG00000280917.1,0.0
ENSG00000280920.1,0.0
ENSG00000280924.1,0.0
ENSG00000280927.1,0.0
ENSG00000280929.1,0.0
ENSG00000280931.1,0.0
ENSG00000280936.1,0.0
ENSG00000280938.1,0.087338
ENSG00000280940.1,0.0
ENSG00000280941.1,0.0
ENSG00000280944.1,0.0
ENSG00000280946.1,0.0
ENSG00000280953.3,1.460964
ENSG00000280958.1,0.0
ENSG00000280961.1,0.0
ENSG00000280963.2,0.0
ENSG00000280968.1,0.0
ENSG00000280969.2,0.0
ENSG00000280972.1,0.0
ENSG00000280980.1,0.0
ENSG00000280982.1,0.0
ENSG00000280986.1,0.0
ENSG00000280987.4,0.0
ENSG00000280989.3,0.0
ENSG00000280991.1,0.0
ENSG00000280993.2,7.8398
ENSG00000280994.1,0.703246
ENSG00000280996.1,0.0
ENSG00000280997.1,0.0
ENSG00000281000.1,0.0
ENSG00000281005.2,4.481374
ENSG00000281008.1,0.0
ENSG00000281010.1,0.0
ENSG00000281013.5,0.0
ENSG00000281015.1,0.0
ENSG00000281016.2,0.0
ENSG00000281019.1,0.0
ENSG00000281020.2,0.0
ENSG00000281021.1,0.0
ENSG00000281026.1,1.939819
ENSG00000281032.1,0.0
ENSG00000281038.1,0.0
ENSG00000281039.1,0.906421
ENSG00000281048.2,0.0
ENSG00000281054.1,0.0
ENSG00000281055.1,0.0
ENSG00000281058.1,0.0
ENSG00000281060.2,0.445331
ENSG00000281062.3,0.0
ENSG00000281073.1,0.0
ENSG00000281074.1,0.0
ENSG00000281077.1,0.0
ENSG00000281078.1,2.597436
ENSG00000281081.1,0.0
ENSG00000281087.1,0.0
ENSG00000281091.4,0.0
ENSG00000281093.1,0.0
ENSG00000281097.1,0.0
ENSG00000281100.1,2.219052
ENSG00000281103.5,2.202778
ENSG00000281106.4,6.109589
ENSG00000281107.1,0.0
ENSG00000281111.1,0.0
ENSG00000281113.2,0.0
ENSG00000281120.1,0.0
ENSG00000281121.1,0.0
ENSG00000281122.1,0.0
ENSG00000281123.5,0.0
ENSG00000281128.2,0.0
ENSG00000281131.2,0.0
ENSG00000281139.1,0.0
ENSG00000281144.2,0.0
ENSG00000281145.1,2.153788
ENSG00000281149.1,0.0
ENSG00000281151.2,0.0
ENSG00000281153.1,0.0
ENSG00000281156.1,0.0
ENSG00000281157.2,0.0
ENSG00000281159.1,0.0
ENSG00000281160.3,0.0
ENSG00000281162.5,21.224750999999998
ENSG00000281163.1,0.987148
ENSG00000281166.2,0.0
ENSG00000281176.1,0.0
ENSG00000281178.4,0.0
ENSG00000281179.1,0.0
ENSG00000281183.1,0.106914
ENSG00000281184.1,0.0
ENSG00000281185.1,0.0
ENSG00000281186.3,0.0
ENSG00000281188.1,0.0
ENSG00000281189.1,0.0
ENSG00000281191.2,0.0
ENSG00000281195.1,0.0
ENSG00000281196.2,0.0
ENSG00000281197.2,7.502307
ENSG00000281202.2,0.0
ENSG00000281207.1,0.345736
ENSG00000281208.1,0.0
ENSG00000281210.1,0.0
ENSG00000281216.1,0.0
ENSG00000281219.2,0.0
ENSG00000281229.1,0.0
ENSG00000281232.1,0.0
ENSG00000281234.1,0.1762
ENSG00000281244.2,0.0
ENSG00000281246.1,0.0
ENSG00000281248.1,0.0
ENSG00000281250.1,0.0
ENSG00000281254.1,0.0
ENSG00000281261.1,0.0
ENSG00000281263.1,0.0
ENSG00000281264.1,0.0
ENSG00000281265.1,0.0
ENSG00000281266.2,0.0
ENSG00000281276.1,0.0
ENSG00000281283.1,6.930436
ENSG00000281284.1,0.0
ENSG00000281289.2,0.0
ENSG00000281295.1,0.0
ENSG00000281305.1,0.0
ENSG00000281308.1,0.0
ENSG00000281310.2,0.0
ENSG00000281311.1,0.0
ENSG00000281321.1,0.0
ENSG00000281327.5,0.0
ENSG00000281332.1,0.090577
ENSG00000281333.3,0.736144
ENSG00000281344.1,0.091021
ENSG00000281347.4,0.0
ENSG00000281348.1,16.367139
ENSG00000281351.1,0.0
ENSG00000281354.1,0.0
ENSG00000281356.3,0.0
ENSG00000281357.6,0.37532899999999997
ENSG00000281358.2,1.29982
ENSG00000281360.1,0.0
ENSG00000281362.1,0.0
ENSG00000281363.1,0.0
ENSG00000281364.1,0.0
ENSG00000281365.2,0.0
ENSG00000281367.2,0.0
ENSG00000281371.1,0.0
ENSG00000281376.1,0.0
ENSG00000281379.3,0.0
ENSG00000281382.1,0.0
ENSG00000281383.1,0.0
ENSG00000281385.2,13.133291
ENSG00000281386.2,0.0
ENSG00000281392.4,1.1169850000000001
ENSG00000281394.1,0.0
ENSG00000281395.1,0.0
ENSG00000281398.4,1.729083
ENSG00000281404.2,7.8897759999999995
ENSG00000281406.2,0.0
ENSG00000281416.1,0.0
ENSG00000281417.1,0.0
ENSG00000281425.1,0.0
ENSG00000281426.1,0.0
ENSG00000281429.1,0.0
ENSG00000281436.1,0.0
ENSG00000281450.1,0.0
ENSG00000281453.1,0.0
ENSG00000281456.1,0.0
ENSG00000281460.1,0.0
ENSG00000281464.1,0.0
ENSG00000281468.1,0.501666
ENSG00000281469.1,0.0
ENSG00000281473.1,0.0
ENSG00000281477.2,0.0
ENSG00000281484.2,0.0
ENSG00000281486.1,0.0
ENSG00000281487.1,3.379813
ENSG00000281490.1,0.0
ENSG00000281491.2,0.0
ENSG00000281496.1,0.0
ENSG00000281500.5,5.816865
ENSG00000281501.1,4.0008
ENSG00000281503.1,0.0
ENSG00000281507.1,0.0
ENSG00000281510.1,0.0
ENSG00000281513.1,0.0
ENSG00000281516.1,0.0
ENSG00000281518.9,0.0
ENSG00000281530.1,0.363773
ENSG00000281536.1,0.0
ENSG00000281537.1,0.0
ENSG00000281538.1,1.518692
ENSG00000281543.2,0.0
ENSG00000281547.1,0.0
ENSG00000281548.2,0.461471
ENSG00000281550.1,0.0
ENSG00000281553.2,0.0
ENSG00000281556.2,1.915896
ENSG00000281559.1,0.0
ENSG00000281560.1,0.0
ENSG00000281561.1,0.0
ENSG00000281565.1,0.0
ENSG00000281566.5,0.0
ENSG00000281569.1,25.957955
ENSG00000281571.2,1.061235
ENSG00000281573.1,0.0
ENSG00000281577.1,0.0
ENSG00000281578.1,0.0
ENSG00000281580.2,0.0
ENSG00000281591.1,0.0
ENSG00000281593.1,4.396523
ENSG00000281597.1,0.0
ENSG00000281601.5,0.892038
ENSG00000281603.2,2.333863
ENSG00000281604.1,0.0
ENSG00000281612.1,0.0
ENSG00000281613.2,0.0
ENSG00000281618.1,0.381374
ENSG00000281622.1,0.0
ENSG00000281630.2,1.24701
ENSG00000281633.1,0.0
ENSG00000281641.4,0.0
ENSG00000281642.1,0.0
ENSG00000281644.2,0.695861
ENSG00000281648.1,0.0
ENSG00000281649.4,4.4008329999999996
ENSG00000281650.1,0.435881
ENSG00000281652.1,0.0
ENSG00000281655.4,0.0
ENSG00000281660.1,0.0
ENSG00000281664.1,0.0
ENSG00000281670.1,0.0
ENSG00000281680.2,0.0
ENSG00000281688.3,0.0
ENSG00000281690.2,0.0
ENSG00000281691.1,0.0
ENSG00000281692.4,0.0
ENSG00000281693.1,0.0
ENSG00000281696.1,0.0
ENSG00000281703.1,0.0
ENSG00000281704.1,0.0
ENSG00000281706.6,1.863355
ENSG00000281708.1,0.0
ENSG00000281710.1,0.0
ENSG00000281718.1,0.0
ENSG00000281720.1,0.0
ENSG00000281721.2,0.0
ENSG00000281722.1,0.0
ENSG00000281723.1,0.0
ENSG00000281731.4,0.0
ENSG00000281732.2,0.0
ENSG00000281734.1,6.952815
ENSG00000281740.1,1.534592
ENSG00000281741.2,3.098877
ENSG00000281742.2,0.0
ENSG00000281748.3,0.0
ENSG00000281753.1,0.0
ENSG00000281756.2,0.0
ENSG00000281757.7,0.0
ENSG00000281758.1,0.0
ENSG00000281759.1,0.0
ENSG00000281763.2,8.847626
ENSG00000281766.4,12.918998
ENSG00000281767.1,0.0
ENSG00000281769.2,0.199796
ENSG00000281772.1,0.0
ENSG00000281775.2,0.0
ENSG00000281778.2,0.0
ENSG00000281780.1,0.0
ENSG00000281782.1,0.0
ENSG00000281785.1,0.0
ENSG00000281803.1,0.0
ENSG00000281806.1,0.0
ENSG00000281808.1,0.0
ENSG00000281809.2,0.0
ENSG00000281815.1,0.0
ENSG00000281828.1,0.0
ENSG00000281829.1,0.0
ENSG00000281830.1,0.0
ENSG00000281831.1,0.261962
ENSG00000281832.2,0.0
ENSG00000281836.1,0.168988
ENSG00000281837.1,0.0
ENSG00000281839.1,0.0
ENSG00000281842.2,0.0
ENSG00000281846.1,0.0
ENSG00000281849.4,0.5785199999999999
ENSG00000281852.2,0.110338
ENSG00000281856.1,0.0
ENSG00000281859.1,0.0
ENSG00000281861.1,0.0
ENSG00000281863.1,0.0
ENSG00000281865.2,0.0
ENSG00000281870.1,0.0
ENSG00000281879.5,0.573044
ENSG00000281880.2,0.0
ENSG00000281883.1,0.0
ENSG00000281887.3,31.052234
ENSG00000281896.1,0.0
ENSG00000281903.5,0.116286
ENSG00000281904.1,0.0
ENSG00000281908.1,0.0
ENSG00000281909.1,0.0
ENSG00000281910.1,0.0
ENSG00000281912.1,0.146426
ENSG00000281915.2,0.0
ENSG00000281917.4,0.0
ENSG00000281919.2,0.42071
ENSG00000281922.1,0.0
ENSG00000281925.1,0.0
ENSG00000281927.1,0.0
ENSG00000281930.1,1.233441
ENSG00000281931.1,0.0
ENSG00000281935.1,0.0
ENSG00000281938.2,0.0
ENSG00000281941.1,0.0
ENSG00000281943.1,20.499877
ENSG00000281948.1,0.0
ENSG00000281950.1,0.0
ENSG00000281951.1,0.0
ENSG00000281953.1,0.0
ENSG00000281954.1,0.0
ENSG00000281955.1,0.0
ENSG00000281957.1,0.0
ENSG00000281958.1,0.0
ENSG00000281959.1,0.0
ENSG00000281961.1,0.0
ENSG00000281963.1,6.917614
ENSG00000281965.2,0.35071
ENSG00000281968.1,0.0
ENSG00000281969.1,0.155618
ENSG00000281972.1,0.0
ENSG00000281974.1,0.22073
ENSG00000281976.2,0.134396
ENSG00000281979.1,0.0
ENSG00000281980.1,0.0
ENSG00000281981.2,145.732314
ENSG00000281983.1,0.0
ENSG00000281987.2,0.0
ENSG00000281988.1,0.0
ENSG00000281990.1,0.0
ENSG00000281991.2,0.0
ENSG00000281994.1,12.784512000000001
ENSG00000281995.1,0.0
ENSG00000281998.1,0.0
ENSG00000282001.1,0.0
ENSG00000282003.1,2.679454
ENSG00000282004.1,0.0
ENSG00000282005.1,0.66219
ENSG00000282007.1,0.0
ENSG00000282012.3,0.0
ENSG00000282013.1,0.0
ENSG00000282014.1,0.0
ENSG00000282017.1,0.0
ENSG00000282018.1,0.0
ENSG00000282019.1,63.136487
ENSG00000282020.1,0.0
ENSG00000282022.1,0.0
ENSG00000282024.2,2.325011
ENSG00000282026.2,0.0
ENSG00000282029.1,0.0
ENSG00000282030.1,0.0
ENSG00000282033.2,0.0
ENSG00000282034.2,14.626078999999999
ENSG00000282035.1,0.0
ENSG00000282038.1,0.0
ENSG00000282040.1,19.269432
ENSG00000282041.1,0.0
ENSG00000282044.1,0.0
ENSG00000282045.1,0.0
ENSG00000282047.1,0.0
ENSG00000282048.3,0.0
ENSG00000282049.1,0.0
ENSG00000282051.2,1.810692
ENSG00000282052.1,0.0
ENSG00000282053.1,0.608636
ENSG00000282054.1,2.325589
ENSG00000282055.1,0.0
ENSG00000282057.1,0.0
ENSG00000282059.1,0.0
ENSG00000282063.1,0.0
ENSG00000282064.1,62.697943
ENSG00000282065.1,0.0
ENSG00000282067.1,0.0
ENSG00000282068.1,0.0
ENSG00000282075.1,0.689058
ENSG00000282076.1,0.0
ENSG00000282077.1,0.0
ENSG00000282079.1,0.0
ENSG00000282086.2,0.0
ENSG00000282087.2,0.0
ENSG00000282088.3,0.0
ENSG00000282091.1,0.461918
ENSG00000282092.1,8.279962000000001
ENSG00000282094.1,0.0
ENSG00000282095.3,0.0
ENSG00000282097.2,0.0
ENSG00000282100.1,0.804179
ENSG00000282101.1,0.0
ENSG00000282103.1,0.0
ENSG00000282104.1,0.0
ENSG00000282105.1,0.0
ENSG00000282106.1,0.0
ENSG00000282107.1,0.0
ENSG00000282109.1,0.0
ENSG00000282110.1,0.0
ENSG00000282112.1,0.0
ENSG00000282113.1,0.0
ENSG00000282114.1,0.0
ENSG00000282118.1,0.0
ENSG00000282121.1,0.0
ENSG00000282122.1,1.045108
ENSG00000282130.1,12.987197
ENSG00000282131.1,0.0
ENSG00000282133.1,0.0
ENSG00000282134.1,0.0
ENSG00000282136.1,0.0
ENSG00000282137.1,0.0
ENSG00000282141.1,0.0
ENSG00000282142.3,0.0
ENSG00000282143.2,0.0
ENSG00000282144.2,0.0
ENSG00000282146.1,0.0
ENSG00000282147.1,0.0
ENSG00000282148.1,0.0
ENSG00000282150.1,1.331619
ENSG00000282151.1,2.72686
ENSG00000282152.1,0.0
ENSG00000282155.1,0.0
ENSG00000282159.1,0.0
ENSG00000282160.2,0.0
ENSG00000282162.1,0.0
ENSG00000282164.4,0.180945
ENSG00000282165.1,0.0
ENSG00000282166.1,0.0
ENSG00000282168.4,0.0
ENSG00000282169.1,0.0
ENSG00000282170.2,0.0
ENSG00000282173.1,0.0
ENSG00000282175.4,0.0
ENSG00000282180.1,0.0
ENSG00000282181.1,0.0
ENSG00000282182.1,0.0
ENSG00000282183.2,0.0
ENSG00000282184.2,2.743644
ENSG00000282185.1,0.0
ENSG00000282189.1,0.0
ENSG00000282190.1,0.0
ENSG00000282191.1,0.0
ENSG00000282193.1,0.0
ENSG00000282194.1,0.0
ENSG00000282195.2,0.0
ENSG00000282199.2,0.0
ENSG00000282203.1,26.7257
ENSG00000282204.1,20.983892
ENSG00000282205.1,0.0
ENSG00000282206.1,0.0
ENSG00000282207.1,0.0
ENSG00000282209.2,0.0
ENSG00000282211.1,0.0
ENSG00000282212.2,0.0
ENSG00000282214.1,0.0
ENSG00000282217.1,0.0
ENSG00000282218.1,0.0
ENSG00000282221.2,0.0
ENSG00000282222.1,0.0
ENSG00000282226.1,0.0
ENSG00000282228.1,0.0
ENSG00000282229.1,1.494305
ENSG00000282230.1,0.0
ENSG00000282233.1,0.0
ENSG00000282236.1,0.0
ENSG00000282237.1,0.0
ENSG00000282240.1,8.745812
ENSG00000282249.1,0.0
ENSG00000282250.2,0.0
ENSG00000282254.2,0.0
ENSG00000282256.1,0.0
ENSG00000282257.1,0.0
ENSG00000282259.1,0.0
ENSG00000282263.1,0.0
ENSG00000282264.1,0.0
ENSG00000282265.2,0.0
ENSG00000282266.4,0.0
ENSG00000282269.1,0.0
ENSG00000282271.2,0.0
ENSG00000282277.1,0.0
ENSG00000282278.1,0.0
ENSG00000282280.1,0.0
ENSG00000282281.1,0.0
ENSG00000282283.1,0.0
ENSG00000282284.1,0.0
ENSG00000282290.1,15.209751
ENSG00000282291.1,0.0
ENSG00000282293.1,0.0
ENSG00000282294.1,0.0
ENSG00000282295.1,0.0
ENSG00000282297.1,0.0
ENSG00000282298.1,0.0
ENSG00000282299.1,0.0
ENSG00000282300.1,0.0
ENSG00000282301.4,0.0
ENSG00000282302.4,0.0
ENSG00000282303.2,0.0
ENSG00000282304.2,0.0
ENSG00000282305.1,0.0
ENSG00000282306.1,0.0
ENSG00000282307.1,0.0
ENSG00000282308.1,0.0
ENSG00000282317.1,0.598828
ENSG00000282318.1,0.0
ENSG00000282319.1,0.0
ENSG00000282320.1,0.0
ENSG00000282321.1,0.0
ENSG00000282326.1,0.0
ENSG00000282327.1,0.0
ENSG00000282330.1,0.384293
ENSG00000282331.2,0.0
ENSG00000282334.1,0.0
ENSG00000282339.1,65.296249
ENSG00000282340.1,3.585285
ENSG00000282342.1,0.0
ENSG00000282343.1,0.0
ENSG00000282344.1,0.0
ENSG00000282349.1,0.0
ENSG00000282350.1,0.0
ENSG00000282354.1,27.153458
ENSG00000282355.1,0.0
ENSG00000282356.1,0.0
ENSG00000282358.1,0.0
ENSG00000282365.1,0.0
ENSG00000282367.1,7.138857
ENSG00000282368.1,0.0
ENSG00000282375.1,0.0
ENSG00000282377.2,0.0
ENSG00000282379.1,22.37409
ENSG00000282381.3,0.0
ENSG00000282386.1,0.0
ENSG00000282389.1,0.0
ENSG00000282390.1,0.0
ENSG00000282392.1,0.0
ENSG00000282393.1,0.833537
ENSG00000282395.1,0.0
ENSG00000282397.1,0.0
ENSG00000282399.1,0.0
ENSG00000282400.1,0.0
ENSG00000282401.1,0.0
ENSG00000282403.1,0.0
ENSG00000282404.1,0.0
ENSG00000282405.1,0.0
ENSG00000282406.1,0.0
ENSG00000282408.2,0.0
ENSG00000282412.1,0.0
ENSG00000282413.1,0.0
ENSG00000282416.1,566.42074
ENSG00000282418.2,0.91664
ENSG00000282419.3,0.0
ENSG00000282420.1,0.0
ENSG00000282421.1,1.415795
ENSG00000282422.1,0.0
ENSG00000282424.1,0.0
ENSG00000282425.1,0.0
ENSG00000282428.1,0.0
ENSG00000282429.1,0.0
ENSG00000282431.1,0.0
ENSG00000282432.1,0.0
ENSG00000282433.1,0.0
ENSG00000282435.1,0.0
ENSG00000282436.1,3.049623
ENSG00000282437.2,0.0
ENSG00000282443.1,0.0
ENSG00000282444.1,0.0
ENSG00000282453.1,0.0
ENSG00000282454.1,0.0
ENSG00000282456.1,0.0
ENSG00000282457.2,0.0
ENSG00000282458.2,0.0
ENSG00000282459.1,11.951304
ENSG00000282462.1,1.368623
ENSG00000282464.1,0.075169
ENSG00000282466.1,1.344113
ENSG00000282469.1,0.0
ENSG00000282470.1,0.0
ENSG00000282471.1,0.0
ENSG00000282472.1,0.0
ENSG00000282474.1,7.911882
ENSG00000282475.1,0.0
ENSG00000282477.1,0.0
ENSG00000282478.2,0.0
ENSG00000282479.1,0.0
ENSG00000282481.1,25.031323
ENSG00000282483.1,0.0
ENSG00000282484.1,0.0
ENSG00000282490.1,0.0
ENSG00000282491.1,0.0
ENSG00000282492.1,0.0
ENSG00000282494.1,0.807104
ENSG00000282496.1,0.0
ENSG00000282498.1,0.0
ENSG00000282499.1,0.0
ENSG00000282501.1,0.0
ENSG00000282502.1,0.0
ENSG00000282505.1,0.0
ENSG00000282506.1,0.0
ENSG00000282507.1,0.0
ENSG00000282508.3,1177.272069
ENSG00000282511.1,0.0
ENSG00000282512.1,0.0
ENSG00000282514.1,0.0
ENSG00000282515.1,0.0
ENSG00000282516.1,0.0
ENSG00000282518.1,0.0
ENSG00000282519.1,0.0
ENSG00000282520.1,0.0
ENSG00000282521.1,0.0
ENSG00000282522.2,0.060755
ENSG00000282527.3,0.0
ENSG00000282529.1,0.0
ENSG00000282531.1,0.0
ENSG00000282535.1,0.0
ENSG00000282537.1,0.0
ENSG00000282542.1,0.0
ENSG00000282543.1,17.810716
ENSG00000282544.1,0.0
ENSG00000282554.1,0.0
ENSG00000282556.6,0.475455
ENSG00000282559.1,0.0
ENSG00000282564.4,1.373765
ENSG00000282565.1,0.0
ENSG00000282566.2,0.0
ENSG00000282568.1,0.0
ENSG00000282572.5,27.156717
ENSG00000282574.1,0.0
ENSG00000282576.1,0.0
ENSG00000282577.1,4.060796
ENSG00000282579.1,20.654282
ENSG00000282580.1,0.0
ENSG00000282583.1,0.0
ENSG00000282587.1,0.0
ENSG00000282588.1,0.0
ENSG00000282591.2,0.0
ENSG00000282594.1,0.0
ENSG00000282595.1,0.0
ENSG00000282598.1,0.0
ENSG00000282599.1,0.0
ENSG00000282600.2,0.0
ENSG00000282602.1,0.0
ENSG00000282604.2,1.05841
ENSG00000282605.1,3.013039
ENSG00000282607.1,25.766776
ENSG00000282608.2,8.352695
ENSG00000282610.1,0.0
ENSG00000282612.1,0.0
ENSG00000282615.1,0.0
ENSG00000282620.1,0.0
ENSG00000282621.1,29.61872
ENSG00000282625.1,0.0
ENSG00000282634.1,0.0
ENSG00000282637.1,0.0
ENSG00000282639.1,3.994856
ENSG00000282641.1,0.0
ENSG00000282642.1,6.770597
ENSG00000282643.1,0.0
ENSG00000282649.1,0.0
ENSG00000282650.1,0.0
ENSG00000282651.2,2.01745
ENSG00000282655.2,0.0
ENSG00000282656.1,0.0
ENSG00000282660.1,0.0
ENSG00000282661.1,0.0
ENSG00000282664.1,0.0
ENSG00000282665.1,0.0
ENSG00000282667.1,0.0
ENSG00000282668.1,0.0
ENSG00000282669.1,0.0
ENSG00000282673.1,0.0
ENSG00000282675.1,0.0
ENSG00000282676.1,0.0
ENSG00000282679.1,0.0
ENSG00000282680.1,0.0
ENSG00000282681.1,0.0
ENSG00000282684.1,2.828795
ENSG00000282685.1,0.0
ENSG00000282686.1,0.0
ENSG00000282690.1,0.0
ENSG00000282692.1,0.0
ENSG00000282693.1,0.0
ENSG00000282697.1,0.0
ENSG00000282700.1,0.316181
ENSG00000282702.1,0.0
ENSG00000282703.1,0.0
ENSG00000282704.1,2.190009
ENSG00000282705.1,0.0
ENSG00000282706.1,0.0
ENSG00000282709.1,0.0
ENSG00000282712.1,8.327594999999999
ENSG00000282715.1,0.0
ENSG00000282716.1,20.999994
ENSG00000282718.2,0.0
ENSG00000282719.1,11.669187
ENSG00000282720.1,0.0
ENSG00000282721.1,1.088975
ENSG00000282722.1,0.030392
ENSG00000282723.1,0.0
ENSG00000282725.1,8.628191
ENSG00000282728.2,0.0
ENSG00000282730.1,12.682292
ENSG00000282731.1,0.0
ENSG00000282732.1,0.0
ENSG00000282733.1,0.0
ENSG00000282735.1,1.899704
ENSG00000282738.1,0.0
ENSG00000282739.1,0.0
ENSG00000282740.2,0.0
ENSG00000282742.1,0.299558
ENSG00000282744.1,0.922195
ENSG00000282745.1,0.0
ENSG00000282746.1,0.0
ENSG00000282749.1,0.0
ENSG00000282750.1,0.0
ENSG00000282752.1,0.0
ENSG00000282755.1,0.0
ENSG00000282756.1,0.0
ENSG00000282757.4,0.0
ENSG00000282759.1,0.0
ENSG00000282761.1,0.0
ENSG00000282763.1,0.0
ENSG00000282765.1,0.0
ENSG00000282766.1,0.0
ENSG00000282768.1,0.0
ENSG00000282770.1,0.0
ENSG00000282771.1,16.958169
ENSG00000282772.2,0.107328
ENSG00000282773.1,0.0
ENSG00000282780.1,0.0
ENSG00000282783.1,0.0
ENSG00000282785.1,0.0
ENSG00000282786.1,0.0
ENSG00000282787.1,0.554131
ENSG00000282788.1,3.993688
ENSG00000282793.2,0.0
ENSG00000282797.1,0.0
ENSG00000282798.1,0.0
ENSG00000282799.1,0.0
ENSG00000282800.1,7.541423
ENSG00000282802.1,0.0
ENSG00000282804.1,1.4827
ENSG00000282806.1,0.204661
ENSG00000282807.4,0.0
ENSG00000282809.2,0.0
ENSG00000282810.1,0.0
ENSG00000282811.1,2.047915
ENSG00000282813.1,2.114206
ENSG00000282814.1,0.0
ENSG00000282815.2,0.0
ENSG00000282816.1,0.0
ENSG00000282822.1,0.0
ENSG00000282826.5,0.0
ENSG00000282828.3,0.0
ENSG00000282830.2,0.0
ENSG00000282834.1,0.0
ENSG00000282836.2,0.0
ENSG00000282837.5,2.081001
ENSG00000282840.1,0.0
ENSG00000282842.1,0.0
ENSG00000282843.1,0.0
ENSG00000282844.2,0.244604
ENSG00000282849.2,0.0
ENSG00000282850.3,0.0
ENSG00000282851.2,34.11313
ENSG00000282852.1,0.0
ENSG00000282855.1,0.0
ENSG00000282859.1,0.0
ENSG00000282860.1,0.0
ENSG00000282864.1,0.0
ENSG00000282865.1,0.0
ENSG00000282870.1,0.0
ENSG00000282872.2,0.0
ENSG00000282876.1,0.0
ENSG00000282879.1,0.0
ENSG00000282881.3,0.0
ENSG00000282882.2,0.0
ENSG00000282885.4,0.542462
ENSG00000282886.1,0.0
ENSG00000282890.1,0.0
ENSG00000282894.1,0.0
ENSG00000282897.1,0.0
ENSG00000282898.2,0.0
ENSG00000282902.2,0.0
ENSG00000282904.3,0.0
ENSG00000282906.1,0.0
ENSG00000282907.1,0.0
ENSG00000282909.3,0.0
ENSG00000282911.1,0.0
ENSG00000282912.1,0.0
ENSG00000282914.1,0.0
ENSG00000282915.1,0.0
ENSG00000282916.2,0.0
ENSG00000282917.5,0.0
ENSG00000282921.1,0.0
ENSG00000282924.1,0.0
ENSG00000282925.1,0.0
ENSG00000282933.4,0.2944
ENSG00000282935.1,0.0
ENSG00000282936.3,0.130797
ENSG00000282937.6,0.0
ENSG00000282939.1,65.020067
ENSG00000282943.2,0.0
ENSG00000282944.2,0.0
ENSG00000282946.1,0.0
ENSG00000282947.2,4.351381
ENSG00000282949.1,0.0
ENSG00000282950.2,0.0
ENSG00000282951.1,0.0
ENSG00000282952.1,0.0
ENSG00000282953.1,3.422321
ENSG00000282959.1,0.0
ENSG00000282961.1,0.053615
ENSG00000282964.1,0.0
ENSG00000282966.4,0.0
ENSG00000282968.1,0.0
ENSG00000282973.1,0.0
ENSG00000282975.1,0.0
ENSG00000282977.1,0.0
ENSG00000282978.1,0.0
ENSG00000282980.1,0.0
ENSG00000282982.1,0.0
ENSG00000282987.1,0.0
ENSG00000282988.2,4.63765
ENSG00000282989.1,0.0
ENSG00000282993.1,19.977505
ENSG00000282994.1,0.0
ENSG00000282995.1,0.384539
ENSG00000282996.1,0.0
ENSG00000282997.1,0.0
ENSG00000282998.2,0.0
ENSG00000283000.2,0.0
ENSG00000283001.2,0.0
ENSG00000283005.1,0.0
ENSG00000283008.5,0.966534
ENSG00000283010.2,0.0
ENSG00000283015.2,0.0
ENSG00000283016.1,0.0
ENSG00000283018.1,0.607071
ENSG00000283020.1,0.0
ENSG00000283023.1,0.0
ENSG00000283025.1,0.0
ENSG00000283031.2,0.17683
ENSG00000283033.1,0.0
ENSG00000283036.4,0.0
ENSG00000283039.1,0.0
ENSG00000283040.1,0.0
ENSG00000283041.1,0.317044
ENSG00000283043.1,0.0
ENSG00000283044.2,0.0
ENSG00000283045.1,0.0
ENSG00000283047.1,0.0
ENSG00000283049.2,0.0
ENSG00000283050.5,0.0
ENSG00000283051.2,0.0
ENSG00000283052.3,0.0
ENSG00000283053.1,0.0
ENSG00000283057.1,0.0
ENSG00000283058.2,0.0
ENSG00000283059.3,0.0
ENSG00000283061.1,0.0
ENSG00000283063.1,15.525208
ENSG00000283064.1,0.96223
ENSG00000283065.1,0.0
ENSG00000283069.1,0.0
ENSG00000283070.5,0.0
ENSG00000283071.1,0.0
ENSG00000283072.4,0.0
ENSG00000283075.1,0.0
ENSG00000283076.1,0.0
ENSG00000283078.2,0.0
ENSG00000283082.1,0.0
ENSG00000283083.3,0.0
ENSG00000283084.1,0.0
ENSG00000283085.3,0.0
ENSG00000283093.1,0.0
ENSG00000283095.1,0.0
ENSG00000283096.1,0.0
ENSG00000283097.1,0.0
ENSG00000283098.3,0.0
ENSG00000283099.1,0.0
ENSG00000283100.2,0.0
ENSG00000283101.1,0.0
ENSG00000283103.6,4.797726
ENSG00000283104.3,0.0
ENSG00000283106.3,1.070958
ENSG00000283108.3,0.0
ENSG00000283110.1,0.0
ENSG00000283112.1,0.0
ENSG00000283114.1,0.0
ENSG00000283117.2,0.0
ENSG00000283118.1,0.0
ENSG00000283119.1,0.0
ENSG00000283122.1,0.0
ENSG00000283123.1,0.0
ENSG00000283125.1,0.0
ENSG00000283126.1,0.0
ENSG00000283128.3,0.0
ENSG00000283130.1,0.0
ENSG00000283131.1,0.0
ENSG00000283132.1,0.0
ENSG00000283133.1,0.0
ENSG00000283136.1,0.0
ENSG00000283138.1,0.0
ENSG00000283139.2,0.0
ENSG00000283141.2,0.0
ENSG00000283142.2,0.0
ENSG00000283145.1,0.0
ENSG00000283146.1,0.0
ENSG00000283148.2,0.0
ENSG00000283149.1,0.0
ENSG00000283152.1,0.0
ENSG00000283154.4,0.0
ENSG00000283155.1,0.0
ENSG00000283156.2,0.0
ENSG00000283157.2,0.0
ENSG00000283159.1,0.0
ENSG00000283160.1,0.0
ENSG00000283162.3,0.0
ENSG00000283165.1,0.0
ENSG00000283166.1,0.0
ENSG00000283167.2,0.0
ENSG00000283170.1,0.0
ENSG00000283172.1,0.0
ENSG00000283174.1,0.0
ENSG00000283175.2,0.669503
ENSG00000283176.1,0.0
ENSG00000283178.1,0.0
ENSG00000283180.1,0.0
ENSG00000283181.1,0.0
ENSG00000283183.5,0.0
ENSG00000283188.1,0.0
ENSG00000283189.2,3.207581
ENSG00000283192.1,0.793794
ENSG00000283193.1,0.0
ENSG00000283195.1,0.0
ENSG00000283196.3,0.0
ENSG00000283197.1,0.0
ENSG00000283199.3,0.185538
ENSG00000283200.1,0.0
ENSG00000283201.1,0.0
ENSG00000283202.1,0.0
ENSG00000283203.1,0.0
ENSG00000283204.1,0.0
ENSG00000283205.1,0.0
ENSG00000283206.1,0.0
ENSG00000283207.1,0.0
ENSG00000283208.2,0.0
ENSG00000283209.1,0.0
ENSG00000283210.1,0.0
ENSG00000283211.1,0.0
ENSG00000283212.1,0.0
ENSG00000283213.2,0.0
ENSG00000283214.1,0.0
ENSG00000283215.3,0.0
ENSG00000283216.2,0.0
ENSG00000283217.2,0.0
ENSG00000283218.1,0.0
ENSG00000283219.1,0.0
ENSG00000283221.1,0.0
ENSG00000283222.1,0.0
ENSG00000283225.1,0.0
ENSG00000283227.2,0.0
ENSG00000283228.1,0.0
ENSG00000283230.1,0.0
ENSG00000283232.1,0.0
ENSG00000283234.2,0.0
ENSG00000283235.3,0.0
ENSG00000283236.1,0.237897
ENSG00000283237.1,0.0
ENSG00000283238.1,0.0
ENSG00000283239.1,0.0
ENSG00000283240.2,0.0
ENSG00000283242.1,0.0
ENSG00000283246.1,0.0
ENSG00000283247.2,0.0
ENSG00000283249.1,0.0
ENSG00000283251.2,0.0
ENSG00000283256.1,0.0
ENSG00000283257.1,0.0
ENSG00000283258.3,0.0
ENSG00000283259.1,0.0
ENSG00000283262.1,0.0
ENSG00000283265.1,0.0
ENSG00000283267.2,0.0
ENSG00000283268.2,0.0
ENSG00000283269.2,0.0
ENSG00000283270.2,0.0
ENSG00000283271.1,0.0
ENSG00000283273.1,0.0
ENSG00000283274.1,0.0
ENSG00000283275.1,0.0
ENSG00000283278.1,0.0
ENSG00000283279.1,0.0
ENSG00000283281.1,0.0
ENSG00000283283.2,0.0
ENSG00000283284.4,0.226647
ENSG00000283285.1,0.0
ENSG00000283286.3,0.257412
ENSG00000283288.2,0.0
ENSG00000283289.1,0.0
ENSG00000283290.1,0.0
ENSG00000283291.1,0.0
ENSG00000283292.2,0.0
ENSG00000283293.1,481.364812
ENSG00000283296.1,0.0
ENSG00000283297.2,0.0
ENSG00000283298.1,0.0
ENSG00000283300.1,0.0
ENSG00000283301.1,0.0
ENSG00000283303.1,0.0
ENSG00000283304.2,0.0
ENSG00000283307.1,0.0
ENSG00000283311.1,0.0
ENSG00000283312.1,0.0
ENSG00000283313.1,0.0
ENSG00000283314.2,0.0
ENSG00000283317.1,0.0
ENSG00000283320.1,0.0
ENSG00000283321.1,0.0
ENSG00000283324.1,0.0
ENSG00000283326.1,0.0
ENSG00000283327.1,0.0
ENSG00000283329.2,0.0
ENSG00000283330.1,0.0
ENSG00000283333.1,0.0
ENSG00000283334.1,0.0
ENSG00000283335.1,0.0
ENSG00000283337.1,0.0
ENSG00000283338.1,0.0
ENSG00000283339.1,0.0
ENSG00000283340.1,0.0
ENSG00000283341.5,0.567897
ENSG00000283342.1,0.0
ENSG00000283343.1,0.0
ENSG00000283345.1,0.0
ENSG00000283346.1,0.0
ENSG00000283347.1,0.0
ENSG00000283349.4,0.0
ENSG00000283351.1,0.0
ENSG00000283354.1,0.0
ENSG00000283355.1,0.0
ENSG00000283356.1,0.0
ENSG00000283359.1,0.0
ENSG00000283360.1,0.0
ENSG00000283361.3,0.776507
ENSG00000283364.1,0.0
ENSG00000283365.1,0.0
ENSG00000283366.2,0.0
ENSG00000283367.1,0.0
ENSG00000283369.1,0.0
ENSG00000283371.1,0.0
ENSG00000283372.1,0.0
ENSG00000283373.5,0.401835
ENSG00000283375.1,0.0
ENSG00000283376.1,0.0
ENSG00000283377.1,0.0
ENSG00000283378.1,0.0
ENSG00000283379.1,0.0
ENSG00000283380.2,2.599438
ENSG00000283381.1,0.0
ENSG00000283383.2,0.0
ENSG00000283384.1,0.0
ENSG00000283385.1,0.0
ENSG00000283386.1,0.0
ENSG00000283389.1,0.0
ENSG00000283390.1,0.0
ENSG00000283392.1,0.0
ENSG00000283393.1,0.0
ENSG00000283394.1,0.0
ENSG00000283395.1,0.0
ENSG00000283399.1,0.0
ENSG00000283400.1,0.0
ENSG00000283402.1,0.0
ENSG00000283405.3,0.0
ENSG00000283408.3,0.0
ENSG00000283409.1,0.0
ENSG00000283411.1,0.0
ENSG00000283412.1,0.0
ENSG00000283413.2,0.0
ENSG00000283414.1,0.0
ENSG00000283415.3,0.0
ENSG00000283416.1,0.0
ENSG00000283417.1,0.0
ENSG00000283418.1,0.0
ENSG00000283419.1,0.0
ENSG00000283420.1,0.0
ENSG00000283421.1,0.0
ENSG00000283422.2,0.160259
ENSG00000283423.2,0.0
ENSG00000283426.1,0.0
ENSG00000283427.1,0.0
ENSG00000283428.1,0.0
ENSG00000283431.1,0.0
ENSG00000283432.1,0.0
ENSG00000283433.1,0.0
ENSG00000283434.2,0.0
ENSG00000283435.1,0.0
ENSG00000283436.2,0.0
ENSG00000283438.1,0.0
ENSG00000283439.4,0.0
ENSG00000283441.1,0.0
ENSG00000283442.1,0.0
ENSG00000283443.3,0.0
ENSG00000283444.1,0.347836
ENSG00000283445.2,0.830752
ENSG00000283446.1,0.0
ENSG00000283448.2,0.0
ENSG00000283450.1,0.0
ENSG00000283451.1,0.0
ENSG00000283452.1,0.0
ENSG00000283453.3,0.0
ENSG00000283455.1,0.0
ENSG00000283456.1,0.0
ENSG00000283457.3,0.0
ENSG00000283458.4,0.0
ENSG00000283459.2,0.0
ENSG00000283461.1,0.0
ENSG00000283462.4,0.036355
ENSG00000283463.2,0.0
ENSG00000283464.1,0.0
ENSG00000283465.4,0.0
ENSG00000283468.1,0.0
ENSG00000283469.1,0.0
ENSG00000283471.1,0.0
ENSG00000283473.5,0.0
ENSG00000283474.1,0.0
ENSG00000283476.1,0.0
ENSG00000283477.1,0.0
ENSG00000283479.1,0.0
ENSG00000283481.1,0.0
ENSG00000283483.1,0.0
ENSG00000283484.1,0.0
ENSG00000283487.1,0.0
ENSG00000283489.1,0.0
ENSG00000283490.1,0.0
ENSG00000283491.1,0.0
ENSG00000283492.1,0.0
ENSG00000283493.1,0.0
ENSG00000283496.1,0.0
ENSG00000283497.1,0.0
ENSG00000283499.1,0.0
ENSG00000283502.1,0.0
ENSG00000283503.5,0.0
ENSG00000283505.1,0.0
ENSG00000283506.1,0.0
ENSG00000283507.1,0.0
ENSG00000283509.1,0.0
ENSG00000283511.2,0.0
ENSG00000283514.1,0.0
ENSG00000283515.1,2.043087
ENSG00000283516.3,0.0
ENSG00000283518.2,0.0
ENSG00000283519.1,0.0
ENSG00000283522.1,0.0
ENSG00000283523.1,0.0
ENSG00000283524.2,0.0
ENSG00000283525.2,2.500779
ENSG00000283526.3,0.0
ENSG00000283527.1,0.0
ENSG00000283528.2,0.0
ENSG00000283529.2,0.0
ENSG00000283532.1,0.0
ENSG00000283534.1,0.0
ENSG00000283535.1,0.0
ENSG00000283536.3,0.0
ENSG00000283537.3,0.0
ENSG00000283538.4,0.0
ENSG00000283540.1,0.0
ENSG00000283541.1,0.0
ENSG00000283542.1,0.0
ENSG00000283544.1,0.0
ENSG00000283545.1,0.0
ENSG00000283546.1,0.0
ENSG00000283547.1,0.0
ENSG00000283549.1,0.499414
ENSG00000283550.1,0.0
ENSG00000283551.1,0.0
ENSG00000283554.2,0.0
ENSG00000283555.1,0.0
ENSG00000283556.1,0.0
ENSG00000283558.1,0.0
ENSG00000283559.3,0.0
ENSG00000283561.1,0.0
ENSG00000283562.1,0.0
ENSG00000283563.1,0.0
ENSG00000283564.1,0.0
ENSG00000283566.2,0.0
ENSG00000283567.2,0.0
ENSG00000283568.1,0.0
ENSG00000283569.1,0.0
ENSG00000283571.1,0.0
ENSG00000283572.1,0.0
ENSG00000283573.2,0.0
ENSG00000283575.1,0.0
ENSG00000283576.1,0.0
ENSG00000283578.1,0.0
ENSG00000283579.1,0.0
ENSG00000283580.4,0.516347
ENSG00000283582.1,0.0
ENSG00000283583.1,0.0
ENSG00000283584.1,0.0
ENSG00000283586.1,0.0
ENSG00000283587.1,0.0
ENSG00000283588.1,0.0
ENSG00000283589.4,0.692516
ENSG00000283591.1,0.0
ENSG00000283592.1,0.0
ENSG00000283597.4,0.0
ENSG00000283598.1,0.0
ENSG00000283599.3,0.0
ENSG00000283601.1,0.0
ENSG00000283602.2,0.0
ENSG00000283603.1,0.0
ENSG00000283604.1,0.0
ENSG00000283605.1,0.0
ENSG00000283607.2,0.0
ENSG00000283608.1,0.0
ENSG00000283609.1,0.0
ENSG00000283611.2,0.0
ENSG00000283612.1,0.0
ENSG00000283613.1,0.0
ENSG00000283614.1,0.0
ENSG00000283615.1,0.0
ENSG00000283616.1,0.0
ENSG00000283618.1,0.0
ENSG00000283621.1,0.0
ENSG00000283622.1,0.0
ENSG00000283625.1,0.0
ENSG00000283626.1,0.0
ENSG00000283627.2,0.0
ENSG00000283628.1,0.0
ENSG00000283629.1,0.0
ENSG00000283631.1,0.0
ENSG00000283632.4,0.137297
ENSG00000283634.1,0.0
ENSG00000283635.1,0.0
ENSG00000283636.1,0.0
ENSG00000283637.1,0.0
ENSG00000283638.4,0.0
ENSG00000283639.1,0.0
ENSG00000283643.4,0.0
ENSG00000283644.1,0.0
ENSG00000283645.1,0.0
ENSG00000283646.2,0.260174
ENSG00000283647.1,0.0
ENSG00000283653.1,0.0
ENSG00000283654.3,0.0
ENSG00000283656.1,0.0
ENSG00000283657.1,0.0
ENSG00000283659.1,0.0
ENSG00000283662.1,0.089313
ENSG00000283663.1,0.0
ENSG00000283664.1,0.0
ENSG00000283665.1,0.0
ENSG00000283666.1,0.0
ENSG00000283667.1,0.0
ENSG00000283669.1,0.0
ENSG00000283672.1,0.0
ENSG00000283673.1,0.0
ENSG00000283674.5,2.937754
ENSG00000283675.1,0.0
ENSG00000283676.1,0.0
ENSG00000283677.1,0.0
ENSG00000283678.1,0.0
ENSG00000283679.1,0.0
ENSG00000283680.2,0.0
ENSG00000283682.1,0.0
ENSG00000283683.2,0.0
ENSG00000283684.2,0.0
ENSG00000283685.1,0.0
ENSG00000283686.2,0.0
ENSG00000283688.1,0.0
ENSG00000283690.1,0.0
ENSG00000283691.1,0.0
ENSG00000283692.3,0.0
ENSG00000283694.1,0.0
ENSG00000283695.1,0.0
ENSG00000283696.2,3.1943270000000004
ENSG00000283697.3,0.0
ENSG00000283698.2,0.0
ENSG00000283699.1,0.0
ENSG00000283700.1,0.0
ENSG00000283701.1,0.0
ENSG00000283703.3,0.0
ENSG00000283704.1,0.0
ENSG00000283705.1,0.0
ENSG00000283706.2,0.0
ENSG00000283709.2,0.0
ENSG00000283710.1,0.0
ENSG00000283712.1,0.0
ENSG00000283716.3,0.0
ENSG00000283717.1,0.0
ENSG00000283719.3,0.0
ENSG00000283721.1,0.0
ENSG00000283722.3,0.0
ENSG00000283723.2,0.93787
ENSG00000283724.1,0.0
ENSG00000283726.1,0.0
ENSG00000283728.1,0.0
ENSG00000283729.1,0.0
ENSG00000283730.3,0.0
ENSG00000283731.1,0.0
ENSG00000283733.1,0.0
ENSG00000283734.1,0.0
ENSG00000283736.1,0.0
ENSG00000283737.1,12.874534
ENSG00000283738.3,29.444977
ENSG00000283740.2,0.38961100000000004
ENSG00000283742.3,0.0
ENSG00000283743.2,0.0
ENSG00000283744.1,0.0
ENSG00000283745.1,0.0
ENSG00000283749.1,0.0
ENSG00000283750.3,0.0
ENSG00000283751.1,0.0
ENSG00000283752.1,0.899808
ENSG00000283755.2,0.0
ENSG00000283757.2,0.0
ENSG00000283758.2,0.0
ENSG00000283759.1,0.0
ENSG00000283761.1,1.097871
ENSG00000283762.1,0.0
ENSG00000283763.3,0.0
ENSG00000283764.1,0.0
ENSG00000283765.1,0.0
ENSG00000283766.1,0.0
ENSG00000283768.1,0.0
ENSG00000283769.1,0.0
ENSG00000283770.1,0.0
ENSG00000283772.1,0.0
ENSG00000283773.1,0.0
ENSG00000283774.1,0.0
ENSG00000283775.1,0.0
ENSG00000283776.1,0.0
ENSG00000283777.2,44.571557999999996
ENSG00000283779.1,0.0
ENSG00000283780.3,14.862522
ENSG00000283782.2,1.431255
ENSG00000283783.1,0.0
ENSG00000283785.1,0.0
ENSG00000283787.2,0.0
ENSG00000283788.1,0.0
ENSG00000283789.1,0.0
ENSG00000283791.1,0.0
ENSG00000283792.1,0.0
ENSG00000283793.1,0.0
ENSG00000283795.1,0.0
ENSG00000283796.1,0.0
ENSG00000283797.1,0.0
ENSG00000283798.1,0.0
ENSG00000283799.1,0.0
ENSG00000283803.1,0.0
ENSG00000283805.1,0.0
ENSG00000283809.1,3.61638
ENSG00000283812.2,0.0
ENSG00000283813.1,0.0
ENSG00000283815.1,0.0
ENSG00000283818.1,0.0
ENSG00000283819.1,0.0
ENSG00000283821.1,0.0
ENSG00000283822.1,0.0
ENSG00000283823.1,0.0
ENSG00000283824.1,0.0
ENSG00000283827.1,0.0
ENSG00000283828.1,0.0
ENSG00000283829.1,0.0
ENSG00000283836.1,0.0
ENSG00000283839.4,4.0641229999999995
ENSG00000283840.1,0.0
ENSG00000283842.1,0.0
ENSG00000283844.1,0.0
ENSG00000283845.1,0.0
ENSG00000283848.1,0.0
ENSG00000283849.1,0.0
ENSG00000283852.4,0.0
ENSG00000283853.1,0.0
ENSG00000283855.2,0.183889
ENSG00000283856.1,0.0
ENSG00000283857.1,0.0
ENSG00000283858.1,0.0
ENSG00000283860.1,0.0
ENSG00000283863.1,0.0
ENSG00000283864.2,0.0
ENSG00000283865.1,0.0
ENSG00000283867.1,0.0
ENSG00000283869.1,0.0
ENSG00000283870.3,0.0
ENSG00000283871.1,0.0
ENSG00000283873.2,0.0
ENSG00000283874.1,0.0
ENSG00000283875.1,0.0
ENSG00000283876.1,0.0
ENSG00000283877.1,0.0
ENSG00000283879.1,0.0
ENSG00000283880.1,0.0
ENSG00000283881.1,0.0
ENSG00000283882.3,0.0
ENSG00000283883.2,0.0
ENSG00000283885.1,0.0
ENSG00000283888.1,0.0
ENSG00000283891.1,0.0
ENSG00000283892.2,0.0
ENSG00000283894.1,0.0
ENSG00000283896.1,0.0
ENSG00000283897.3,0.0
ENSG00000283899.1,0.0
ENSG00000283900.1,0.989171
ENSG00000283904.1,0.0
ENSG00000283906.1,0.0
ENSG00000283910.1,0.0
ENSG00000283913.2,0.0
ENSG00000283914.2,0.0
ENSG00000283915.1,0.0
ENSG00000283918.2,0.0
ENSG00000283919.1,0.0
ENSG00000283920.1,0.0
ENSG00000283923.1,0.0
ENSG00000283926.1,0.0
ENSG00000283927.1,0.0
ENSG00000283928.1,0.0
ENSG00000283929.1,0.0
ENSG00000283930.1,0.0
ENSG00000283931.1,0.0
ENSG00000283933.1,0.0
ENSG00000283934.3,120.129044
ENSG00000283935.1,0.0
ENSG00000283936.1,0.0
ENSG00000283937.3,0.0
ENSG00000283938.1,0.0
ENSG00000283940.1,0.0
ENSG00000283941.1,0.0
ENSG00000283944.1,0.0
ENSG00000283945.2,0.0
ENSG00000283948.1,0.0
ENSG00000283949.3,0.0
ENSG00000283950.1,0.0
ENSG00000283952.1,0.0
ENSG00000283954.1,0.528956
ENSG00000283956.1,0.0
ENSG00000283958.1,0.0
ENSG00000283959.3,2.545455
ENSG00000283961.1,0.0
ENSG00000283963.3,0.0
ENSG00000283966.1,0.0
ENSG00000283967.1,0.0
ENSG00000283969.1,0.0
ENSG00000283971.1,0.0
ENSG00000283972.2,0.0
ENSG00000283973.3,0.0
ENSG00000283977.1,0.0
ENSG00000283978.1,0.0
ENSG00000283979.4,3.411321
ENSG00000283980.1,0.0
ENSG00000283982.2,0.0
ENSG00000283984.2,0.0
ENSG00000283986.3,0.0
ENSG00000283988.1,0.0
ENSG00000283990.1,0.0
ENSG00000283991.2,0.0
ENSG00000283992.2,0.0
ENSG00000283994.1,0.33551
ENSG00000283998.1,0.0
ENSG00000283999.2,0.0
ENSG00000284000.1,0.0
ENSG00000284003.1,0.0
ENSG00000284005.1,0.0
ENSG00000284007.1,0.0
ENSG00000284008.1,0.0
ENSG00000284010.1,0.0
ENSG00000284011.1,0.0
ENSG00000284012.1,0.0
ENSG00000284015.1,0.0
ENSG00000284018.2,0.0
ENSG00000284020.1,0.0
ENSG00000284024.4,2.437761
ENSG00000284027.1,0.0
ENSG00000284028.1,0.0
ENSG00000284029.1,0.0
ENSG00000284031.1,0.0
ENSG00000284032.1,0.0
ENSG00000284033.2,0.0
ENSG00000284034.1,0.0
ENSG00000284035.1,0.0
ENSG00000284036.3,0.0
ENSG00000284038.1,0.0
ENSG00000284039.3,0.0
ENSG00000284040.1,0.0
ENSG00000284042.1,0.0
ENSG00000284043.1,0.0
ENSG00000284044.2,0.0
ENSG00000284045.1,0.0
ENSG00000284047.1,0.0
ENSG00000284048.2,9.617339
ENSG00000284049.1,0.0
ENSG00000284052.2,0.04883
ENSG00000284053.2,0.0
ENSG00000284054.1,0.0
ENSG00000284055.1,0.0
ENSG00000284057.1,0.0
ENSG00000284059.1,0.0
ENSG00000284060.1,0.0
ENSG00000284062.1,0.0
ENSG00000284064.1,0.0
ENSG00000284065.1,0.0
ENSG00000284067.1,0.0
ENSG00000284068.1,0.0
ENSG00000284070.1,0.0
ENSG00000284071.1,0.0
ENSG00000284072.1,0.0
ENSG00000284074.1,0.0
ENSG00000284076.3,0.0
ENSG00000284078.1,0.0
ENSG00000284079.1,0.0
ENSG00000284081.1,0.0
ENSG00000284082.1,0.0
ENSG00000284084.2,0.0
ENSG00000284085.1,0.0
ENSG00000284086.1,0.0
ENSG00000284087.1,0.0
ENSG00000284089.3,0.0
ENSG00000284092.1,0.0
ENSG00000284093.1,0.0
ENSG00000284094.1,0.0
ENSG00000284095.1,0.233733
ENSG00000284098.1,0.0
ENSG00000284100.2,0.0
ENSG00000284104.1,0.0
ENSG00000284107.1,0.0
ENSG00000284108.1,0.0
ENSG00000284110.1,0.0
ENSG00000284112.1,0.0
ENSG00000284114.1,0.0
ENSG00000284116.2,5.166342
ENSG00000284117.1,0.0
ENSG00000284118.1,0.0
ENSG00000284121.1,0.0
ENSG00000284122.1,0.0
ENSG00000284125.1,0.0
ENSG00000284127.1,0.0
ENSG00000284128.2,0.0
ENSG00000284129.1,0.0
ENSG00000284130.2,0.124733
ENSG00000284131.2,0.0
ENSG00000284132.2,0.0
ENSG00000284134.1,0.0
ENSG00000284135.1,0.0
ENSG00000284136.1,0.0
ENSG00000284138.1,0.89119
ENSG00000284139.1,0.0
ENSG00000284140.1,0.0
ENSG00000284142.1,0.0
ENSG00000284143.1,0.0
ENSG00000284144.1,0.0
ENSG00000284146.1,0.0
ENSG00000284147.1,0.0
ENSG00000284148.1,0.0
ENSG00000284149.1,0.0
ENSG00000284150.3,0.0
ENSG00000284152.1,0.0
ENSG00000284154.1,0.0
ENSG00000284155.1,0.0
ENSG00000284157.1,0.0
ENSG00000284158.1,0.0
ENSG00000284159.1,0.0
ENSG00000284160.1,0.0
ENSG00000284161.3,2.344609
ENSG00000284162.1,0.0
ENSG00000284163.1,0.0
ENSG00000284165.1,0.0
ENSG00000284167.1,0.0
ENSG00000284169.3,0.0
ENSG00000284171.1,0.0
ENSG00000284173.1,0.0
ENSG00000284175.1,0.0
ENSG00000284176.1,0.0
ENSG00000284179.1,0.0
ENSG00000284180.1,0.0
ENSG00000284182.1,0.0
ENSG00000284184.1,0.0
ENSG00000284185.1,0.0
ENSG00000284186.1,0.0
ENSG00000284188.3,0.0
ENSG00000284190.1,0.0
ENSG00000284191.1,0.0
ENSG00000284192.1,0.0
ENSG00000284193.1,0.0
ENSG00000284194.3,196.506618
ENSG00000284195.1,0.0
ENSG00000284196.4,0.160642
ENSG00000284197.1,0.0
ENSG00000284200.1,0.0
ENSG00000284202.1,0.0
ENSG00000284203.1,0.0
ENSG00000284204.1,0.0
ENSG00000284207.2,0.0
ENSG00000284209.4,0.0
ENSG00000284213.1,0.0
ENSG00000284214.1,0.0
ENSG00000284216.1,0.0
ENSG00000284217.3,0.0
ENSG00000284218.2,1.157319
ENSG00000284219.1,0.0
ENSG00000284221.1,0.0
ENSG00000284224.1,0.0
ENSG00000284229.1,0.0
ENSG00000284231.1,0.0
ENSG00000284233.1,0.0
ENSG00000284234.1,0.0
ENSG00000284237.2,0.0
ENSG00000284239.1,0.0
ENSG00000284240.2,0.0
ENSG00000284241.2,0.0
ENSG00000284242.1,0.0
ENSG00000284246.1,0.0
ENSG00000284247.1,0.0
ENSG00000284248.1,0.0
ENSG00000284249.1,0.0
ENSG00000284250.1,0.0
ENSG00000284251.1,0.0
ENSG00000284252.1,0.0
ENSG00000284253.1,0.0
ENSG00000284254.4,8.873002
ENSG00000284256.1,0.0
ENSG00000284258.1,0.0
ENSG00000284259.1,0.0
ENSG00000284260.2,2.423169
ENSG00000284261.1,0.0
ENSG00000284263.1,0.0
ENSG00000284265.1,0.0
ENSG00000284266.1,0.0
ENSG00000284268.1,0.0
ENSG00000284269.1,0.0
ENSG00000284271.1,0.0
ENSG00000284272.1,0.0
ENSG00000284274.1,0.0
ENSG00000284276.1,0.0
ENSG00000284277.1,0.0
ENSG00000284280.1,0.0
ENSG00000284283.1,0.0
ENSG00000284284.1,0.0
ENSG00000284286.1,0.0
ENSG00000284288.1,0.0
ENSG00000284289.1,0.0
ENSG00000284291.1,0.0
ENSG00000284292.1,0.0
ENSG00000284293.1,0.0
ENSG00000284294.3,0.0
ENSG00000284295.1,0.0
ENSG00000284297.2,0.0
ENSG00000284298.2,0.0
ENSG00000284300.1,0.0
ENSG00000284305.1,0.0
ENSG00000284306.2,0.0
ENSG00000284307.1,0.0
ENSG00000284308.2,1.204199
ENSG00000284309.1,0.0
ENSG00000284310.1,0.0
ENSG00000284311.1,0.0
ENSG00000284313.1,0.0
ENSG00000284317.1,0.0
ENSG00000284320.4,3.15216
ENSG00000284321.1,0.0
ENSG00000284324.1,0.0
ENSG00000284325.1,0.0
ENSG00000284327.1,0.0
ENSG00000284328.1,0.0
ENSG00000284329.1,0.0
ENSG00000284330.2,0.0
ENSG00000284331.1,0.0
ENSG00000284332.1,0.0
ENSG00000284334.1,0.0
ENSG00000284336.1,0.0
ENSG00000284337.1,0.0
ENSG00000284338.2,0.0
ENSG00000284340.3,0.0
ENSG00000284341.1,0.0
ENSG00000284343.1,0.0
ENSG00000284344.1,0.0
ENSG00000284345.1,0.0
ENSG00000284346.1,0.0
ENSG00000284351.1,0.0
ENSG00000284353.1,0.0
ENSG00000284357.1,0.0
ENSG00000284358.1,0.0
ENSG00000284360.1,0.0
ENSG00000284361.1,0.0
ENSG00000284362.1,0.0
ENSG00000284363.1,0.0
ENSG00000284364.1,0.0
ENSG00000284365.1,0.0
ENSG00000284368.1,0.0
ENSG00000284369.3,1.638303
ENSG00000284370.1,0.0
ENSG00000284371.1,0.0
ENSG00000284372.1,0.0
ENSG00000284373.1,2.743349
ENSG00000284375.1,0.0
ENSG00000284376.1,0.0
ENSG00000284377.3,0.0
ENSG00000284378.1,0.0
ENSG00000284383.2,0.0
ENSG00000284385.1,0.0
ENSG00000284386.1,0.0
ENSG00000284387.1,0.0
ENSG00000284388.1,0.0
ENSG00000284391.2,0.0
ENSG00000284393.1,0.0
ENSG00000284394.1,0.0
ENSG00000284395.2,0.0
ENSG00000284399.1,0.0
ENSG00000284400.2,0.0
ENSG00000284402.1,0.0
ENSG00000284407.1,0.0
ENSG00000284410.1,0.0
ENSG00000284411.1,0.0
ENSG00000284412.1,0.0
ENSG00000284415.1,0.0
ENSG00000284416.1,0.0
ENSG00000284418.4,0.0
ENSG00000284419.1,0.0
ENSG00000284421.1,0.0
ENSG00000284424.1,0.0
ENSG00000284425.1,0.0
ENSG00000284427.1,0.0
ENSG00000284428.1,1.873789
ENSG00000284430.2,0.090924
ENSG00000284431.1,0.76989
ENSG00000284433.1,0.0
ENSG00000284434.3,0.0
ENSG00000284435.1,0.0
ENSG00000284436.1,0.0
ENSG00000284438.2,0.0
ENSG00000284439.1,0.0
ENSG00000284440.1,0.0
ENSG00000284441.1,0.0
ENSG00000284442.1,0.0
ENSG00000284443.1,0.0
ENSG00000284445.3,0.0
ENSG00000284446.1,0.0
ENSG00000284447.1,0.0
ENSG00000284448.1,0.0
ENSG00000284450.1,0.0
ENSG00000284452.2,0.0
ENSG00000284453.1,0.0
ENSG00000284454.2,8.347813
ENSG00000284456.1,0.0
ENSG00000284457.3,0.0
ENSG00000284458.1,0.0
ENSG00000284459.1,0.0
ENSG00000284461.2,0.0
ENSG00000284463.1,0.0
ENSG00000284464.1,0.0
ENSG00000284465.1,0.0
ENSG00000284466.1,0.0
ENSG00000284469.1,0.0
ENSG00000284471.1,0.056315
ENSG00000284473.1,0.0
ENSG00000284474.1,0.0
ENSG00000284476.2,0.0
ENSG00000284478.1,0.0
ENSG00000284479.3,0.0
ENSG00000284481.1,0.0
ENSG00000284482.1,0.0
ENSG00000284484.1,0.0
ENSG00000284485.1,0.0
ENSG00000284487.3,0.0
ENSG00000284488.1,0.0
ENSG00000284489.1,0.0
ENSG00000284490.1,0.0
ENSG00000284491.3,0.0
ENSG00000284493.2,0.0
ENSG00000284494.1,0.0
ENSG00000284498.1,0.0
ENSG00000284499.1,0.0
ENSG00000284500.4,0.0
ENSG00000284503.1,0.0
ENSG00000284505.1,0.224199
ENSG00000284506.1,0.0
ENSG00000284508.1,0.0
ENSG00000284511.3,0.0
ENSG00000284512.1,0.0
ENSG00000284513.2,0.0
ENSG00000284514.2,0.0
ENSG00000284515.1,0.0
ENSG00000284516.2,0.0
ENSG00000284517.1,0.0
ENSG00000284518.1,0.0
ENSG00000284519.1,0.0
ENSG00000284520.1,0.0
ENSG00000284522.1,0.0
ENSG00000284523.3,0.0
ENSG00000284525.1,0.0
ENSG00000284526.3,1.632807
ENSG00000284528.1,0.0
ENSG00000284532.1,0.0
ENSG00000284535.1,0.0
ENSG00000284536.1,0.0
ENSG00000284538.1,0.0
ENSG00000284540.1,7.26638
ENSG00000284541.1,0.0
ENSG00000284542.1,0.0
ENSG00000284543.2,1.371429
ENSG00000284544.1,0.0
ENSG00000284546.2,0.0
ENSG00000284547.1,0.0
ENSG00000284548.3,38.468236
ENSG00000284549.1,0.0
ENSG00000284550.1,0.0
ENSG00000284553.1,0.0
ENSG00000284554.2,4.747946
ENSG00000284555.3,0.0
ENSG00000284558.1,0.0
ENSG00000284559.2,0.0
ENSG00000284560.3,0.0
ENSG00000284564.1,0.0
ENSG00000284565.1,0.0
ENSG00000284567.1,0.0
ENSG00000284568.1,0.0
ENSG00000284570.1,0.0
ENSG00000284572.1,0.0
ENSG00000284574.1,0.0
ENSG00000284575.1,0.0
ENSG00000284580.3,0.0
ENSG00000284583.1,0.0
ENSG00000284584.1,0.0
ENSG00000284585.1,0.0
ENSG00000284586.1,0.0
ENSG00000284587.1,0.0
ENSG00000284588.3,0.0
ENSG00000284591.1,0.0
ENSG00000284592.2,0.0
ENSG00000284594.1,0.0
ENSG00000284595.1,0.0
ENSG00000284596.1,0.0
ENSG00000284600.2,0.0
ENSG00000284601.2,0.0
ENSG00000284603.1,0.0
ENSG00000284604.2,0.0
ENSG00000284605.1,0.0
ENSG00000284606.2,0.056415
ENSG00000284607.1,0.0
ENSG00000284608.1,0.0
ENSG00000284609.2,0.0
ENSG00000284610.2,0.0
ENSG00000284611.1,0.0
ENSG00000284612.3,0.0
ENSG00000284613.1,0.0
ENSG00000284614.1,0.0
ENSG00000284615.1,0.0
ENSG00000284616.1,0.0
ENSG00000284617.1,0.0
ENSG00000284618.1,0.057346
ENSG00000284619.1,0.0
ENSG00000284620.3,0.0
ENSG00000284621.1,0.0
ENSG00000284622.2,0.0
ENSG00000284623.2,0.0
ENSG00000284624.2,0.490139
ENSG00000284625.1,0.0
ENSG00000284626.1,0.198582
ENSG00000284627.1,0.0
ENSG00000284628.1,0.0
ENSG00000284629.1,0.0
ENSG00000284630.1,0.0
ENSG00000284631.2,0.0
ENSG00000284632.2,0.0
ENSG00000284633.3,0.828002
ENSG00000284634.2,9.706786000000001
ENSG00000284635.2,0.0
ENSG00000284636.1,0.0
ENSG00000284637.1,0.0
ENSG00000284638.2,0.0
ENSG00000284639.1,0.0
ENSG00000284640.2,0.0
ENSG00000284641.1,0.0
ENSG00000284642.1,0.944245
ENSG00000284643.1,0.0
ENSG00000284645.2,0.0
ENSG00000284646.2,0.0
ENSG00000284648.1,0.0
ENSG00000284649.3,0.0
ENSG00000284650.2,0.0
ENSG00000284651.1,0.0
ENSG00000284652.1,0.0
ENSG00000284653.1,0.0
ENSG00000284654.1,0.0
ENSG00000284655.1,0.0
ENSG00000284656.1,0.0
ENSG00000284657.2,0.589412
ENSG00000284659.1,0.0
ENSG00000284660.1,0.0
ENSG00000284661.1,0.0
ENSG00000284663.1,0.0
ENSG00000284664.1,0.118294
ENSG00000284665.1,0.0
ENSG00000284666.1,0.0
ENSG00000284667.1,0.0
ENSG00000284668.3,0.0
ENSG00000284669.2,0.0
ENSG00000284670.1,0.0
ENSG00000284671.1,0.0
ENSG00000284672.1,0.0
ENSG00000284673.1,0.0
ENSG00000284674.1,0.0
ENSG00000284675.2,0.0
ENSG00000284676.1,0.0
ENSG00000284677.1,0.0
ENSG00000284678.2,0.0
ENSG00000284679.1,0.0
ENSG00000284680.3,0.0
ENSG00000284682.1,0.0
ENSG00000284684.1,0.0
ENSG00000284686.1,0.149882
ENSG00000284687.1,0.0
ENSG00000284688.1,0.0
ENSG00000284689.1,0.0
ENSG00000284690.3,13.905773
ENSG00000284691.1,6.636094
ENSG00000284692.3,0.0
ENSG00000284693.3,0.764661
ENSG00000284694.1,0.0
ENSG00000284695.1,0.0
ENSG00000284696.3,0.0
ENSG00000284697.1,0.577138
ENSG00000284698.1,0.0
ENSG00000284699.1,0.0
ENSG00000284701.1,0.0
ENSG00000284702.1,0.0
ENSG00000284703.2,0.089628
ENSG00000284704.1,0.0
ENSG00000284705.2,0.26388
ENSG00000284706.1,0.0
ENSG00000284707.3,12.513884
ENSG00000284708.1,0.116864
ENSG00000284709.1,0.0
ENSG00000284710.1,0.0
ENSG00000284711.1,0.0
ENSG00000284713.2,0.532821
ENSG00000284715.1,0.0
ENSG00000284716.1,0.0
ENSG00000284717.1,0.0
ENSG00000284718.1,0.0
ENSG00000284719.4,2.414968
ENSG00000284720.2,0.0
ENSG00000284721.1,0.0
ENSG00000284722.2,0.0
ENSG00000284723.2,0.0
ENSG00000284724.1,0.0
ENSG00000284725.1,0.0
ENSG00000284726.1,1.07873
ENSG00000284727.2,0.0
ENSG00000284728.1,0.0
ENSG00000284730.2,0.0
ENSG00000284731.1,0.0
ENSG00000284732.1,0.0
ENSG00000284733.2,0.0
ENSG00000284734.2,2.081385
ENSG00000284735.1,0.0
ENSG00000284736.1,0.0
ENSG00000284738.3,0.46814799999999995
ENSG00000284739.2,0.0
ENSG00000284740.3,0.0
ENSG00000284742.1,0.0
ENSG00000284743.2,0.0
ENSG00000284744.1,0.0
ENSG00000284745.2,0.0
ENSG00000284746.1,0.0
ENSG00000284747.1,0.33392499999999997
ENSG00000284748.2,0.0
ENSG00000284749.2,0.0
ENSG00000284751.1,0.0
ENSG00000284752.3,0.0
ENSG00000284753.2,6.812972
ENSG00000284754.2,0.0
ENSG00000284756.3,0.0
ENSG00000284760.1,0.0
ENSG00000284762.1,0.0
ENSG00000284763.1,0.0
ENSG00000284764.2,0.0
ENSG00000284770.2,5.006908
ENSG00000284772.1,0.0
ENSG00000284773.1,1.122223
ENSG00000284775.1,0.0
ENSG00000284776.1,12.640188
ENSG00000284778.1,0.0
ENSG00000284779.3,0.0
ENSG00000284781.1,0.0
ENSG00000284782.2,0.0
ENSG00000284783.2,0.0
ENSG00000284788.1,0.0
ENSG00000284791.2,0.0
ENSG00000284792.2,12.797553
ENSG00000284796.3,0.0
ENSG00000284797.2,0.0
ENSG00000284799.1,0.0
ENSG00000284800.2,0.0
ENSG00000284801.1,0.0
ENSG00000284803.1,0.0
ENSG00000284804.2,0.0
ENSG00000284806.1,0.0
ENSG00000284807.3,44.699727
ENSG00000284808.2,0.0
ENSG00000284809.1,0.0
ENSG00000284810.2,0.0
ENSG00000284812.1,0.090651
ENSG00000284814.1,0.0
ENSG00000284820.1,0.534802
ENSG00000284823.2,0.676898
ENSG00000284825.1,0.0
ENSG00000284829.1,0.0
ENSG00000284830.1,0.282973
ENSG00000284832.2,41.752939
ENSG00000284834.1,0.0
ENSG00000284836.1,0.0
ENSG00000284837.1,0.136449
ENSG00000284839.2,0.0
ENSG00000284840.1,0.0
ENSG00000284842.1,0.0
ENSG00000284844.2,0.0
ENSG00000284846.2,0.0
ENSG00000284847.1,0.0
ENSG00000284848.3,0.202436
ENSG00000284851.2,0.0
ENSG00000284854.1,0.0
ENSG00000284856.1,0.0
ENSG00000284858.1,0.0
ENSG00000284859.2,0.0
ENSG00000284862.3,0.0
ENSG00000284864.1,0.0
ENSG00000284869.2,14.994033
ENSG00000284872.2,0.0
ENSG00000284873.1,0.0
ENSG00000284874.1,3.900454
ENSG00000284876.1,0.0
ENSG00000284877.1,0.0
ENSG00000284878.1,0.0
ENSG00000284879.1,2.9132930000000004
ENSG00000284881.2,0.0
ENSG00000284882.3,13.428987
ENSG00000284883.2,0.0
ENSG00000284887.1,0.0
ENSG00000284891.1,0.0
ENSG00000284892.1,0.0
ENSG00000284895.1,0.0
ENSG00000284902.1,0.0
ENSG00000284903.3,0.0
ENSG00000284906.3,0.103124
ENSG00000284907.2,0.0
ENSG00000284909.1,0.0
ENSG00000284910.1,0.989933
ENSG00000284912.1,0.207831
ENSG00000284913.2,0.0
ENSG00000284914.2,0.0
ENSG00000284915.3,0.0
ENSG00000284917.1,0.0
ENSG00000284919.1,0.0
ENSG00000284920.1,0.0
ENSG00000284921.1,0.0
ENSG00000284922.2,0.0
ENSG00000284924.2,0.0
ENSG00000284926.1,0.0
ENSG00000284927.2,0.0
ENSG00000284928.2,0.0
ENSG00000284931.1,656.756295
ENSG00000284932.1,0.0
ENSG00000284933.2,0.0
ENSG00000284934.3,0.0
ENSG00000284935.1,0.0
ENSG00000284938.4,0.0
ENSG00000284943.1,0.0
ENSG00000284946.1,0.096022
ENSG00000284948.1,1.560875
ENSG00000284949.2,0.0
ENSG00000284951.1,0.0
ENSG00000284952.1,0.0
ENSG00000284954.1,0.0
ENSG00000284956.1,0.850335
ENSG00000284957.1,0.0
ENSG00000284959.4,0.655469
ENSG00000284960.1,0.0
ENSG00000284964.1,0.0
ENSG00000284965.1,0.0
ENSG00000284966.3,0.0
ENSG00000284967.3,79.947644
ENSG00000284968.1,0.62966
ENSG00000284969.1,0.0
ENSG00000284974.1,0.0
ENSG00000284975.1,0.0
ENSG00000284976.2,0.0
ENSG00000284977.4,3.0977870000000003
ENSG00000284981.2,0.0
ENSG00000284983.2,317.003518
ENSG00000284985.1,0.0
ENSG00000284986.1,0.0
ENSG00000284987.1,0.554131
ENSG00000284988.1,0.0
ENSG00000284989.1,0.923994
ENSG00000284990.2,0.0
ENSG00000284991.1,0.0
ENSG00000284994.2,0.0
ENSG00000284995.1,0.0
ENSG00000284999.2,0.0
ENSG00000285000.1,0.345324
ENSG00000285002.2,0.0
ENSG00000285007.2,3.767864
ENSG00000285010.2,0.0
ENSG00000285012.2,0.0
ENSG00000285014.1,0.0
ENSG00000285016.2,0.0
ENSG00000285018.2,0.161655
ENSG00000285020.1,0.0
ENSG00000285022.2,0.565642
ENSG00000285025.1,0.0
ENSG00000285027.1,0.0
ENSG00000285030.1,0.0
ENSG00000285032.3,1.109329
ENSG00000285035.3,0.0
ENSG00000285037.1,0.0
ENSG00000285038.2,0.0
ENSG00000285040.2,0.0
ENSG00000285041.2,0.0
ENSG00000285042.1,0.0
ENSG00000285043.3,5.088895
ENSG00000285044.2,0.0
ENSG00000285045.1,0.0
ENSG00000285048.2,33.89441
ENSG00000285051.3,0.990221
ENSG00000285053.1,0.219829
ENSG00000285057.1,0.0
ENSG00000285059.2,0.0
ENSG00000285062.1,0.0
ENSG00000285063.1,0.0
ENSG00000285064.2,0.0
ENSG00000285066.1,0.0
ENSG00000285067.2,0.0
ENSG00000285068.2,0.0
ENSG00000285071.2,0.0
ENSG00000285074.1,0.0
ENSG00000285077.4,0.0
ENSG00000285079.2,0.0
ENSG00000285080.2,0.0
ENSG00000285081.1,0.0
ENSG00000285082.3,0.457268
ENSG00000285084.3,0.393756
ENSG00000285085.1,0.0
ENSG00000285090.2,0.0
ENSG00000285091.1,0.0
ENSG00000285094.2,0.0
ENSG00000285095.3,0.0
ENSG00000285097.1,0.0
ENSG00000285098.2,0.0
ENSG00000285100.1,0.0
ENSG00000285101.1,2.131627
ENSG00000285102.1,0.0
ENSG00000285103.2,0.0
ENSG00000285104.1,0.0
ENSG00000285105.1,0.0
ENSG00000285109.4,0.0
ENSG00000285111.2,0.0
ENSG00000285113.1,0.0
ENSG00000285114.3,0.147658
ENSG00000285115.1,0.0
ENSG00000285116.1,0.0
ENSG00000285117.2,0.0
ENSG00000285119.1,0.577111
ENSG00000285121.2,12.416035
ENSG00000285122.1,0.0
ENSG00000285124.2,0.0
ENSG00000285127.1,0.0
ENSG00000285128.1,0.0
ENSG00000285129.1,0.0
ENSG00000285130.2,0.254026
ENSG00000285132.3,70.704521
ENSG00000285133.1,0.0
ENSG00000285135.1,0.0
ENSG00000285141.2,0.0
ENSG00000285142.1,0.0
ENSG00000285147.2,0.0
ENSG00000285149.1,0.0
ENSG00000285151.1,0.0
ENSG00000285152.2,0.0
ENSG00000285154.1,0.0
ENSG00000285156.2,0.0
ENSG00000285157.1,0.0
ENSG00000285158.1,0.0
ENSG00000285159.2,0.746872
ENSG00000285160.1,0.0
ENSG00000285163.2,0.0
ENSG00000285165.1,0.0
ENSG00000285169.3,0.0
ENSG00000285171.1,1.656609
ENSG00000285176.2,0.0
ENSG00000285177.2,0.0
ENSG00000285179.1,0.0
ENSG00000285181.2,0.0
ENSG00000285184.6,0.161713
ENSG00000285185.1,0.0
ENSG00000285186.2,0.0
ENSG00000285187.2,0.0
ENSG00000285188.1,0.0
ENSG00000285190.2,0.0
ENSG00000285192.2,0.0
ENSG00000285193.1,0.0
ENSG00000285195.1,0.0
ENSG00000285199.1,4.578096
ENSG00000285201.1,0.0
ENSG00000285202.1,0.0
ENSG00000285205.2,0.0
ENSG00000285210.2,1.052487
ENSG00000285211.1,0.0
ENSG00000285212.2,0.0
ENSG00000285215.3,0.0
ENSG00000285216.2,0.0
ENSG00000285218.1,0.0
ENSG00000285219.5,1.073612
ENSG00000285222.3,0.0
ENSG00000285224.2,0.0
ENSG00000285228.1,0.0
ENSG00000285229.2,0.0
ENSG00000285230.4,1.209317
ENSG00000285231.2,0.0
ENSG00000285234.1,0.0
ENSG00000285236.3,1.6596920000000002
ENSG00000285237.1,0.0
ENSG00000285238.2,10.333495
ENSG00000285239.1,0.0
ENSG00000285243.3,0.137228
ENSG00000285244.2,0.0
ENSG00000285245.1,1.033874
ENSG00000285247.1,0.0
ENSG00000285250.2,16.639777
ENSG00000285253.1,0.0
ENSG00000285254.2,0.0
ENSG00000285257.1,0.0
ENSG00000285260.1,0.0
ENSG00000285261.1,0.0
ENSG00000285263.1,0.0
ENSG00000285264.1,0.0
ENSG00000285268.1,0.0
ENSG00000285269.2,0.110408
ENSG00000285275.2,0.0
ENSG00000285276.1,0.0
ENSG00000285277.2,0.0
ENSG00000285278.2,0.0
ENSG00000285280.3,0.0
ENSG00000285282.2,1.6273579999999999
ENSG00000285283.1,0.0
ENSG00000285284.2,0.0
ENSG00000285286.3,0.0
ENSG00000285287.1,0.0
ENSG00000285290.1,0.0
ENSG00000285292.1,14.112206
ENSG00000285294.2,0.0
ENSG00000285295.1,0.0
ENSG00000285297.1,0.0
ENSG00000285300.2,0.0
ENSG00000285302.5,1.206295
ENSG00000285303.1,0.0
ENSG00000285304.1,8.561634
ENSG00000285312.1,0.0
ENSG00000285314.1,0.164839
ENSG00000285316.3,0.0
ENSG00000285321.1,0.402825
ENSG00000285323.1,0.0
ENSG00000285325.1,0.0
ENSG00000285327.2,0.0
ENSG00000285328.2,0.0
ENSG00000285329.1,0.0
ENSG00000285330.1,0.0
ENSG00000285331.2,1.903463
ENSG00000285336.1,0.0
ENSG00000285337.1,0.0
ENSG00000285338.1,0.0
ENSG00000285339.2,313.03641400000004
ENSG00000285343.2,0.0
ENSG00000285345.1,0.0
ENSG00000285346.1,0.0
ENSG00000285347.2,0.0
ENSG00000285349.1,0.0
ENSG00000285350.2,0.0
ENSG00000285351.3,0.0
ENSG00000285354.1,0.0
ENSG00000285355.1,0.508543
ENSG00000285359.2,0.0
ENSG00000285360.2,2.242738
ENSG00000285361.1,0.0
ENSG00000285366.1,0.0
ENSG00000285367.4,0.0
ENSG00000285368.1,1.154476
ENSG00000285369.3,2.184744
ENSG00000285372.2,0.0
ENSG00000285373.3,0.0
ENSG00000285374.1,0.0
ENSG00000285375.1,0.0
ENSG00000285381.1,0.0
ENSG00000285382.1,0.167477
ENSG00000285384.1,0.0
ENSG00000285388.1,0.0
ENSG00000285392.1,1.74963
ENSG00000285395.3,0.0
ENSG00000285397.2,0.0
ENSG00000285398.1,0.0
ENSG00000285400.2,0.0
ENSG00000285401.1,0.0
ENSG00000285402.2,0.0
ENSG00000285403.1,0.0
ENSG00000285404.1,0.0
ENSG00000285405.1,0.0
ENSG00000285407.2,0.0
ENSG00000285408.1,0.281586
ENSG00000285409.1,0.0
ENSG00000285410.1,2.209779
ENSG00000285412.2,0.0
ENSG00000285413.2,0.330511
ENSG00000285416.1,0.0
ENSG00000285417.2,0.0
ENSG00000285419.1,0.0
ENSG00000285420.1,0.0
ENSG00000285422.2,0.0
ENSG00000285426.4,20.436742
ENSG00000285427.1,0.0
ENSG00000285435.3,0.0
ENSG00000285437.2,76.829094
ENSG00000285438.2,0.0
ENSG00000285444.1,0.38292
ENSG00000285445.1,0.0
ENSG00000285446.1,0.0
ENSG00000285448.1,0.446336
ENSG00000285449.1,0.0
ENSG00000285450.1,0.0
ENSG00000285452.2,0.0
ENSG00000285454.2,0.282569
ENSG00000285457.1,0.0
ENSG00000285458.1,0.0
ENSG00000285459.1,0.50893
ENSG00000285462.2,0.0
ENSG00000285463.1,0.0
ENSG00000285467.1,0.0
ENSG00000285468.1,0.0
ENSG00000285469.1,0.0
ENSG00000285470.1,0.0
ENSG00000285471.1,0.0
ENSG00000285472.1,0.0
ENSG00000285473.1,0.0
ENSG00000285474.1,0.0
ENSG00000285475.1,0.0
ENSG00000285479.3,0.0
ENSG00000285480.2,0.0
ENSG00000285483.2,0.0
ENSG00000285486.2,0.05745
ENSG00000285490.1,0.0
ENSG00000285491.1,0.0
ENSG00000285492.3,0.937629
ENSG00000285493.3,0.0
ENSG00000285494.1,0.0
ENSG00000285496.1,0.0
ENSG00000285497.4,0.0
ENSG00000285498.1,0.0
ENSG00000285501.2,0.0
ENSG00000285504.1,0.0
ENSG00000285505.1,0.0
ENSG00000285506.1,0.0
ENSG00000285507.3,0.0
ENSG00000285508.2,0.0
ENSG00000285509.1,0.341434
ENSG00000285513.1,0.0
ENSG00000285515.2,0.0
ENSG00000285517.3,0.0
ENSG00000285518.1,0.0
ENSG00000285519.1,0.0
ENSG00000285520.1,0.0
ENSG00000285521.2,0.0
ENSG00000285522.1,0.0
ENSG00000285523.2,0.0
ENSG00000285524.2,0.0
ENSG00000285525.1,0.0
ENSG00000285526.1,0.0
ENSG00000285527.1,0.0
ENSG00000285528.1,0.0
ENSG00000285529.1,0.0
ENSG00000285530.2,0.0
ENSG00000285531.1,0.0
ENSG00000285532.2,0.0
ENSG00000285533.5,7.842325000000001
ENSG00000285534.2,0.5474519999999999
ENSG00000285536.2,0.0
ENSG00000285537.1,0.0
ENSG00000285538.1,0.0
ENSG00000285539.1,0.0
ENSG00000285540.2,0.115168
ENSG00000285541.1,0.259364
ENSG00000285542.1,0.105365
ENSG00000285543.2,0.0
ENSG00000285545.1,0.0
ENSG00000285547.1,0.257276
ENSG00000285548.1,0.0
ENSG00000285549.2,0.0
ENSG00000285550.2,0.0
ENSG00000285551.2,0.0
ENSG00000285552.1,0.0
ENSG00000285553.1,0.0
ENSG00000285554.2,5.345881
ENSG00000285555.1,0.0
ENSG00000285556.1,0.0
ENSG00000285557.2,2.733968
ENSG00000285558.1,0.0
ENSG00000285559.1,0.0
ENSG00000285560.1,0.0
ENSG00000285561.2,0.0
ENSG00000285562.1,0.0
ENSG00000285563.1,0.0
ENSG00000285564.3,0.038596
ENSG00000285566.2,0.0
ENSG00000285567.3,0.275776
ENSG00000285568.1,0.0
ENSG00000285569.5,0.0
ENSG00000285570.2,0.0
ENSG00000285571.1,0.0
ENSG00000285572.3,0.0
ENSG00000285573.2,0.0
ENSG00000285575.2,0.0
ENSG00000285576.2,0.0
ENSG00000285577.1,0.387689
ENSG00000285578.2,0.0
ENSG00000285579.2,0.0
ENSG00000285580.1,0.0
ENSG00000285581.1,0.09923
ENSG00000285582.1,0.039051
ENSG00000285583.1,1.382845
ENSG00000285585.1,0.0
ENSG00000285586.2,0.0
ENSG00000285587.2,0.0
ENSG00000285588.1,0.0
ENSG00000285589.1,3.888682
ENSG00000285590.2,0.0
ENSG00000285591.1,0.0
ENSG00000285592.2,0.0
ENSG00000285593.2,0.0
ENSG00000285594.2,0.0
ENSG00000285595.1,0.0
ENSG00000285597.1,0.0
ENSG00000285598.1,0.0
ENSG00000285599.1,0.0
ENSG00000285600.3,0.0
ENSG00000285601.2,0.0
ENSG00000285602.1,0.0
ENSG00000285603.2,0.0
ENSG00000285604.1,0.0
ENSG00000285605.1,0.0
ENSG00000285606.1,0.0
ENSG00000285607.1,0.0
ENSG00000285608.1,0.0
ENSG00000285609.1,0.0
ENSG00000285610.1,0.0
ENSG00000285611.3,0.0
ENSG00000285612.1,0.0
ENSG00000285613.1,0.0
ENSG00000285614.1,0.0
ENSG00000285615.2,0.0
ENSG00000285616.1,0.0
ENSG00000285618.1,3.142972
ENSG00000285619.1,0.0
ENSG00000285620.1,0.0
ENSG00000285621.2,0.0
ENSG00000285623.1,0.0
ENSG00000285624.3,0.0
ENSG00000285625.1,0.0
ENSG00000285626.1,0.0
ENSG00000285627.1,0.0
ENSG00000285628.1,0.520325
ENSG00000285629.1,0.0
ENSG00000285630.2,0.0
ENSG00000285631.1,0.0
ENSG00000285632.2,0.0
ENSG00000285633.1,0.051215
ENSG00000285634.4,0.141127
ENSG00000285635.1,0.0
ENSG00000285636.2,0.0
ENSG00000285637.3,0.0
ENSG00000285638.1,0.0
ENSG00000285639.2,0.0
ENSG00000285640.2,0.0
ENSG00000285641.1,1.506284
ENSG00000285642.1,0.0
ENSG00000285643.1,0.0
ENSG00000285644.2,0.0
ENSG00000285645.1,0.0
ENSG00000285646.3,0.0
ENSG00000285647.2,0.0
ENSG00000285648.2,0.0
ENSG00000285649.2,0.0
ENSG00000285650.1,0.0
ENSG00000285651.1,0.0
ENSG00000285652.1,0.0
ENSG00000285653.1,0.0
ENSG00000285654.1,0.0
ENSG00000285655.1,0.0
ENSG00000285658.1,0.482727
ENSG00000285659.1,0.0
ENSG00000285661.1,0.0
ENSG00000285662.3,0.0
ENSG00000285663.1,0.0
ENSG00000285664.3,0.0
ENSG00000285665.1,0.507181
ENSG00000285666.2,0.0
ENSG00000285667.2,2.409274
ENSG00000285668.2,10.210617
ENSG00000285669.1,0.354022
ENSG00000285670.2,0.0
ENSG00000285671.1,0.0
ENSG00000285672.1,0.0
ENSG00000285674.1,0.0
ENSG00000285675.3,0.0
ENSG00000285676.4,3.836418
ENSG00000285677.3,0.0
ENSG00000285679.3,0.0
ENSG00000285680.3,0.0
ENSG00000285681.2,0.0
ENSG00000285683.3,0.0
ENSG00000285684.1,0.0
ENSG00000285685.1,0.0
ENSG00000285686.2,0.0
ENSG00000285687.1,0.0
ENSG00000285688.1,0.0
ENSG00000285689.1,0.0
ENSG00000285690.1,0.0
ENSG00000285691.2,0.0
ENSG00000285692.1,0.0
ENSG00000285693.3,17.302476
ENSG00000285694.2,0.0
ENSG00000285695.1,0.111921
ENSG00000285696.1,0.0
ENSG00000285697.2,0.0
ENSG00000285698.2,0.0
ENSG00000285699.2,0.0
ENSG00000285700.2,0.0
ENSG00000285701.2,0.0
ENSG00000285702.1,3.805317
ENSG00000285703.2,0.0
ENSG00000285704.1,0.0
ENSG00000285705.2,0.0
ENSG00000285706.1,0.0
ENSG00000285707.1,0.0
ENSG00000285708.1,0.0
ENSG00000285709.1,0.0
ENSG00000285710.1,0.0
ENSG00000285711.2,0.0
ENSG00000285712.2,0.0
ENSG00000285713.1,0.0
ENSG00000285714.2,0.0
ENSG00000285715.1,0.0
ENSG00000285716.1,0.0
ENSG00000285717.1,0.0
ENSG00000285718.2,0.0
ENSG00000285722.2,0.0
ENSG00000285724.2,0.0
ENSG00000285725.2,14.839177
ENSG00000285726.2,0.0
ENSG00000285727.1,0.0
ENSG00000285728.4,0.638658
ENSG00000285729.1,0.0
ENSG00000285730.1,0.274414
ENSG00000285731.2,0.0
ENSG00000285732.1,0.0
ENSG00000285733.1,0.0
ENSG00000285734.2,0.0
ENSG00000285735.3,0.0
ENSG00000285736.2,0.0
ENSG00000285737.2,0.194183
ENSG00000285738.2,0.0
ENSG00000285739.2,0.0
ENSG00000285740.1,0.0
ENSG00000285741.2,0.0
ENSG00000285742.1,0.0
ENSG00000285744.2,0.078183
ENSG00000285745.1,0.0
ENSG00000285746.1,0.0
ENSG00000285747.1,0.0
ENSG00000285748.2,0.0
ENSG00000285749.3,0.0
ENSG00000285750.1,0.0
ENSG00000285751.2,0.0
ENSG00000285752.1,0.186629
ENSG00000285753.1,0.0
ENSG00000285754.1,0.0
ENSG00000285755.3,0.0
ENSG00000285756.3,8.918968
ENSG00000285758.3,0.0
ENSG00000285760.1,0.0
ENSG00000285761.2,0.618008
ENSG00000285763.2,0.0
ENSG00000285764.1,0.0
ENSG00000285765.1,0.0
ENSG00000285768.2,0.0
ENSG00000285770.1,0.0
ENSG00000285771.2,0.0
ENSG00000285772.1,0.0
ENSG00000285773.2,0.0
ENSG00000285774.6,0.9451360000000001
ENSG00000285775.2,0.0
ENSG00000285776.1,0.0
ENSG00000285777.1,0.0
ENSG00000285778.2,0.0
ENSG00000285779.1,0.0
ENSG00000285780.3,0.0
ENSG00000285781.1,0.0
ENSG00000285783.1,0.0
ENSG00000285784.1,0.0
ENSG00000285785.2,0.0
ENSG00000285786.1,0.0
ENSG00000285788.1,0.0
ENSG00000285789.1,0.0
ENSG00000285790.2,0.0
ENSG00000285791.1,0.252722
ENSG00000285792.1,0.0
ENSG00000285793.2,14.286347000000001
ENSG00000285794.1,0.0
ENSG00000285795.1,0.0
ENSG00000285796.2,0.438592
ENSG00000285797.2,0.0
ENSG00000285798.1,0.0
ENSG00000285799.2,0.0
ENSG00000285800.2,0.0
ENSG00000285801.2,0.0
ENSG00000285802.2,0.0
ENSG00000285803.2,0.0
ENSG00000285804.2,0.0
ENSG00000285805.2,0.0
ENSG00000285806.2,0.0
ENSG00000285807.1,0.0
ENSG00000285809.1,0.0
ENSG00000285810.2,0.0
ENSG00000285811.1,0.0
ENSG00000285812.1,0.0
ENSG00000285813.1,0.0
ENSG00000285814.1,0.0
ENSG00000285815.1,0.603697
ENSG00000285816.1,1.628062
ENSG00000285817.1,0.0
ENSG00000285818.1,0.0
ENSG00000285819.2,0.0
ENSG00000285820.1,0.0
ENSG00000285821.2,0.0
ENSG00000285822.1,0.0
ENSG00000285823.1,0.0
ENSG00000285824.1,0.0
ENSG00000285825.3,0.0
ENSG00000285826.2,0.0
ENSG00000285827.1,0.0
ENSG00000285829.2,0.0
ENSG00000285830.1,0.318048
ENSG00000285831.2,0.0
ENSG00000285832.1,0.0
ENSG00000285833.1,0.0
ENSG00000285834.1,0.0
ENSG00000285835.2,0.0
ENSG00000285836.1,0.0
ENSG00000285837.1,0.0
ENSG00000285838.3,0.0
ENSG00000285839.1,2.103646
ENSG00000285840.3,0.175158
ENSG00000285841.1,0.0
ENSG00000285842.2,0.0
ENSG00000285843.1,0.0
ENSG00000285844.2,0.0
ENSG00000285846.1,0.0
ENSG00000285847.3,0.0
ENSG00000285848.1,0.0
ENSG00000285849.1,0.0
ENSG00000285850.1,0.0
ENSG00000285851.1,2.486647
ENSG00000285852.2,0.0
ENSG00000285854.1,0.090686
ENSG00000285855.1,0.0
ENSG00000285856.1,0.0
ENSG00000285857.1,0.0
ENSG00000285858.2,0.0
ENSG00000285859.1,0.0
ENSG00000285860.2,0.0
ENSG00000285861.1,0.0
ENSG00000285862.1,0.0
ENSG00000285863.1,0.0
ENSG00000285864.1,0.0
ENSG00000285865.1,0.0
ENSG00000285866.2,0.0
ENSG00000285867.1,0.0
ENSG00000285868.1,0.0
ENSG00000285869.2,0.0
ENSG00000285870.2,0.0
ENSG00000285871.1,0.0
ENSG00000285872.4,0.0
ENSG00000285873.2,0.359072
ENSG00000285876.2,0.0
ENSG00000285878.1,0.0
ENSG00000285879.1,0.0
ENSG00000285880.1,0.0
ENSG00000285881.2,0.0
ENSG00000285882.1,0.0
ENSG00000285883.1,0.0
ENSG00000285884.4,0.966389
ENSG00000285885.2,0.0
ENSG00000285886.1,1.056775
ENSG00000285887.1,0.059847
ENSG00000285888.1,0.0
ENSG00000285889.1,0.0
ENSG00000285890.1,0.0
ENSG00000285891.2,0.0
ENSG00000285892.2,0.0
ENSG00000285894.3,0.0
ENSG00000285895.1,0.0
ENSG00000285896.2,0.0
ENSG00000285897.1,0.0
ENSG00000285898.1,0.097703
ENSG00000285899.2,0.0
ENSG00000285900.1,0.0
ENSG00000285901.2,1.907003
ENSG00000285902.2,0.0
ENSG00000285904.2,0.0
ENSG00000285905.1,0.0
ENSG00000285906.3,0.390642
ENSG00000285907.2,0.700219
ENSG00000285908.1,0.0
ENSG00000285909.2,0.0
ENSG00000285910.2,0.0
ENSG00000285911.2,0.0
ENSG00000285912.1,0.0
ENSG00000285913.1,0.0
ENSG00000285914.2,0.0
ENSG00000285915.2,0.0
ENSG00000285917.1,0.0
ENSG00000285918.1,0.0
ENSG00000285919.1,0.0
ENSG00000285920.2,0.0
ENSG00000285921.1,0.0
ENSG00000285923.2,0.0
ENSG00000285925.1,0.0
ENSG00000285926.2,0.0
ENSG00000285927.2,0.0
ENSG00000285928.1,0.0
ENSG00000285929.1,0.0
ENSG00000285930.1,0.0
ENSG00000285931.1,0.0
ENSG00000285932.1,0.0
ENSG00000285934.2,0.218045
ENSG00000285935.1,0.0
ENSG00000285936.1,0.0
ENSG00000285937.1,0.0
ENSG00000285938.2,0.0
ENSG00000285939.3,0.0
ENSG00000285940.5,0.0
ENSG00000285941.1,0.0
ENSG00000285942.1,1.209832
ENSG00000285943.1,0.090104
ENSG00000285944.2,0.0
ENSG00000285945.1,0.0
ENSG00000285946.2,0.0
ENSG00000285947.1,0.0
ENSG00000285948.2,0.0
ENSG00000285949.1,0.0
ENSG00000285950.1,0.0
ENSG00000285952.1,0.0
ENSG00000285953.2,0.0
ENSG00000285954.1,0.0
ENSG00000285955.2,0.0
ENSG00000285957.1,0.0
ENSG00000285958.2,0.067849
ENSG00000285959.1,0.0
ENSG00000285960.1,0.0
ENSG00000285961.2,0.0
ENSG00000285962.2,0.0
ENSG00000285963.1,0.0
ENSG00000285964.2,0.0
ENSG00000285966.1,0.0
ENSG00000285967.2,0.60483
ENSG00000285968.2,0.0
ENSG00000285969.1,0.0
ENSG00000285970.1,0.0
ENSG00000285971.2,0.0
ENSG00000285972.2,1.233549
ENSG00000285973.2,0.0
ENSG00000285974.1,0.0
ENSG00000285975.1,0.0
ENSG00000285976.4,0.048486
ENSG00000285977.2,0.0
ENSG00000285978.1,0.0
ENSG00000285979.1,0.0
ENSG00000285980.3,0.0
ENSG00000285981.1,0.0
ENSG00000285982.1,0.0
ENSG00000285984.1,0.0
ENSG00000285985.2,0.0
ENSG00000285986.1,0.0
ENSG00000285987.2,0.0
ENSG00000285989.1,0.0
ENSG00000285990.1,0.0
ENSG00000285991.1,0.0
ENSG00000285992.1,0.0
ENSG00000285993.1,0.0
ENSG00000285994.1,0.0
ENSG00000285995.1,0.0
ENSG00000285996.1,0.0
ENSG00000285997.1,0.0
ENSG00000285998.1,0.0
ENSG00000285999.1,0.283695
ENSG00000286000.1,0.0
ENSG00000286001.1,0.983211
ENSG00000286002.2,0.0
ENSG00000286003.1,0.0
ENSG00000286004.1,0.0
ENSG00000286005.1,0.0
ENSG00000286006.3,0.0
ENSG00000286007.1,0.0
ENSG00000286008.1,0.0
ENSG00000286009.3,0.0
ENSG00000286010.2,0.453716
ENSG00000286011.2,0.0
ENSG00000286012.1,0.0
ENSG00000286013.2,0.0
ENSG00000286015.1,0.0
ENSG00000286017.1,0.523001
ENSG00000286018.1,0.0
ENSG00000286019.3,0.205559
ENSG00000286020.2,0.0
ENSG00000286021.4,0.235212
ENSG00000286022.1,0.0
ENSG00000286023.2,0.0
ENSG00000286024.4,0.0
ENSG00000286025.2,0.0
ENSG00000286027.1,0.0
ENSG00000286028.2,0.0
ENSG00000286030.2,0.0
ENSG00000286031.1,0.0
ENSG00000286032.1,0.0
ENSG00000286033.2,0.406767
ENSG00000286034.2,0.0
ENSG00000286035.1,0.144569
ENSG00000286036.1,0.0
ENSG00000286037.1,0.0
ENSG00000286038.2,0.0
ENSG00000286039.4,0.295574
ENSG00000286040.2,1.772674
ENSG00000286041.2,0.0
ENSG00000286042.2,0.0
ENSG00000286043.2,0.0
ENSG00000286044.2,0.0
ENSG00000286045.1,0.529669
ENSG00000286046.2,0.0
ENSG00000286047.1,0.0
ENSG00000286048.1,0.0
ENSG00000286049.1,0.0
ENSG00000286050.2,0.0
ENSG00000286051.1,0.0
ENSG00000286052.1,0.0
ENSG00000286053.2,0.0
ENSG00000286055.1,0.0
ENSG00000286056.1,0.0
ENSG00000286057.1,0.0
ENSG00000286058.3,0.0
ENSG00000286059.2,0.0
ENSG00000286060.2,0.0
ENSG00000286061.3,0.0
ENSG00000286062.3,0.0
ENSG00000286063.1,0.0
ENSG00000286064.1,0.0
ENSG00000286066.2,0.0
ENSG00000286067.1,0.103
ENSG00000286068.1,0.0
ENSG00000286069.3,0.0
ENSG00000286070.2,14.275390000000002
ENSG00000286071.4,0.0
ENSG00000286072.2,0.970635
ENSG00000286073.1,0.0
ENSG00000286074.2,0.0
ENSG00000286075.3,1.972855
ENSG00000286076.3,1.058573
ENSG00000286077.1,0.0
ENSG00000286078.1,0.0
ENSG00000286081.3,0.0
ENSG00000286082.2,0.0
ENSG00000286083.2,0.0
ENSG00000286084.4,0.23336
ENSG00000286085.2,0.0
ENSG00000286086.2,0.0
ENSG00000286088.1,0.191661
ENSG00000286089.1,0.987148
ENSG00000286090.1,0.0
ENSG00000286092.1,0.0
ENSG00000286093.1,0.0
ENSG00000286095.3,1.017603
ENSG00000286096.1,0.0
ENSG00000286097.1,0.0
ENSG00000286098.1,0.0
ENSG00000286099.2,0.0
ENSG00000286100.1,0.0
ENSG00000286101.2,0.0
ENSG00000286102.1,0.0
ENSG00000286105.2,0.0
ENSG00000286106.3,0.0
ENSG00000286107.1,0.12938
ENSG00000286108.1,0.0
ENSG00000286109.2,0.0
ENSG00000286110.2,0.0
ENSG00000286112.1,0.330403
ENSG00000286113.3,0.0
ENSG00000286114.1,0.0
ENSG00000286115.2,0.0
ENSG00000286116.1,0.117328
ENSG00000286117.3,0.0
ENSG00000286118.2,0.994516
ENSG00000286119.1,0.0
ENSG00000286120.1,0.0
ENSG00000286121.2,0.0
ENSG00000286122.2,0.697273
ENSG00000286123.2,0.0
ENSG00000286124.1,0.0
ENSG00000286125.4,0.0
ENSG00000286126.2,0.0
ENSG00000286127.1,0.0
ENSG00000286128.1,0.0
ENSG00000286129.1,1.172534
ENSG00000286130.1,1.491553
ENSG00000286131.1,0.0
ENSG00000286132.1,0.127458
ENSG00000286134.3,0.0
ENSG00000286135.1,0.0
ENSG00000286136.3,0.198815
ENSG00000286137.3,0.0
ENSG00000286138.4,0.0
ENSG00000286139.2,0.0
ENSG00000286140.2,17.269479
ENSG00000286141.2,0.0
ENSG00000286142.2,0.0
ENSG00000286143.1,0.0
ENSG00000286144.2,0.0
ENSG00000286145.3,1.072539
ENSG00000286146.1,0.0
ENSG00000286147.1,0.596326
ENSG00000286150.1,0.0
ENSG00000286151.1,0.0
ENSG00000286152.2,0.0
ENSG00000286153.2,0.0
ENSG00000286154.1,0.0
ENSG00000286155.1,0.0
ENSG00000286156.4,0.0
ENSG00000286157.1,0.0
ENSG00000286158.1,0.0
ENSG00000286159.1,0.0
ENSG00000286160.3,0.0
ENSG00000286161.1,0.0
ENSG00000286162.5,2.287592
ENSG00000286163.2,0.0
ENSG00000286165.1,0.0
ENSG00000286167.1,0.0
ENSG00000286168.3,0.0
ENSG00000286170.1,0.0
ENSG00000286171.1,0.0
ENSG00000286172.1,0.0
ENSG00000286173.1,0.0
ENSG00000286174.2,0.0
ENSG00000286175.1,0.0
ENSG00000286176.2,0.0
ENSG00000286177.1,1.721156
ENSG00000286179.2,0.0
ENSG00000286180.2,0.0
ENSG00000286181.1,0.06195
ENSG00000286182.1,0.698039
ENSG00000286183.1,0.0
ENSG00000286185.1,0.0
ENSG00000286186.2,0.0
ENSG00000286187.2,0.0
ENSG00000286188.1,0.0
ENSG00000286190.2,10.75357
ENSG00000286191.2,0.0
ENSG00000286192.1,0.0
ENSG00000286193.4,0.086602
ENSG00000286194.1,1.142378
ENSG00000286195.2,0.290648
ENSG00000286196.2,0.0
ENSG00000286197.2,0.0
ENSG00000286198.4,0.0
ENSG00000286199.2,0.0
ENSG00000286201.2,0.0
ENSG00000286202.1,0.0
ENSG00000286204.2,0.273066
ENSG00000286205.1,0.288108
ENSG00000286206.2,0.0
ENSG00000286207.2,0.139854
ENSG00000286208.2,0.0
ENSG00000286209.2,0.0
ENSG00000286210.2,0.0
ENSG00000286211.2,0.0
ENSG00000286212.2,0.0
ENSG00000286214.1,0.057324
ENSG00000286215.2,0.0
ENSG00000286216.2,0.0
ENSG00000286217.3,0.0
ENSG00000286218.2,0.0
ENSG00000286219.2,1.058033
ENSG00000286220.2,0.0
ENSG00000286221.1,0.0
ENSG00000286222.1,0.0
ENSG00000286223.2,0.0
ENSG00000286224.1,0.0
ENSG00000286225.1,0.0
ENSG00000286226.1,0.0
ENSG00000286227.1,0.0
ENSG00000286229.1,0.0
ENSG00000286230.2,0.11711
ENSG00000286231.1,7.894097
ENSG00000286232.1,0.0
ENSG00000286233.1,0.0
ENSG00000286234.2,0.0
ENSG00000286235.1,0.0
ENSG00000286236.2,0.981348
ENSG00000286237.1,0.0
ENSG00000286238.1,0.0
ENSG00000286239.1,0.453101
ENSG00000286240.1,0.0
ENSG00000286241.2,0.058555
ENSG00000286242.1,0.0
ENSG00000286243.1,0.0
ENSG00000286244.2,0.0
ENSG00000286245.1,0.0
ENSG00000286246.1,0.0
ENSG00000286247.2,0.0
ENSG00000286248.1,0.0
ENSG00000286249.1,0.0
ENSG00000286250.2,0.0
ENSG00000286251.3,0.0
ENSG00000286252.1,0.0
ENSG00000286253.1,0.0
ENSG00000286254.1,0.0
ENSG00000286255.1,0.0
ENSG00000286256.3,0.0
ENSG00000286257.3,0.0
ENSG00000286258.2,0.0
ENSG00000286259.1,0.0
ENSG00000286260.2,0.0
ENSG00000286263.2,0.195665
ENSG00000286264.2,6.831862
ENSG00000286266.1,0.0
ENSG00000286268.1,0.504586
ENSG00000286269.1,0.0
ENSG00000286270.2,0.0
ENSG00000286271.4,0.0
ENSG00000286272.2,1.911979
ENSG00000286273.1,0.0
ENSG00000286274.2,0.0
ENSG00000286275.1,0.0
ENSG00000286276.2,0.0
ENSG00000286277.2,0.26968000000000003
ENSG00000286278.1,0.0
ENSG00000286279.3,0.0
ENSG00000286280.2,0.0
ENSG00000286281.1,0.0
ENSG00000286282.1,0.0
ENSG00000286283.1,0.0
ENSG00000286284.1,0.0
ENSG00000286285.2,0.063398
ENSG00000286286.4,0.0
ENSG00000286288.3,13.854789
ENSG00000286289.2,0.0
ENSG00000286290.1,0.0
ENSG00000286291.1,0.0
ENSG00000286294.3,0.0
ENSG00000286295.1,0.078905
ENSG00000286296.1,0.0
ENSG00000286297.1,0.0
ENSG00000286298.1,0.0
ENSG00000286299.1,0.0
ENSG00000286300.1,0.0
ENSG00000286301.1,0.0
ENSG00000286302.1,0.0
ENSG00000286303.2,0.0
ENSG00000286305.1,0.0
ENSG00000286306.1,0.0
ENSG00000286307.1,0.0
ENSG00000286308.2,0.0
ENSG00000286309.2,0.0
ENSG00000286310.1,0.0
ENSG00000286311.2,0.0
ENSG00000286312.2,0.0
ENSG00000286313.3,0.981266
ENSG00000286314.1,0.0
ENSG00000286315.2,0.0
ENSG00000286316.1,0.0
ENSG00000286317.1,0.0
ENSG00000286318.1,0.0
ENSG00000286319.1,0.114222
ENSG00000286320.3,0.0
ENSG00000286321.2,0.0
ENSG00000286322.3,0.0
ENSG00000286323.1,0.0
ENSG00000286324.3,0.0
ENSG00000286325.1,0.0
ENSG00000286326.2,1.322945
ENSG00000286327.2,0.0
ENSG00000286328.1,0.0
ENSG00000286331.1,0.0
ENSG00000286332.1,0.0
ENSG00000286333.1,0.0
ENSG00000286334.1,0.0
ENSG00000286335.2,0.0
ENSG00000286337.1,0.0
ENSG00000286338.2,0.0
ENSG00000286339.2,0.0
ENSG00000286340.4,0.339339
ENSG00000286341.1,0.120084
ENSG00000286342.4,1.2442760000000002
ENSG00000286343.2,0.0
ENSG00000286344.2,0.0
ENSG00000286345.1,0.0
ENSG00000286346.2,0.0
ENSG00000286347.1,0.0
ENSG00000286348.1,0.0
ENSG00000286349.1,0.0
ENSG00000286350.2,0.0
ENSG00000286352.2,0.0
ENSG00000286353.2,0.0
ENSG00000286354.2,0.0
ENSG00000286355.2,0.0
ENSG00000286356.2,0.0
ENSG00000286357.2,0.0
ENSG00000286358.1,0.0
ENSG00000286359.2,0.0
ENSG00000286360.2,0.0
ENSG00000286361.1,0.0
ENSG00000286363.1,0.0
ENSG00000286364.1,0.0
ENSG00000286365.1,0.0
ENSG00000286366.2,7.417254
ENSG00000286367.1,0.0
ENSG00000286368.1,0.0
ENSG00000286369.3,0.254903
ENSG00000286370.2,0.0
ENSG00000286371.2,0.0
ENSG00000286372.1,0.0
ENSG00000286373.2,0.0
ENSG00000286375.2,0.0
ENSG00000286376.2,0.139096
ENSG00000286377.2,0.0
ENSG00000286378.2,0.0
ENSG00000286379.1,0.142301
ENSG00000286380.4,0.0
ENSG00000286381.2,0.144899
ENSG00000286382.1,0.0
ENSG00000286383.3,0.0
ENSG00000286384.1,0.0
ENSG00000286385.2,0.0
ENSG00000286386.2,0.0
ENSG00000286387.1,0.0
ENSG00000286388.1,0.643239
ENSG00000286389.3,0.08193
ENSG00000286390.1,0.0
ENSG00000286391.4,0.0
ENSG00000286393.1,0.135122
ENSG00000286394.1,0.0
ENSG00000286395.2,0.0
ENSG00000286396.1,0.0
ENSG00000286398.2,0.0
ENSG00000286399.2,0.879705
ENSG00000286400.1,0.0
ENSG00000286401.2,0.0
ENSG00000286402.1,0.0
ENSG00000286403.1,0.469182
ENSG00000286404.1,0.0
ENSG00000286405.1,0.416225
ENSG00000286406.2,0.0
ENSG00000286407.2,0.0
ENSG00000286408.1,0.0
ENSG00000286409.3,0.440072
ENSG00000286410.2,0.756154
ENSG00000286411.1,0.0
ENSG00000286412.1,0.133901
ENSG00000286413.1,0.0
ENSG00000286414.1,0.0
ENSG00000286415.2,0.383875
ENSG00000286416.2,0.0
ENSG00000286417.2,0.0
ENSG00000286418.2,0.0
ENSG00000286419.2,0.0
ENSG00000286421.2,0.0
ENSG00000286422.3,0.0
ENSG00000286423.2,0.0
ENSG00000286424.1,0.0
ENSG00000286425.1,0.0
ENSG00000286426.2,0.0
ENSG00000286427.2,0.0
ENSG00000286428.2,0.0
ENSG00000286429.2,0.0
ENSG00000286430.1,0.0
ENSG00000286431.2,0.0
ENSG00000286432.1,0.0
ENSG00000286433.1,0.0
ENSG00000286434.2,0.0
ENSG00000286435.2,0.0
ENSG00000286436.2,0.0
ENSG00000286437.1,0.0
ENSG00000286438.2,0.0
ENSG00000286440.1,0.0
ENSG00000286441.2,0.0
ENSG00000286442.2,0.0
ENSG00000286443.1,0.0
ENSG00000286444.1,0.0
ENSG00000286445.1,0.0
ENSG00000286446.2,0.0
ENSG00000286447.2,0.0
ENSG00000286448.2,1.025059
ENSG00000286449.1,0.0
ENSG00000286450.1,0.62988
ENSG00000286451.2,0.0
ENSG00000286452.2,0.0
ENSG00000286453.2,0.0
ENSG00000286454.2,0.0
ENSG00000286455.2,0.0
ENSG00000286456.4,2.727539
ENSG00000286457.2,0.0
ENSG00000286458.2,0.0
ENSG00000286459.1,0.0
ENSG00000286460.1,0.0
ENSG00000286461.1,0.0
ENSG00000286463.2,0.0
ENSG00000286464.1,0.0
ENSG00000286465.2,0.0
ENSG00000286467.1,0.0
ENSG00000286468.2,0.0
ENSG00000286469.2,0.0
ENSG00000286470.2,0.0
ENSG00000286471.1,0.0
ENSG00000286473.2,0.180712
ENSG00000286474.2,0.0
ENSG00000286476.1,0.0
ENSG00000286477.2,0.0
ENSG00000286478.2,0.0
ENSG00000286479.2,0.0
ENSG00000286480.1,0.0
ENSG00000286481.3,0.335246
ENSG00000286482.3,0.289571
ENSG00000286483.2,0.0
ENSG00000286484.2,0.0
ENSG00000286485.1,0.0
ENSG00000286486.1,0.0
ENSG00000286487.2,0.0
ENSG00000286488.1,5.502338
ENSG00000286489.2,0.0
ENSG00000286490.1,0.0
ENSG00000286491.4,0.0
ENSG00000286492.1,0.0
ENSG00000286493.2,0.0
ENSG00000286495.1,0.0
ENSG00000286496.2,0.662956
ENSG00000286497.1,0.0
ENSG00000286498.2,0.0
ENSG00000286500.1,0.0
ENSG00000286502.1,0.0
ENSG00000286503.2,0.0
ENSG00000286505.1,0.0
ENSG00000286507.2,3.353939
ENSG00000286508.2,0.0
ENSG00000286509.2,0.0
ENSG00000286510.1,0.0
ENSG00000286512.1,0.0
ENSG00000286513.2,0.0
ENSG00000286514.2,0.0
ENSG00000286515.1,0.0
ENSG00000286516.1,0.0
ENSG00000286517.1,0.0
ENSG00000286518.1,0.0
ENSG00000286520.1,0.0
ENSG00000286521.2,0.0
ENSG00000286522.2,0.0
ENSG00000286523.2,0.0
ENSG00000286524.1,0.0
ENSG00000286525.4,0.0
ENSG00000286526.2,0.0
ENSG00000286527.2,0.0
ENSG00000286528.1,0.0
ENSG00000286529.2,0.456608
ENSG00000286530.2,0.0
ENSG00000286531.2,0.216432
ENSG00000286532.3,1.076552
ENSG00000286533.2,0.0
ENSG00000286535.2,0.395156
ENSG00000286536.2,0.0
ENSG00000286537.2,0.0
ENSG00000286538.2,0.244527
ENSG00000286539.1,0.0
ENSG00000286540.2,0.0
ENSG00000286541.2,0.0
ENSG00000286543.2,0.0
ENSG00000286544.1,0.0
ENSG00000286545.1,0.115378
ENSG00000286546.2,0.0
ENSG00000286547.2,0.0
ENSG00000286548.1,0.0
ENSG00000286549.2,2.098992
ENSG00000286550.1,0.285331
ENSG00000286551.2,0.0
ENSG00000286552.2,0.0
ENSG00000286553.1,0.0
ENSG00000286554.2,0.0
ENSG00000286555.1,0.0
ENSG00000286556.1,0.0
ENSG00000286557.2,0.0
ENSG00000286558.2,0.0
ENSG00000286559.2,0.0
ENSG00000286560.1,0.0
ENSG00000286561.2,0.0
ENSG00000286562.2,0.0
ENSG00000286563.1,0.0
ENSG00000286565.2,0.0
ENSG00000286566.2,0.0
ENSG00000286567.1,0.0
ENSG00000286568.1,0.0
ENSG00000286569.1,0.0
ENSG00000286570.1,0.0
ENSG00000286573.2,0.0
ENSG00000286575.2,0.0
ENSG00000286576.1,0.0
ENSG00000286577.2,0.0
ENSG00000286578.1,0.0
ENSG00000286579.1,0.0
ENSG00000286580.2,0.0
ENSG00000286581.2,0.0
ENSG00000286582.1,0.0
ENSG00000286583.1,0.0
ENSG00000286584.4,0.0
ENSG00000286585.4,0.0
ENSG00000286586.2,0.0
ENSG00000286587.2,0.0
ENSG00000286588.1,0.0
ENSG00000286589.1,0.0
ENSG00000286590.2,0.127014
ENSG00000286591.2,0.196878
ENSG00000286592.3,0.0
ENSG00000286593.1,0.0
ENSG00000286594.2,0.0
ENSG00000286595.2,0.0
ENSG00000286596.2,0.0
ENSG00000286597.2,0.0
ENSG00000286598.2,0.0
ENSG00000286600.1,0.0
ENSG00000286602.1,0.0
ENSG00000286604.2,0.0
ENSG00000286605.2,0.0
ENSG00000286606.1,0.0
ENSG00000286607.2,0.243456
ENSG00000286608.3,1.098638
ENSG00000286609.1,0.0
ENSG00000286610.2,0.0
ENSG00000286611.1,0.0
ENSG00000286612.1,0.0
ENSG00000286613.1,0.983489
ENSG00000286614.1,0.0
ENSG00000286615.4,0.0
ENSG00000286616.1,0.12658
ENSG00000286617.1,0.0
ENSG00000286618.1,0.0
ENSG00000286619.1,0.0
ENSG00000286620.1,0.0
ENSG00000286621.1,0.0
ENSG00000286623.2,0.0
ENSG00000286624.2,0.0
ENSG00000286625.2,0.0
ENSG00000286626.3,0.501666
ENSG00000286627.1,0.0
ENSG00000286628.2,0.0
ENSG00000286629.1,0.0
ENSG00000286630.1,0.0
ENSG00000286631.2,0.0
ENSG00000286632.2,0.0
ENSG00000286634.1,0.0
ENSG00000286635.1,0.0
ENSG00000286636.2,0.234468
ENSG00000286637.1,0.0
ENSG00000286638.3,0.0
ENSG00000286639.3,0.0
ENSG00000286640.3,0.263672
ENSG00000286641.2,0.0
ENSG00000286642.3,0.0
ENSG00000286643.1,0.0
ENSG00000286644.1,0.0
ENSG00000286645.2,0.0
ENSG00000286646.3,3.629855
ENSG00000286647.1,0.0
ENSG00000286648.1,0.0
ENSG00000286649.1,0.0
ENSG00000286650.3,0.0
ENSG00000286651.3,0.0
ENSG00000286652.2,0.0
ENSG00000286653.1,0.0
ENSG00000286654.1,0.0
ENSG00000286655.2,0.0
ENSG00000286656.3,5.2022319999999995
ENSG00000286657.1,0.267801
ENSG00000286658.2,0.0
ENSG00000286659.1,0.0
ENSG00000286660.2,0.0
ENSG00000286661.2,0.185745
ENSG00000286662.2,0.0
ENSG00000286663.1,0.0
ENSG00000286664.1,0.0
ENSG00000286665.1,0.0
ENSG00000286666.2,0.0
ENSG00000286667.2,0.7567
ENSG00000286668.1,0.0
ENSG00000286669.1,0.0
ENSG00000286670.2,0.0
ENSG00000286671.1,0.0
ENSG00000286672.1,0.0
ENSG00000286673.1,0.0
ENSG00000286674.2,0.0
ENSG00000286675.2,0.0
ENSG00000286676.1,0.0
ENSG00000286677.1,0.0
ENSG00000286678.1,0.0
ENSG00000286679.1,0.0
ENSG00000286680.2,0.0
ENSG00000286681.1,0.694312
ENSG00000286682.1,0.0
ENSG00000286683.1,0.0
ENSG00000286684.2,0.0
ENSG00000286685.4,0.0
ENSG00000286686.2,0.0
ENSG00000286688.1,0.389728
ENSG00000286689.1,0.0
ENSG00000286690.1,0.0
ENSG00000286691.2,0.609808
ENSG00000286692.1,0.0
ENSG00000286693.1,0.0
ENSG00000286694.2,0.0
ENSG00000286695.2,0.0
ENSG00000286696.1,0.0
ENSG00000286697.2,0.0
ENSG00000286698.2,0.0
ENSG00000286700.2,0.0
ENSG00000286701.1,0.0
ENSG00000286703.2,0.0
ENSG00000286704.1,0.0
ENSG00000286705.3,0.0
ENSG00000286707.1,0.280768
ENSG00000286708.1,0.075475
ENSG00000286709.1,0.0
ENSG00000286710.2,0.0
ENSG00000286711.1,0.0
ENSG00000286712.2,0.0
ENSG00000286713.1,0.315976
ENSG00000286714.2,0.0
ENSG00000286715.1,0.0
ENSG00000286716.2,0.0
ENSG00000286717.2,0.0
ENSG00000286718.3,0.627464
ENSG00000286719.1,0.0
ENSG00000286720.2,0.0
ENSG00000286721.2,0.109012
ENSG00000286722.2,0.0
ENSG00000286724.2,0.908348
ENSG00000286725.2,0.0
ENSG00000286726.1,0.0
ENSG00000286727.2,0.0
ENSG00000286728.2,0.0
ENSG00000286729.2,0.0
ENSG00000286730.1,0.461152
ENSG00000286731.2,0.0
ENSG00000286732.2,0.0
ENSG00000286733.2,0.257114
ENSG00000286734.2,0.0
ENSG00000286735.2,0.307853
ENSG00000286736.2,0.0
ENSG00000286737.2,0.0
ENSG00000286738.2,0.0
ENSG00000286739.3,2.016361
ENSG00000286740.2,0.0
ENSG00000286741.1,0.119246
ENSG00000286742.2,0.0
ENSG00000286743.1,0.0
ENSG00000286744.1,0.0
ENSG00000286745.1,0.0
ENSG00000286746.2,0.326821
ENSG00000286747.2,0.0
ENSG00000286748.2,0.0
ENSG00000286749.2,0.0
ENSG00000286750.1,0.0
ENSG00000286751.1,0.0
ENSG00000286752.1,0.0
ENSG00000286753.4,0.64166
ENSG00000286754.1,0.0
ENSG00000286756.4,0.0
ENSG00000286757.5,0.0
ENSG00000286758.2,0.0
ENSG00000286759.2,0.0
ENSG00000286760.4,0.179206
ENSG00000286763.2,0.0
ENSG00000286764.2,0.0
ENSG00000286765.2,0.0
ENSG00000286766.1,0.0
ENSG00000286767.2,0.0
ENSG00000286769.2,0.0
ENSG00000286770.2,0.0
ENSG00000286771.1,0.0
ENSG00000286772.2,0.0
ENSG00000286773.1,0.0
ENSG00000286774.2,0.0
ENSG00000286775.2,0.0
ENSG00000286776.1,0.0
ENSG00000286777.1,0.0
ENSG00000286779.1,0.0
ENSG00000286780.1,0.0
ENSG00000286781.2,0.0
ENSG00000286782.2,1.554627
ENSG00000286784.2,0.0
ENSG00000286785.2,0.0
ENSG00000286786.1,0.106573
ENSG00000286787.4,0.089483
ENSG00000286788.1,0.0
ENSG00000286789.1,0.386545
ENSG00000286790.2,0.0
ENSG00000286791.2,0.0
ENSG00000286793.1,0.0
ENSG00000286794.3,0.0
ENSG00000286795.1,0.0
ENSG00000286796.2,3.850136
ENSG00000286797.2,0.724863
ENSG00000286798.2,0.0
ENSG00000286799.2,0.0
ENSG00000286800.2,0.0
ENSG00000286801.1,0.0
ENSG00000286802.2,0.0
ENSG00000286803.2,0.0
ENSG00000286804.1,0.0
ENSG00000286805.2,0.0
ENSG00000286806.1,0.3288
ENSG00000286807.1,0.0
ENSG00000286808.1,0.0
ENSG00000286809.1,0.574355
ENSG00000286810.2,0.0
ENSG00000286811.1,0.0
ENSG00000286812.1,0.063525
ENSG00000286813.1,0.33308
ENSG00000286814.1,0.0
ENSG00000286816.2,0.0
ENSG00000286818.3,0.542135
ENSG00000286819.2,0.0
ENSG00000286820.2,0.0
ENSG00000286821.2,0.0
ENSG00000286822.2,0.0
ENSG00000286823.2,0.0
ENSG00000286826.2,0.0
ENSG00000286828.2,0.398342
ENSG00000286829.2,0.0
ENSG00000286830.2,0.971483
ENSG00000286831.1,0.120474
ENSG00000286832.1,0.0
ENSG00000286833.4,0.0
ENSG00000286834.1,0.553043
ENSG00000286835.1,0.481046
ENSG00000286836.2,0.0
ENSG00000286837.2,0.0
ENSG00000286838.1,0.0
ENSG00000286839.1,0.237093
ENSG00000286840.2,0.0
ENSG00000286841.2,0.0
ENSG00000286842.2,0.0
ENSG00000286843.1,0.0
ENSG00000286844.2,0.795214
ENSG00000286845.1,0.0
ENSG00000286846.1,0.0
ENSG00000286847.1,0.0
ENSG00000286848.2,0.0
ENSG00000286849.2,0.0
ENSG00000286850.2,0.0
ENSG00000286851.2,0.0
ENSG00000286852.1,0.0
ENSG00000286853.2,0.0
ENSG00000286855.1,0.0
ENSG00000286856.2,0.0
ENSG00000286857.2,0.0
ENSG00000286858.1,0.0
ENSG00000286860.1,0.0
ENSG00000286861.1,0.0
ENSG00000286862.2,0.0
ENSG00000286864.1,0.0
ENSG00000286865.2,0.0
ENSG00000286866.2,0.0
ENSG00000286867.1,0.096901
ENSG00000286868.1,0.0
ENSG00000286869.2,0.0
ENSG00000286870.1,0.0
ENSG00000286871.2,0.0
ENSG00000286872.1,0.0
ENSG00000286873.2,0.513931
ENSG00000286874.2,0.0
ENSG00000286875.2,0.0
ENSG00000286876.2,0.0
ENSG00000286877.1,0.0
ENSG00000286878.2,0.0
ENSG00000286879.2,0.0
ENSG00000286880.1,0.0
ENSG00000286881.3,0.0
ENSG00000286882.2,0.0
ENSG00000286883.1,0.0
ENSG00000286884.2,0.0
ENSG00000286885.4,3.230182
ENSG00000286886.1,0.0
ENSG00000286887.2,0.926034
ENSG00000286888.2,0.0
ENSG00000286890.2,0.0
ENSG00000286891.1,0.0
ENSG00000286892.1,0.283153
ENSG00000286893.2,0.0
ENSG00000286894.2,0.0
ENSG00000286896.3,0.0
ENSG00000286897.1,0.0
ENSG00000286898.2,0.0
ENSG00000286899.1,0.0
ENSG00000286900.2,0.0
ENSG00000286901.1,0.0
ENSG00000286902.1,0.0
ENSG00000286903.2,0.0
ENSG00000286904.1,0.0
ENSG00000286905.1,1.039632
ENSG00000286907.1,0.158655
ENSG00000286908.1,0.0
ENSG00000286909.2,0.585225
ENSG00000286910.2,0.287822
ENSG00000286912.1,0.0
ENSG00000286913.2,0.0
ENSG00000286914.2,0.0
ENSG00000286916.1,0.0
ENSG00000286917.2,0.0
ENSG00000286918.1,0.417026
ENSG00000286920.2,0.0
ENSG00000286921.1,0.977289
ENSG00000286922.3,0.0
ENSG00000286923.4,1.140724
ENSG00000286924.2,0.398319
ENSG00000286926.1,0.0
ENSG00000286927.1,0.138922
ENSG00000286928.1,0.239521
ENSG00000286929.2,0.0
ENSG00000286932.1,0.0
ENSG00000286933.1,0.0
ENSG00000286934.1,0.0
ENSG00000286935.1,0.0
ENSG00000286936.2,0.0
ENSG00000286937.2,0.0
ENSG00000286938.2,0.0
ENSG00000286939.1,0.0
ENSG00000286940.2,2.7364689999999996
ENSG00000286942.1,0.0
ENSG00000286943.1,0.0
ENSG00000286944.1,0.0
ENSG00000286945.2,0.0
ENSG00000286946.1,0.0
ENSG00000286947.1,0.0
ENSG00000286948.1,1.31029
ENSG00000286950.1,0.0
ENSG00000286951.1,0.0
ENSG00000286952.1,0.0
ENSG00000286953.1,0.0
ENSG00000286954.1,0.0
ENSG00000286955.1,0.0
ENSG00000286956.1,0.0
ENSG00000286957.2,0.0
ENSG00000286958.2,0.0
ENSG00000286959.2,0.0
ENSG00000286960.1,0.0
ENSG00000286961.2,0.0
ENSG00000286962.2,0.0
ENSG00000286963.2,0.0
ENSG00000286964.1,0.0
ENSG00000286965.1,0.0
ENSG00000286966.1,1.062241
ENSG00000286967.2,0.0
ENSG00000286968.1,0.0
ENSG00000286969.1,0.0
ENSG00000286970.1,0.0
ENSG00000286971.2,0.0
ENSG00000286972.1,0.0
ENSG00000286973.2,0.49718
ENSG00000286974.1,0.0
ENSG00000286975.2,0.445144
ENSG00000286976.2,0.0
ENSG00000286979.1,0.0
ENSG00000286980.2,0.0
ENSG00000286981.1,0.0
ENSG00000286982.1,0.0
ENSG00000286983.1,0.0
ENSG00000286984.2,0.0
ENSG00000286985.3,0.0
ENSG00000286986.2,0.0
ENSG00000286987.1,0.0
ENSG00000286988.1,0.0
ENSG00000286989.2,2.171185
ENSG00000286990.1,0.0
ENSG00000286991.1,0.0
ENSG00000286992.4,0.0
ENSG00000286993.2,0.0
ENSG00000286994.1,0.0
ENSG00000286995.3,0.0
ENSG00000286998.1,0.0
ENSG00000286999.1,0.0
ENSG00000287000.1,0.0
ENSG00000287001.4,0.0
ENSG00000287002.1,0.0
ENSG00000287003.2,5.043624
ENSG00000287004.2,0.0
ENSG00000287005.1,0.151105
ENSG00000287006.2,0.0
ENSG00000287007.2,0.0
ENSG00000287008.1,0.0
ENSG00000287009.1,0.173382
ENSG00000287010.1,0.0
ENSG00000287011.2,0.0
ENSG00000287012.1,0.0
ENSG00000287014.1,0.0
ENSG00000287015.1,0.0
ENSG00000287016.2,0.0
ENSG00000287017.2,0.569767
ENSG00000287018.2,0.0
ENSG00000287019.2,0.0
ENSG00000287020.1,0.0
ENSG00000287021.2,0.0
ENSG00000287022.1,0.0
ENSG00000287023.3,0.0
ENSG00000287024.2,0.0
ENSG00000287025.1,0.0
ENSG00000287026.1,0.0
ENSG00000287027.2,0.0
ENSG00000287028.2,0.0
ENSG00000287029.1,0.0
ENSG00000287030.1,0.0
ENSG00000287031.2,0.0
ENSG00000287032.2,0.214138
ENSG00000287033.3,0.0
ENSG00000287034.2,0.0
ENSG00000287035.2,0.0
ENSG00000287036.2,0.0
ENSG00000287037.2,0.194127
ENSG00000287038.4,0.0
ENSG00000287039.2,0.056487
ENSG00000287040.1,0.5613
ENSG00000287041.1,0.0
ENSG00000287042.4,0.0
ENSG00000287043.1,0.0
ENSG00000287044.2,0.0
ENSG00000287045.3,0.119792
ENSG00000287046.2,0.0
ENSG00000287047.2,0.0
ENSG00000287048.2,0.0
ENSG00000287049.2,0.0
ENSG00000287050.2,0.0
ENSG00000287051.1,0.0
ENSG00000287052.1,0.0
ENSG00000287053.1,0.0
ENSG00000287054.1,0.0
ENSG00000287055.1,0.491181
ENSG00000287056.1,0.0
ENSG00000287057.2,0.0
ENSG00000287058.1,0.0
ENSG00000287059.1,0.0
ENSG00000287060.2,0.0
ENSG00000287061.1,0.0
ENSG00000287062.2,0.0
ENSG00000287063.1,0.0
ENSG00000287064.1,1.507681
ENSG00000287065.2,0.0
ENSG00000287066.1,0.0
ENSG00000287067.2,0.0
ENSG00000287068.2,0.0
ENSG00000287069.1,0.0
ENSG00000287070.1,0.0
ENSG00000287071.2,0.0
ENSG00000287072.2,0.0
ENSG00000287073.2,0.0
ENSG00000287074.1,1.040251
ENSG00000287075.3,0.0
ENSG00000287076.2,0.0
ENSG00000287077.2,0.193203
ENSG00000287078.2,0.0
ENSG00000287079.1,0.216116
ENSG00000287080.2,0.0
ENSG00000287081.1,0.0
ENSG00000287082.2,0.0
ENSG00000287083.2,0.0
ENSG00000287084.3,0.0
ENSG00000287085.1,0.134631
ENSG00000287086.1,0.0
ENSG00000287087.1,0.218345
ENSG00000287088.1,0.0
ENSG00000287089.1,0.216221
ENSG00000287090.2,0.0
ENSG00000287091.1,1.970416
ENSG00000287092.2,0.0
ENSG00000287093.2,0.0
ENSG00000287094.2,0.0
ENSG00000287095.2,0.0
ENSG00000287096.2,0.0
ENSG00000287097.2,0.31
ENSG00000287098.1,0.0
ENSG00000287099.1,0.0
ENSG00000287100.4,1.990695
ENSG00000287102.2,0.0
ENSG00000287103.2,0.0
ENSG00000287104.3,3.028616
ENSG00000287105.1,0.0
ENSG00000287106.1,0.0
ENSG00000287107.2,0.0
ENSG00000287108.2,0.0
ENSG00000287109.1,0.0
ENSG00000287110.4,0.753459
ENSG00000287111.1,0.0
ENSG00000287112.1,0.461152
ENSG00000287113.1,0.0
ENSG00000287114.2,0.0
ENSG00000287115.3,1.279564
ENSG00000287117.2,1.0298
ENSG00000287118.1,0.0
ENSG00000287119.2,0.355057
ENSG00000287120.2,0.071499
ENSG00000287121.1,0.0
ENSG00000287122.2,0.563197
ENSG00000287123.1,0.0
ENSG00000287124.3,0.0
ENSG00000287125.1,0.0
ENSG00000287126.1,2.449697
ENSG00000287128.1,0.0
ENSG00000287129.2,0.0
ENSG00000287130.1,0.0
ENSG00000287131.2,2.182258
ENSG00000287132.1,0.0
ENSG00000287133.2,0.0
ENSG00000287134.1,0.0
ENSG00000287135.1,0.0
ENSG00000287136.2,0.0
ENSG00000287137.2,0.0
ENSG00000287138.1,0.0
ENSG00000287140.1,0.172977
ENSG00000287141.2,0.0
ENSG00000287142.1,0.0
ENSG00000287143.2,0.0
ENSG00000287144.2,0.0
ENSG00000287145.1,0.0
ENSG00000287146.1,0.0
ENSG00000287147.2,0.0
ENSG00000287148.2,0.0
ENSG00000287149.2,0.0
ENSG00000287150.1,0.0
ENSG00000287151.2,0.431184
ENSG00000287152.1,0.0
ENSG00000287153.1,0.0
ENSG00000287154.1,0.0
ENSG00000287155.1,0.0
ENSG00000287156.2,0.0
ENSG00000287157.1,0.0
ENSG00000287158.4,0.0
ENSG00000287159.2,0.0
ENSG00000287160.1,0.0
ENSG00000287161.2,0.0
ENSG00000287162.3,0.0
ENSG00000287163.2,0.0
ENSG00000287164.2,0.802787
ENSG00000287165.2,0.632799
ENSG00000287166.2,0.0
ENSG00000287167.1,0.0
ENSG00000287169.1,0.0
ENSG00000287170.1,0.803211
ENSG00000287171.2,0.0
ENSG00000287172.2,0.0
ENSG00000287173.1,0.0
ENSG00000287174.2,0.0
ENSG00000287175.1,0.0
ENSG00000287177.2,0.0
ENSG00000287178.1,0.0
ENSG00000287179.1,0.0
ENSG00000287180.1,0.0
ENSG00000287181.2,0.0
ENSG00000287182.1,0.0
ENSG00000287183.1,0.0
ENSG00000287184.1,0.0
ENSG00000287185.1,0.0
ENSG00000287186.1,0.0
ENSG00000287187.2,0.0
ENSG00000287188.1,0.0
ENSG00000287189.3,0.084323
ENSG00000287190.2,1.475111
ENSG00000287191.3,0.0
ENSG00000287192.1,0.0
ENSG00000287193.1,0.0
ENSG00000287194.1,0.0
ENSG00000287195.1,0.0
ENSG00000287196.1,0.0
ENSG00000287197.1,0.0
ENSG00000287198.1,0.0
ENSG00000287199.1,0.0
ENSG00000287200.2,0.595638
ENSG00000287201.2,1.117444
ENSG00000287202.2,0.0
ENSG00000287203.2,0.0
ENSG00000287204.1,0.0
ENSG00000287205.2,0.0
ENSG00000287206.1,0.0
ENSG00000287207.2,0.0
ENSG00000287208.1,0.0
ENSG00000287209.2,0.0
ENSG00000287210.2,0.0
ENSG00000287212.1,0.0
ENSG00000287213.1,0.0
ENSG00000287214.1,0.0
ENSG00000287215.2,0.0
ENSG00000287216.1,0.0
ENSG00000287217.2,0.231537
ENSG00000287218.1,0.127232
ENSG00000287219.1,0.0
ENSG00000287220.1,0.0
ENSG00000287221.1,0.0
ENSG00000287222.2,0.090427
ENSG00000287223.1,0.121362
ENSG00000287224.2,0.0
ENSG00000287225.2,0.0
ENSG00000287226.2,0.18729
ENSG00000287227.1,0.0
ENSG00000287229.1,0.0
ENSG00000287230.2,0.0
ENSG00000287231.1,0.0
ENSG00000287232.1,0.0
ENSG00000287233.1,0.0
ENSG00000287234.1,0.0
ENSG00000287235.2,0.0
ENSG00000287236.2,0.439279
ENSG00000287237.1,0.0
ENSG00000287238.3,3.932239
ENSG00000287239.1,0.0
ENSG00000287240.2,0.0
ENSG00000287241.2,0.0
ENSG00000287242.2,0.0
ENSG00000287243.2,0.0
ENSG00000287244.2,0.0
ENSG00000287245.2,0.0
ENSG00000287246.2,0.401195
ENSG00000287247.1,0.0
ENSG00000287249.2,0.0
ENSG00000287250.2,0.197578
ENSG00000287251.2,0.0
ENSG00000287252.4,0.08686
ENSG00000287253.2,0.0
ENSG00000287254.2,0.0
ENSG00000287255.4,9.372495
ENSG00000287256.4,0.0
ENSG00000287257.2,0.0
ENSG00000287258.1,0.188289
ENSG00000287259.2,0.0
ENSG00000287260.3,0.0
ENSG00000287261.4,0.564149
ENSG00000287262.2,0.270597
ENSG00000287264.2,0.0
ENSG00000287265.2,0.675197
ENSG00000287266.1,0.0
ENSG00000287267.1,0.0
ENSG00000287268.1,0.0
ENSG00000287269.2,0.0
ENSG00000287270.1,0.0
ENSG00000287271.1,0.667071
ENSG00000287272.2,0.0
ENSG00000287273.1,0.0
ENSG00000287274.1,0.0
ENSG00000287275.3,0.659733
ENSG00000287276.2,0.0
ENSG00000287277.3,1.9749670000000001
ENSG00000287278.2,0.0
ENSG00000287279.2,0.0
ENSG00000287280.2,0.0
ENSG00000287281.3,0.0
ENSG00000287282.1,0.0
ENSG00000287283.1,0.0
ENSG00000287284.2,0.0
ENSG00000287285.2,0.0
ENSG00000287286.2,0.137618
ENSG00000287287.2,0.0
ENSG00000287288.2,10.613987000000002
ENSG00000287289.2,0.0
ENSG00000287290.2,0.0
ENSG00000287291.2,0.114811
ENSG00000287292.2,0.0
ENSG00000287293.2,0.0
ENSG00000287294.2,0.0
ENSG00000287295.2,0.0
ENSG00000287296.1,0.0
ENSG00000287297.2,0.0
ENSG00000287298.1,0.0
ENSG00000287299.1,0.0
ENSG00000287300.1,0.0
ENSG00000287301.4,0.0
ENSG00000287302.2,0.0
ENSG00000287303.1,0.0
ENSG00000287305.2,0.0
ENSG00000287306.1,0.555777
ENSG00000287307.1,0.0
ENSG00000287308.2,0.0
ENSG00000287309.1,0.10811
ENSG00000287310.2,0.0
ENSG00000287311.1,0.0
ENSG00000287312.2,0.773804
ENSG00000287314.2,0.0
ENSG00000287315.1,0.047945
ENSG00000287317.2,0.0
ENSG00000287318.1,0.0
ENSG00000287319.1,0.0
ENSG00000287320.1,0.0
ENSG00000287321.1,0.0
ENSG00000287322.1,0.0
ENSG00000287323.2,0.0
ENSG00000287324.2,0.0
ENSG00000287325.2,0.0
ENSG00000287326.2,0.0
ENSG00000287327.1,0.0
ENSG00000287328.1,0.0
ENSG00000287329.2,2.284757
ENSG00000287330.1,0.0
ENSG00000287331.2,0.0
ENSG00000287332.2,0.0
ENSG00000287333.2,0.0
ENSG00000287334.1,0.0
ENSG00000287335.3,0.149579
ENSG00000287336.1,0.0
ENSG00000287337.1,0.0
ENSG00000287338.2,0.180712
ENSG00000287339.1,0.0
ENSG00000287340.3,0.0
ENSG00000287342.2,0.451678
ENSG00000287343.1,0.0
ENSG00000287344.2,0.0
ENSG00000287345.2,0.0
ENSG00000287347.1,0.0
ENSG00000287348.2,0.0
ENSG00000287349.2,0.0
ENSG00000287351.1,0.0
ENSG00000287352.2,0.0
ENSG00000287353.1,0.0
ENSG00000287354.1,0.0
ENSG00000287355.2,0.330521
ENSG00000287356.2,0.0
ENSG00000287357.1,0.0
ENSG00000287358.2,0.0
ENSG00000287359.2,0.0
ENSG00000287360.2,0.0
ENSG00000287362.2,0.0
ENSG00000287363.5,0.0
ENSG00000287364.2,0.040606
ENSG00000287365.2,0.0
ENSG00000287366.1,0.0
ENSG00000287367.3,0.47782
ENSG00000287369.1,0.335752
ENSG00000287370.2,0.0
ENSG00000287372.2,0.0
ENSG00000287373.2,0.0
ENSG00000287374.2,0.0
ENSG00000287375.2,0.0
ENSG00000287376.2,0.0
ENSG00000287377.1,0.254029
ENSG00000287378.2,0.0
ENSG00000287379.1,0.0
ENSG00000287380.1,0.0
ENSG00000287381.1,0.0
ENSG00000287382.2,0.629232
ENSG00000287383.1,0.0
ENSG00000287384.1,0.0
ENSG00000287385.1,0.0
ENSG00000287389.3,0.195494
ENSG00000287390.2,0.0
ENSG00000287391.1,0.274414
ENSG00000287392.1,0.0
ENSG00000287393.2,0.0
ENSG00000287394.1,0.0
ENSG00000287395.1,0.0
ENSG00000287396.2,0.0
ENSG00000287397.2,0.0
ENSG00000287398.1,0.0
ENSG00000287399.1,0.0
ENSG00000287401.1,0.0
ENSG00000287402.2,0.0
ENSG00000287403.1,0.0
ENSG00000287404.2,0.0
ENSG00000287405.1,0.0
ENSG00000287406.2,0.0
ENSG00000287407.2,0.0
ENSG00000287408.1,0.0
ENSG00000287409.2,0.0
ENSG00000287410.2,0.0
ENSG00000287412.2,0.0
ENSG00000287413.1,0.240781
ENSG00000287414.1,0.0
ENSG00000287415.2,0.0
ENSG00000287416.1,0.077206
ENSG00000287417.1,0.771789
ENSG00000287418.1,0.0
ENSG00000287419.1,0.0
ENSG00000287420.2,0.0
ENSG00000287421.2,0.0
ENSG00000287422.1,0.0
ENSG00000287423.2,0.0
ENSG00000287424.2,0.0
ENSG00000287425.1,0.0
ENSG00000287426.2,0.0
ENSG00000287427.1,0.0
ENSG00000287428.1,0.0
ENSG00000287429.1,0.0
ENSG00000287430.2,0.0
ENSG00000287431.2,0.268935
ENSG00000287432.2,0.0
ENSG00000287433.1,0.0
ENSG00000287434.2,0.0
ENSG00000287435.2,0.0
ENSG00000287436.1,5.177754
ENSG00000287437.1,0.0
ENSG00000287439.2,0.0
ENSG00000287441.2,0.0
ENSG00000287442.2,0.0
ENSG00000287443.1,0.0
ENSG00000287444.1,0.0
ENSG00000287445.2,0.347577
ENSG00000287447.1,0.0
ENSG00000287448.2,0.0
ENSG00000287449.1,0.0
ENSG00000287450.1,0.0
ENSG00000287451.2,0.0
ENSG00000287452.3,0.0
ENSG00000287453.1,0.0
ENSG00000287454.2,0.0
ENSG00000287455.2,0.0
ENSG00000287456.1,0.0
ENSG00000287457.1,0.0
ENSG00000287458.1,1.229132
ENSG00000287459.1,0.0
ENSG00000287460.2,0.0
ENSG00000287462.1,0.0
ENSG00000287463.2,0.0
ENSG00000287464.2,0.0
ENSG00000287465.1,0.0
ENSG00000287466.1,0.0
ENSG00000287467.2,0.0
ENSG00000287468.2,0.0
ENSG00000287469.2,0.0
ENSG00000287470.2,0.0
ENSG00000287471.2,0.0
ENSG00000287472.1,0.0
ENSG00000287473.2,0.0
ENSG00000287474.2,0.838457
ENSG00000287475.1,0.0
ENSG00000287476.1,0.0
ENSG00000287477.2,0.0
ENSG00000287478.2,0.0
ENSG00000287479.1,0.0
ENSG00000287480.2,0.156422
ENSG00000287481.1,0.0
ENSG00000287482.1,0.0
ENSG00000287483.2,0.0
ENSG00000287484.2,0.0
ENSG00000287485.2,0.0
ENSG00000287486.1,0.0
ENSG00000287488.2,0.0
ENSG00000287489.1,0.0
ENSG00000287493.1,0.0
ENSG00000287494.1,0.0
ENSG00000287495.1,0.0
ENSG00000287496.1,0.0
ENSG00000287497.4,4.359979
ENSG00000287498.2,0.0
ENSG00000287499.1,0.0
ENSG00000287500.1,0.0
ENSG00000287501.2,0.0
ENSG00000287502.1,0.0
ENSG00000287503.1,0.0
ENSG00000287504.2,0.0
ENSG00000287505.2,0.0
ENSG00000287506.2,0.0
ENSG00000287507.2,0.0
ENSG00000287508.1,0.0
ENSG00000287509.1,0.0
ENSG00000287510.1,1.947705
ENSG00000287511.1,0.0
ENSG00000287512.1,0.0
ENSG00000287513.2,0.0
ENSG00000287514.3,0.0
ENSG00000287515.1,0.0
ENSG00000287516.2,0.181294
ENSG00000287517.2,0.0
ENSG00000287518.2,0.0
ENSG00000287519.1,0.0
ENSG00000287520.1,0.0
ENSG00000287521.1,0.0
ENSG00000287522.1,0.0
ENSG00000287524.1,0.0
ENSG00000287525.1,0.0
ENSG00000287526.2,0.0
ENSG00000287527.2,0.0
ENSG00000287528.2,0.0
ENSG00000287529.1,0.0
ENSG00000287530.2,0.0
ENSG00000287531.1,0.0
ENSG00000287532.1,0.0
ENSG00000287533.1,0.0
ENSG00000287534.1,0.253257
ENSG00000287535.2,0.0
ENSG00000287536.1,0.0
ENSG00000287537.2,0.0
ENSG00000287538.2,0.0
ENSG00000287539.2,0.253161
ENSG00000287540.1,0.0
ENSG00000287541.1,0.0
ENSG00000287542.1,3.871462
ENSG00000287543.1,0.0
ENSG00000287544.2,0.0
ENSG00000287545.2,1.510365
ENSG00000287546.2,0.0
ENSG00000287547.1,0.0
ENSG00000287548.2,0.0
ENSG00000287549.1,0.0
ENSG00000287550.2,0.0
ENSG00000287551.2,0.0
ENSG00000287552.1,0.0
ENSG00000287553.2,0.0
ENSG00000287554.1,0.0
ENSG00000287555.1,0.172708
ENSG00000287556.1,0.0
ENSG00000287558.2,0.0
ENSG00000287559.2,0.0
ENSG00000287560.2,0.0
ENSG00000287561.1,0.0
ENSG00000287562.1,0.385978
ENSG00000287563.2,0.0
ENSG00000287565.1,0.0
ENSG00000287566.2,0.0
ENSG00000287567.1,0.0
ENSG00000287568.2,0.0
ENSG00000287570.1,0.0
ENSG00000287571.1,0.0
ENSG00000287572.2,0.0
ENSG00000287574.2,0.0
ENSG00000287575.2,0.0
ENSG00000287576.2,0.0
ENSG00000287578.2,0.0
ENSG00000287579.2,0.0
ENSG00000287580.2,0.529102
ENSG00000287581.1,0.0
ENSG00000287582.2,0.0
ENSG00000287583.2,0.0
ENSG00000287584.1,0.0
ENSG00000287585.2,0.0
ENSG00000287586.1,1.931426
ENSG00000287587.1,0.0
ENSG00000287588.2,0.0
ENSG00000287589.2,0.0
ENSG00000287590.2,0.0
ENSG00000287591.2,0.549507
ENSG00000287592.2,0.0
ENSG00000287593.1,0.0
ENSG00000287594.4,0.0
ENSG00000287595.4,0.27525
ENSG00000287596.1,0.0
ENSG00000287597.1,0.127965
ENSG00000287598.2,0.0
ENSG00000287599.2,0.0
ENSG00000287600.2,0.0
ENSG00000287601.1,0.0
ENSG00000287602.1,0.116192
ENSG00000287603.1,0.317781
ENSG00000287605.2,0.0
ENSG00000287608.1,0.0
ENSG00000287609.1,0.12123
ENSG00000287610.1,0.0
ENSG00000287611.4,0.440982
ENSG00000287612.2,0.0
ENSG00000287613.1,0.0
ENSG00000287615.2,0.0
ENSG00000287616.2,0.0
ENSG00000287617.1,0.0
ENSG00000287618.2,1.104415
ENSG00000287619.2,0.0
ENSG00000287620.2,0.0
ENSG00000287621.2,0.0
ENSG00000287623.1,0.0
ENSG00000287624.1,0.0
ENSG00000287625.2,0.9052769999999999
ENSG00000287626.2,2.272646
ENSG00000287627.2,0.0
ENSG00000287628.2,0.0
ENSG00000287629.1,0.0
ENSG00000287630.2,0.0
ENSG00000287631.1,0.0
ENSG00000287632.2,0.0
ENSG00000287633.2,0.160169
ENSG00000287634.2,0.0
ENSG00000287635.2,0.0
ENSG00000287636.4,0.546658
ENSG00000287637.1,0.0
ENSG00000287639.2,0.0
ENSG00000287640.1,0.0
ENSG00000287641.1,0.0
ENSG00000287642.4,1.116968
ENSG00000287643.1,0.0
ENSG00000287644.2,2.980703
ENSG00000287645.2,0.0
ENSG00000287646.2,0.0
ENSG00000287647.2,0.0
ENSG00000287650.1,0.0
ENSG00000287651.2,0.0
ENSG00000287652.2,0.0
ENSG00000287653.1,0.0
ENSG00000287654.1,0.0
ENSG00000287655.1,0.582627
ENSG00000287656.1,0.0
ENSG00000287657.2,0.0
ENSG00000287658.2,0.329775
ENSG00000287659.2,0.0
ENSG00000287660.2,0.0
ENSG00000287661.1,0.0
ENSG00000287662.1,0.0
ENSG00000287663.2,0.0
ENSG00000287664.2,0.0
ENSG00000287665.1,0.096768
ENSG00000287666.2,0.0
ENSG00000287667.1,0.0
ENSG00000287668.2,0.0
ENSG00000287669.1,0.0
ENSG00000287670.2,0.0
ENSG00000287671.1,0.147105
ENSG00000287672.2,0.0
ENSG00000287673.2,0.124877
ENSG00000287674.1,0.0
ENSG00000287675.2,0.0
ENSG00000287676.1,0.0
ENSG00000287677.3,0.0
ENSG00000287678.2,0.0
ENSG00000287679.1,0.672329
ENSG00000287680.2,0.0
ENSG00000287681.1,0.0
ENSG00000287683.2,0.0
ENSG00000287684.2,0.0
ENSG00000287685.1,0.0
ENSG00000287687.3,0.0
ENSG00000287688.2,0.0
ENSG00000287689.2,0.0
ENSG00000287690.1,0.0
ENSG00000287691.2,0.0
ENSG00000287692.2,0.0
ENSG00000287693.1,0.0
ENSG00000287694.1,0.0
ENSG00000287695.1,0.0
ENSG00000287696.1,0.0
ENSG00000287697.2,0.0
ENSG00000287698.2,0.0
ENSG00000287699.2,0.0
ENSG00000287700.3,0.0
ENSG00000287701.1,0.0
ENSG00000287703.1,0.0
ENSG00000287704.3,0.7590060000000001
ENSG00000287705.1,0.0
ENSG00000287706.4,0.0
ENSG00000287707.1,0.159109
ENSG00000287709.3,0.0
ENSG00000287710.1,1.269191
ENSG00000287713.2,0.0
ENSG00000287714.1,0.0
ENSG00000287715.1,0.0
ENSG00000287717.1,0.0
ENSG00000287718.2,0.0
ENSG00000287719.1,0.07913
ENSG00000287720.1,0.0
ENSG00000287721.1,1.712601
ENSG00000287722.2,0.0
ENSG00000287723.2,0.0
ENSG00000287724.1,0.0
ENSG00000287725.2,1.059893
ENSG00000287726.2,0.115348
ENSG00000287727.1,0.0
ENSG00000287728.3,0.0
ENSG00000287730.2,0.0
ENSG00000287731.2,0.0
ENSG00000287732.1,0.0
ENSG00000287733.2,5.206819
ENSG00000287734.1,0.0
ENSG00000287735.1,0.268125
ENSG00000287736.1,0.0
ENSG00000287737.4,2.9267510000000003
ENSG00000287738.1,0.0
ENSG00000287739.1,0.0
ENSG00000287740.1,0.0
ENSG00000287741.1,0.0
ENSG00000287742.2,0.751878
ENSG00000287743.2,0.0
ENSG00000287744.2,0.0
ENSG00000287745.1,0.0
ENSG00000287746.1,0.0
ENSG00000287747.2,0.0
ENSG00000287748.2,0.0
ENSG00000287749.1,0.0
ENSG00000287750.4,0.0
ENSG00000287751.1,0.0
ENSG00000287752.2,0.0
ENSG00000287754.2,0.0
ENSG00000287755.1,0.0
ENSG00000287756.1,0.0
ENSG00000287757.4,0.202991
ENSG00000287758.1,0.0
ENSG00000287759.1,0.0
ENSG00000287760.2,0.0
ENSG00000287761.2,0.0
ENSG00000287762.1,0.0
ENSG00000287763.2,0.654694
ENSG00000287765.1,0.216432
ENSG00000287766.1,0.180418
ENSG00000287767.2,0.0
ENSG00000287768.2,0.0
ENSG00000287769.2,0.176199
ENSG00000287770.1,0.0
ENSG00000287771.2,0.323074
ENSG00000287772.1,0.0
ENSG00000287773.1,0.0
ENSG00000287774.4,0.323163
ENSG00000287775.1,0.0
ENSG00000287776.3,0.0
ENSG00000287777.1,0.0
ENSG00000287778.3,0.0
ENSG00000287779.1,0.0
ENSG00000287780.2,0.282432
ENSG00000287781.2,0.0
ENSG00000287782.2,0.0
ENSG00000287783.2,0.0
ENSG00000287784.2,0.0
ENSG00000287785.3,0.0
ENSG00000287786.1,0.0
ENSG00000287787.1,0.0
ENSG00000287789.1,0.0
ENSG00000287790.2,0.0
ENSG00000287791.2,0.0
ENSG00000287792.2,0.0
ENSG00000287793.1,0.0
ENSG00000287794.1,0.0
ENSG00000287795.2,0.0
ENSG00000287796.1,0.0
ENSG00000287797.1,0.0
ENSG00000287799.2,0.0
ENSG00000287800.1,0.0
ENSG00000287801.1,0.0
ENSG00000287802.1,0.0
ENSG00000287803.1,0.0
ENSG00000287804.4,0.0
ENSG00000287805.1,0.0
ENSG00000287806.2,0.0
ENSG00000287807.2,0.0
ENSG00000287808.2,0.277151
ENSG00000287809.1,0.437837
ENSG00000287810.1,0.0
ENSG00000287812.2,0.0
ENSG00000287813.1,0.0
ENSG00000287814.2,0.0
ENSG00000287815.3,0.0
ENSG00000287816.2,0.0
ENSG00000287817.1,1.305555
ENSG00000287818.1,0.0
ENSG00000287819.2,0.0
ENSG00000287820.2,0.0
ENSG00000287821.1,0.0
ENSG00000287822.2,0.0
ENSG00000287823.2,0.0
ENSG00000287825.4,2.616838
ENSG00000287826.2,0.619982
ENSG00000287827.1,0.0
ENSG00000287828.2,0.0
ENSG00000287829.1,0.248352
ENSG00000287830.1,0.0
ENSG00000287831.1,0.0
ENSG00000287832.1,0.0
ENSG00000287833.2,0.382579
ENSG00000287834.1,0.0
ENSG00000287835.2,0.0
ENSG00000287836.1,0.0
ENSG00000287838.2,0.0
ENSG00000287839.3,68.284353
ENSG00000287840.1,0.0
ENSG00000287841.2,0.0
ENSG00000287842.1,0.0
ENSG00000287844.2,0.0
ENSG00000287845.1,0.0
ENSG00000287846.1,0.0
ENSG00000287847.1,0.0
ENSG00000287848.1,0.0
ENSG00000287849.3,0.0
ENSG00000287850.2,0.0
ENSG00000287851.2,0.0
ENSG00000287852.1,0.0
ENSG00000287853.1,2.167266
ENSG00000287854.2,0.0
ENSG00000287855.1,0.0
ENSG00000287856.1,0.0
ENSG00000287857.1,0.0
ENSG00000287859.1,0.131836
ENSG00000287860.4,1.501207
ENSG00000287861.2,0.0
ENSG00000287862.2,0.0
ENSG00000287863.1,0.0
ENSG00000287864.1,0.0
ENSG00000287866.1,0.0
ENSG00000287867.1,0.073431
ENSG00000287869.2,0.0
ENSG00000287870.1,0.0
ENSG00000287871.2,0.0
ENSG00000287872.1,0.0
ENSG00000287873.2,0.0
ENSG00000287876.2,0.0
ENSG00000287877.2,0.0
ENSG00000287878.2,0.0
ENSG00000287879.1,0.0
ENSG00000287880.1,0.0
ENSG00000287881.1,0.0
ENSG00000287882.2,0.0
ENSG00000287883.2,0.972612
ENSG00000287885.2,0.0
ENSG00000287886.2,0.0
ENSG00000287887.2,0.0
ENSG00000287888.2,0.0
ENSG00000287889.2,0.0
ENSG00000287890.1,0.0
ENSG00000287891.3,0.0
ENSG00000287892.1,0.0
ENSG00000287893.2,0.81345
ENSG00000287894.2,0.0
ENSG00000287895.1,0.0
ENSG00000287896.2,0.0
ENSG00000287897.1,0.0
ENSG00000287898.2,0.0
ENSG00000287899.2,0.073895
ENSG00000287900.2,0.0
ENSG00000287901.2,0.0
ENSG00000287902.3,0.0
ENSG00000287903.2,0.0
ENSG00000287904.1,0.0
ENSG00000287905.2,0.0
ENSG00000287907.2,0.0
ENSG00000287908.1,0.0
ENSG00000287909.1,0.0
ENSG00000287910.2,0.0
ENSG00000287912.3,0.0
ENSG00000287913.2,0.0
ENSG00000287914.1,0.0
ENSG00000287915.2,0.0
ENSG00000287916.1,0.432836
ENSG00000287917.4,2.635213
ENSG00000287918.3,0.0
ENSG00000287919.2,0.927407
ENSG00000287920.1,0.0
ENSG00000287921.1,0.0
ENSG00000287922.1,0.089559
ENSG00000287923.2,0.82497
ENSG00000287924.1,0.0
ENSG00000287925.2,0.0
ENSG00000287926.1,0.818192
ENSG00000287927.2,0.0
ENSG00000287928.2,0.0
ENSG00000287929.2,0.0
ENSG00000287930.1,0.0
ENSG00000287931.2,0.0
ENSG00000287932.2,0.0
ENSG00000287933.2,0.494449
ENSG00000287934.1,0.0
ENSG00000287935.2,0.0
ENSG00000287936.1,0.0
ENSG00000287937.2,0.0
ENSG00000287938.2,1.389226
ENSG00000287939.2,0.0
ENSG00000287940.2,0.0
ENSG00000287942.2,0.0
ENSG00000287943.2,0.0
ENSG00000287945.1,0.0
ENSG00000287946.2,0.0
ENSG00000287947.1,0.0
ENSG00000287948.2,0.0
ENSG00000287949.1,0.0
ENSG00000287950.1,0.0
ENSG00000287951.2,0.0
ENSG00000287952.1,0.0
ENSG00000287953.1,0.0
ENSG00000287955.2,0.0
ENSG00000287956.2,0.0
ENSG00000287957.1,0.0
ENSG00000287958.3,0.146523
ENSG00000287959.1,0.0
ENSG00000287960.1,0.0
ENSG00000287961.2,0.377358
ENSG00000287962.1,0.0
ENSG00000287963.2,0.104257
ENSG00000287964.2,0.428144
ENSG00000287965.1,0.0
ENSG00000287966.4,0.0
ENSG00000287967.1,0.0
ENSG00000287968.2,0.0
ENSG00000287969.2,0.0
ENSG00000287970.1,0.0
ENSG00000287971.2,0.0
ENSG00000287972.2,0.0
ENSG00000287973.2,0.0
ENSG00000287975.2,0.383564
ENSG00000287976.2,0.0
ENSG00000287977.1,0.0
ENSG00000287978.2,20.923233000000003
ENSG00000287979.2,1.19076
ENSG00000287980.2,0.0
ENSG00000287981.1,0.0
ENSG00000287982.2,0.0
ENSG00000287983.1,0.264065
ENSG00000287984.2,0.0
ENSG00000287985.2,0.0
ENSG00000287986.1,0.0
ENSG00000287987.1,0.0
ENSG00000287989.1,0.0
ENSG00000287990.1,0.0
ENSG00000287991.1,0.0
ENSG00000287992.1,0.0
ENSG00000287993.2,0.0
ENSG00000287994.2,0.0
ENSG00000287995.1,0.0
ENSG00000287996.1,0.0
ENSG00000287997.1,0.0
ENSG00000287998.2,0.087648
ENSG00000287999.2,0.0
ENSG00000288000.1,0.0
ENSG00000288001.1,0.0
ENSG00000288003.1,0.0
ENSG00000288004.2,0.212024
ENSG00000288005.1,0.0
ENSG00000288006.1,0.0
ENSG00000288007.2,0.0
ENSG00000288008.2,0.0
ENSG00000288009.2,0.0
ENSG00000288010.2,7.214196
ENSG00000288011.1,0.170065
ENSG00000288012.3,4.748822
ENSG00000288013.3,0.0
ENSG00000288014.1,0.0
ENSG00000288015.2,0.0
ENSG00000288016.4,0.0
ENSG00000288017.2,0.0
ENSG00000288018.4,0.0
ENSG00000288020.2,0.0
ENSG00000288021.2,0.0
ENSG00000288022.2,0.0
ENSG00000288023.1,0.0
ENSG00000288024.1,0.0
ENSG00000288025.1,0.0
ENSG00000288026.2,0.0
ENSG00000288028.1,0.0
ENSG00000288029.2,0.0
ENSG00000288030.1,0.0
ENSG00000288031.1,0.0
ENSG00000288032.1,0.0
ENSG00000288033.1,0.0
ENSG00000288034.2,0.0
ENSG00000288035.2,0.0
ENSG00000288036.2,0.0
ENSG00000288037.2,0.0
ENSG00000288038.2,0.0
ENSG00000288039.2,0.0
ENSG00000288040.2,0.325678
ENSG00000288041.2,0.0
ENSG00000288042.2,0.0
ENSG00000288043.2,0.281717
ENSG00000288044.4,6.729421
ENSG00000288045.1,0.0
ENSG00000288047.4,0.0
ENSG00000288048.1,0.11601
ENSG00000288049.2,0.0
ENSG00000288050.1,0.0
ENSG00000288051.2,0.0
ENSG00000288052.2,0.0
ENSG00000288053.1,0.894669
ENSG00000288054.1,0.0
ENSG00000288056.1,0.0
ENSG00000288057.2,0.0
ENSG00000288059.1,0.0
ENSG00000288060.2,0.0
ENSG00000288061.4,4.9452
ENSG00000288062.1,0.0
ENSG00000288063.1,0.158655
ENSG00000288064.1,0.0
ENSG00000288065.1,0.0
ENSG00000288066.1,0.0
ENSG00000288067.1,0.254566
ENSG00000288068.1,0.0
ENSG00000288069.1,0.0
ENSG00000288070.2,0.0
ENSG00000288071.1,0.0
ENSG00000288072.1,0.0
ENSG00000288073.2,0.0
ENSG00000288074.1,0.0
ENSG00000288075.2,1.327776
ENSG00000288076.1,0.0
ENSG00000288077.1,0.0
ENSG00000288078.2,0.0
ENSG00000288079.2,0.0
ENSG00000288080.2,0.0
ENSG00000288081.2,0.0
ENSG00000288082.2,0.387104
ENSG00000288083.2,0.0
ENSG00000288084.1,0.0
ENSG00000288085.1,0.0
ENSG00000288086.1,0.0
ENSG00000288087.1,0.0
ENSG00000288088.2,0.0
ENSG00000288089.1,0.0
ENSG00000288090.1,0.0
ENSG00000288091.1,0.0
ENSG00000288092.2,0.0
ENSG00000288093.1,0.0
ENSG00000288094.2,0.0
ENSG00000288095.3,0.124384
ENSG00000288096.1,0.0
ENSG00000288097.1,0.0
ENSG00000288098.2,0.0
ENSG00000288099.1,0.0
ENSG00000288100.1,0.0
ENSG00000288102.2,0.0
ENSG00000288103.2,0.0
ENSG00000288104.1,0.0
ENSG00000288105.1,0.0
ENSG00000288106.2,0.0
ENSG00000288107.2,0.074389
ENSG00000288108.1,0.0
ENSG00000288109.2,2.025927
ENSG00000288110.1,0.0
ENSG00000288112.1,0.0
ENSG00000288113.2,0.0
ENSG00000288119.1,0.0
ENSG00000288125.1,0.0
ENSG00000288128.1,0.0
ENSG00000288133.1,0.0
ENSG00000288135.1,0.0
ENSG00000288136.1,0.0
ENSG00000288137.1,0.0
ENSG00000288139.1,0.0
ENSG00000288142.2,0.0
ENSG00000288147.1,0.0
ENSG00000288148.1,0.0
ENSG00000288149.1,0.0
ENSG00000288150.1,0.0
ENSG00000288151.1,0.0
ENSG00000288152.1,0.0
ENSG00000288153.1,0.0
ENSG00000288156.1,27.40592
ENSG00000288157.1,0.0
ENSG00000288160.3,0.071082
ENSG00000288161.1,0.0
ENSG00000288162.2,0.0
ENSG00000288164.1,0.0
ENSG00000288165.1,13.461814
ENSG00000288166.1,0.0
ENSG00000288172.1,0.0
ENSG00000288175.3,0.0
ENSG00000288177.2,0.0
ENSG00000288178.1,0.0
ENSG00000288181.1,0.0
ENSG00000288184.1,0.0
ENSG00000288187.2,0.0
ENSG00000288188.1,0.0
ENSG00000288190.1,0.0
ENSG00000288191.1,0.0
ENSG00000288193.2,0.0
ENSG00000288194.1,0.0
ENSG00000288195.1,0.0
ENSG00000288198.2,0.0
ENSG00000288199.3,432.734618
ENSG00000288202.1,0.0
ENSG00000288208.1,0.0
ENSG00000288211.1,0.0
ENSG00000288214.1,0.0
ENSG00000288216.2,0.114163
ENSG00000288218.1,0.0
ENSG00000288219.1,0.0
ENSG00000288224.1,11.482705
ENSG00000288225.1,0.0
ENSG00000288230.1,0.0
ENSG00000288234.2,0.131213
ENSG00000288235.1,0.0
ENSG00000288236.1,0.0
ENSG00000288237.1,5.014324
ENSG00000288241.1,0.0
ENSG00000288243.1,0.0
ENSG00000288244.1,0.0
ENSG00000288245.1,0.0
ENSG00000288246.1,0.225203
ENSG00000288250.1,0.591088
ENSG00000288251.1,0.0
ENSG00000288252.1,0.0
ENSG00000288253.1,0.0
ENSG00000288255.1,0.0
ENSG00000288258.1,4.618983
ENSG00000288261.1,0.0
ENSG00000288262.1,0.0
ENSG00000288265.1,0.0
ENSG00000288266.1,0.0
ENSG00000288270.1,0.0
ENSG00000288271.1,0.0
ENSG00000288274.1,0.185075
ENSG00000288280.1,0.0
ENSG00000288282.1,2.237946
ENSG00000288284.1,0.0
ENSG00000288288.1,0.378986
ENSG00000288291.1,5.849347
ENSG00000288299.1,0.0
ENSG00000288300.2,0.0
ENSG00000288302.4,4.847358
ENSG00000288309.2,0.0
ENSG00000288312.1,0.0
ENSG00000288313.1,0.0
ENSG00000288316.1,0.0
ENSG00000288319.1,0.0
ENSG00000288320.1,0.0
ENSG00000288321.2,0.0
ENSG00000288323.2,0.0
ENSG00000288324.1,0.0
ENSG00000288330.1,0.0
ENSG00000288336.1,0.0
ENSG00000288337.1,0.0
ENSG00000288339.1,0.0
ENSG00000288344.1,0.0
ENSG00000288345.1,0.0
ENSG00000288347.1,0.0
ENSG00000288348.1,1.935153
ENSG00000288349.3,1.082489
ENSG00000288350.1,0.0
ENSG00000288352.1,0.67985
ENSG00000288354.1,0.0
ENSG00000288357.1,0.0
ENSG00000288360.1,0.0
ENSG00000288363.1,0.0
ENSG00000288364.1,0.0
ENSG00000288370.1,0.0
ENSG00000288371.1,0.0
ENSG00000288375.1,0.0
ENSG00000288381.1,0.0
ENSG00000288382.1,0.0
ENSG00000288383.1,0.0
ENSG00000288385.1,0.0
ENSG00000288389.1,0.0
ENSG00000288390.1,0.0
ENSG00000288391.1,0.0
ENSG00000288392.1,0.0
ENSG00000288393.2,0.0
ENSG00000288398.1,1.349848
ENSG00000288399.2,0.0
ENSG00000288403.1,0.0
ENSG00000288405.1,0.0
ENSG00000288413.1,0.0
ENSG00000288416.1,0.0
ENSG00000288422.1,0.0
ENSG00000288423.1,0.0
ENSG00000288425.1,0.0
ENSG00000288429.1,0.0
ENSG00000288431.1,0.0
ENSG00000288433.1,0.0
ENSG00000288434.1,0.0
ENSG00000288437.1,0.0
ENSG00000288438.1,0.0
ENSG00000288440.1,0.0
ENSG00000288442.1,0.0
ENSG00000288449.1,0.0
ENSG00000288453.1,0.0
ENSG00000288457.2,0.0
ENSG00000288458.1,0.0
ENSG00000288459.2,0.0
ENSG00000288460.1,0.0
ENSG00000288461.1,8.529712
ENSG00000288464.1,0.0
ENSG00000288465.1,0.0
ENSG00000288466.1,0.0
ENSG00000288472.1,0.0
ENSG00000288473.1,0.0
ENSG00000288475.5,1.185962
ENSG00000288477.1,0.0
ENSG00000288478.1,0.0
ENSG00000288480.1,0.0
ENSG00000288484.1,0.0
ENSG00000288485.1,20.317209
ENSG00000288486.1,0.0
ENSG00000288487.1,0.0
ENSG00000288488.2,0.0
ENSG00000288496.1,0.0
ENSG00000288501.1,0.0
ENSG00000288505.1,0.0
ENSG00000288506.1,0.0
ENSG00000288511.3,0.0
ENSG00000288515.1,0.0
ENSG00000288516.1,21.101975
ENSG00000288517.1,0.0
ENSG00000288518.1,0.0
ENSG00000288520.1,0.0
ENSG00000288523.2,0.0
ENSG00000288524.2,0.0
ENSG00000288525.1,0.0
ENSG00000288527.1,0.0
ENSG00000288528.2,0.0
ENSG00000288529.1,0.0
ENSG00000288530.1,0.0
ENSG00000288532.1,0.0
ENSG00000288533.1,0.19793
ENSG00000288534.1,0.0
ENSG00000288535.1,0.0
ENSG00000288536.2,0.41781
ENSG00000288537.1,0.0
ENSG00000288538.1,0.427178
ENSG00000288539.1,0.0
ENSG00000288540.1,0.0
ENSG00000288542.1,0.0
ENSG00000288543.1,0.0
ENSG00000288545.2,0.0
ENSG00000288547.3,0.0
ENSG00000288548.2,0.500244
ENSG00000288549.2,0.0
ENSG00000288550.3,0.0
ENSG00000288551.2,0.0
ENSG00000288552.2,0.0
ENSG00000288555.2,0.0
ENSG00000288556.2,0.0
ENSG00000288557.1,0.0
ENSG00000288558.3,1.553138
ENSG00000288559.1,1.031228
ENSG00000288560.2,0.0
ENSG00000288561.1,0.0
ENSG00000288562.2,0.0
ENSG00000288563.1,0.0
ENSG00000288564.1,0.0
ENSG00000288566.1,0.0
ENSG00000288567.1,0.0
ENSG00000288568.2,0.0
ENSG00000288569.2,0.0
ENSG00000288570.1,0.0
ENSG00000288571.1,0.0
ENSG00000288575.2,0.0
ENSG00000288576.2,0.0
ENSG00000288577.2,0.0
ENSG00000288578.2,0.0
ENSG00000288579.1,0.0
ENSG00000288582.2,0.214334
ENSG00000288584.2,0.0
ENSG00000288585.2,0.0
ENSG00000288586.2,0.0
ENSG00000288587.1,0.0
ENSG00000288588.2,0.0
ENSG00000288589.1,0.0
ENSG00000288591.1,0.0
ENSG00000288592.2,8.897444
ENSG00000288593.1,0.0
ENSG00000288595.3,0.0
ENSG00000288596.3,6.035551
ENSG00000288597.1,0.228678
ENSG00000288598.3,0.269412
ENSG00000288600.2,0.387894
ENSG00000288601.1,0.0
ENSG00000288602.1,0.0
ENSG00000288603.1,0.0
ENSG00000288604.1,6.805419
ENSG00000288605.1,0.0
ENSG00000288606.1,0.839092
ENSG00000288607.1,0.0
ENSG00000288608.1,0.0
ENSG00000288610.2,0.0
ENSG00000288611.1,0.055334
ENSG00000288612.1,4.536129
ENSG00000288613.1,0.0
ENSG00000288614.1,0.0
ENSG00000288615.1,0.0
ENSG00000288616.1,0.0
ENSG00000288620.1,0.0
ENSG00000288622.1,0.15864
ENSG00000288623.1,0.0
ENSG00000288625.1,0.0
ENSG00000288626.1,0.0
ENSG00000288627.1,0.0
ENSG00000288629.1,0.0
ENSG00000288631.1,0.0
ENSG00000288633.1,0.0
ENSG00000288634.1,0.0
ENSG00000288635.1,0.0
ENSG00000288636.1,0.0
ENSG00000288637.1,0.0
ENSG00000288638.1,0.0
ENSG00000288640.1,4.326326
ENSG00000288642.1,0.0
ENSG00000288643.1,0.0
ENSG00000288644.1,0.0
ENSG00000288645.1,0.0
ENSG00000288646.1,0.0
ENSG00000288648.1,0.0
ENSG00000288649.2,1.438157
ENSG00000288654.1,0.0
ENSG00000288656.2,0.0
ENSG00000288658.2,0.0
ENSG00000288659.4,0.0
ENSG00000288661.1,0.0
ENSG00000288662.1,0.0
ENSG00000288663.1,1.968789
ENSG00000288665.1,0.0
ENSG00000288667.1,0.0
ENSG00000288669.1,0.0
ENSG00000288670.1,0.688158
ENSG00000288671.1,0.0
ENSG00000288673.2,0.080871
ENSG00000288674.1,0.41704
ENSG00000288675.1,0.448135
ENSG00000288677.2,0.0
ENSG00000288678.2,0.0
ENSG00000288679.1,0.0
ENSG00000288680.1,0.0
ENSG00000288681.1,0.0
ENSG00000288683.1,0.0
ENSG00000288684.1,0.0
ENSG00000288685.1,0.0
ENSG00000288686.1,0.0
ENSG00000288690.3,0.0
ENSG00000288691.2,0.0
ENSG00000288692.2,0.0
ENSG00000288694.2,0.0
ENSG00000288695.1,0.0
ENSG00000288696.4,3.263923
ENSG00000288697.1,0.0
ENSG00000288698.1,0.0
ENSG00000288699.1,0.0
ENSG00000288700.3,19.126558
ENSG00000288701.1,23.476833
ENSG00000288702.1,0.0
ENSG00000288703.2,0.195206
ENSG00000288704.2,0.402648
ENSG00000288705.1,0.0
ENSG00000288706.1,0.0
ENSG00000288707.1,0.0
ENSG00000288708.1,0.0
ENSG00000288709.1,0.0
ENSG00000288710.1,0.558448
ENSG00000288711.1,0.0
ENSG00000288712.1,0.0
ENSG00000288713.2,0.0
ENSG00000288714.2,0.0
ENSG00000288715.2,0.0
ENSG00000288716.1,0.0
ENSG00000288717.2,0.0
ENSG00000288718.1,0.0
ENSG00000288719.1,0.054748
ENSG00000288720.2,0.0
ENSG00000288721.1,0.1625
ENSG00000288722.1,54.83912
ENSG00000288723.2,0.0
ENSG00000288724.2,0.0
ENSG00000288725.1,1.449655
ENSG00000288726.3,0.0
ENSG00000288727.3,1.501613
ENSG00000288728.3,0.0
ENSG00000288729.3,0.0
ENSG00000288730.2,1.376267
ENSG00000288731.2,10.694025000000002
ENSG00000288732.2,0.0
ENSG00000288734.3,0.0
ENSG00000288735.3,0.0
ENSG00000288736.3,0.410076
ENSG00000288737.3,0.0
ENSG00000288738.2,0.459193
ENSG00000288739.2,0.0
ENSG00000288740.2,0.27629
ENSG00000288741.2,0.803884
ENSG00000288742.3,0.196356
ENSG00000288743.2,0.0
ENSG00000288744.1,0.0
ENSG00000288745.1,0.20754
ENSG00000288746.3,1.472144
ENSG00000288747.3,0.0
ENSG00000288748.2,0.31799
ENSG00000288750.2,0.0
ENSG00000288751.2,0.0
ENSG00000288752.3,0.399058
ENSG00000288753.2,0.0
ENSG00000288755.2,0.0
ENSG00000288756.3,1.207387
ENSG00000288757.1,22.733454
ENSG00000288758.3,7.835306
ENSG00000288759.3,0.125014
ENSG00000288760.2,0.0
ENSG00000288761.3,0.0
ENSG00000288762.2,0.942664
ENSG00000288763.2,1.240967
ENSG00000288764.3,0.0
ENSG00000288765.2,0.0
ENSG00000288766.2,0.0
ENSG00000288767.3,1.736374
ENSG00000288768.2,0.0
ENSG00000288769.3,0.0
ENSG00000288770.1,0.0
ENSG00000288771.3,8.703185999999999
ENSG00000288773.3,0.649432
ENSG00000288774.2,0.0
ENSG00000288775.3,0.0
ENSG00000288776.2,0.0
ENSG00000288777.1,0.0
ENSG00000288778.3,0.0
ENSG00000288779.3,0.0
ENSG00000288780.1,0.0
ENSG00000288781.3,0.794309
ENSG00000288782.2,0.313626
ENSG00000288783.2,0.0
ENSG00000288784.1,0.0
ENSG00000288785.2,0.0
ENSG00000288786.1,0.0
ENSG00000288787.2,0.0
ENSG00000288790.2,0.990167
ENSG00000288791.2,0.0
ENSG00000288792.1,1.043322
ENSG00000288793.1,0.0
ENSG00000288794.1,0.0
ENSG00000288795.2,0.0
ENSG00000288796.1,54.638362
ENSG00000288797.1,0.552924
ENSG00000288798.3,0.0
ENSG00000288799.2,0.0
ENSG00000288800.1,0.0
ENSG00000288801.2,0.312404
ENSG00000288802.1,0.0
ENSG00000288803.1,0.675266
ENSG00000288804.2,0.30515
ENSG00000288805.2,0.0
ENSG00000288807.2,0.0
ENSG00000288809.2,0.0
ENSG00000288811.3,0.239093
ENSG00000288812.2,0.0
ENSG00000288813.2,1.232579
ENSG00000288814.2,0.0
ENSG00000288815.1,0.0
ENSG00000288817.2,0.093668
ENSG00000288818.2,0.256669
ENSG00000288820.3,0.0
ENSG00000288821.2,0.0
ENSG00000288822.3,0.0
ENSG00000288823.2,0.0
ENSG00000288825.1,108.251907
ENSG00000288826.2,0.0
ENSG00000288827.1,2.242114
ENSG00000288828.2,0.0
ENSG00000288829.1,0.0
ENSG00000288830.3,0.0
ENSG00000288831.3,0.0
ENSG00000288832.1,0.0
ENSG00000288833.3,0.195665
ENSG00000288834.3,0.0
ENSG00000288835.2,0.0
ENSG00000288836.2,3.679337
ENSG00000288837.2,0.0
ENSG00000288838.2,15.871492
ENSG00000288839.1,0.471255
ENSG00000288840.2,0.0
ENSG00000288841.1,0.0
ENSG00000288842.2,0.0
ENSG00000288843.3,0.0
ENSG00000288844.2,0.0
ENSG00000288845.1,0.801474
ENSG00000288846.2,0.0
ENSG00000288848.3,0.0
ENSG00000288849.1,5.088428
ENSG00000288851.2,0.0
ENSG00000288852.2,0.71242
ENSG00000288853.2,0.986363
ENSG00000288854.3,1.1832179999999999
ENSG00000288855.1,0.0
ENSG00000288856.3,0.344079
ENSG00000288857.2,0.949871
ENSG00000288858.3,0.308715
ENSG00000288859.2,128.567717
ENSG00000288860.2,2.121443
ENSG00000288861.1,0.434094
ENSG00000288862.2,0.0
ENSG00000288863.1,0.0
ENSG00000288864.1,0.0
ENSG00000288865.2,0.0
ENSG00000288866.2,0.0
ENSG00000288867.1,1.30898
ENSG00000288868.3,0.0
ENSG00000288869.3,14.65783
ENSG00000288871.3,0.348667
ENSG00000288872.2,0.0
ENSG00000288873.3,0.0
ENSG00000288874.3,0.0
ENSG00000288875.3,43.838717
ENSG00000288876.1,0.0
ENSG00000288877.2,0.0
ENSG00000288878.2,0.0
ENSG00000288879.3,0.0
ENSG00000288880.3,0.570662
ENSG00000288881.1,0.0
ENSG00000288882.2,7.6285
ENSG00000288883.2,0.0
ENSG00000288885.3,0.0
ENSG00000288886.3,1.176685
ENSG00000288887.3,11.040134
ENSG00000288888.1,0.0
ENSG00000288890.1,0.0
ENSG00000288891.3,0.26312
ENSG00000288892.1,0.0
ENSG00000288893.2,0.0
ENSG00000288894.1,0.0
ENSG00000288895.3,0.580492
ENSG00000288897.1,0.0
ENSG00000288898.2,0.0
ENSG00000288899.1,0.0
ENSG00000288900.2,0.93973
ENSG00000288901.2,0.0
ENSG00000288902.3,0.0
ENSG00000288903.2,0.0
ENSG00000288905.3,0.0
ENSG00000288906.2,1.361982
ENSG00000288907.3,0.505746
ENSG00000288908.1,1.183575
ENSG00000288909.3,0.170849
ENSG00000288910.1,0.0
ENSG00000288911.3,0.0
ENSG00000288912.2,0.0
ENSG00000288913.3,0.0
ENSG00000288914.1,0.0
ENSG00000288915.2,0.895054
ENSG00000288916.2,0.0
ENSG00000288917.1,0.0
ENSG00000288918.1,0.0
ENSG00000288919.2,0.0
ENSG00000288920.1,12.205154
ENSG00000288921.2,0.204101
ENSG00000288922.3,0.967675
ENSG00000288923.1,0.0
ENSG00000288924.1,9.509855
ENSG00000288925.2,0.0
ENSG00000288926.3,0.120214
ENSG00000288927.3,0.0
ENSG00000288928.1,0.0
ENSG00000288929.3,0.0
ENSG00000288930.1,0.0
ENSG00000288931.1,0.0
ENSG00000288932.1,4.190899
ENSG00000288933.3,2.080041
ENSG00000288934.3,0.757757
ENSG00000288935.2,1.08414
ENSG00000288936.2,0.0
ENSG00000288937.3,0.275947
ENSG00000288938.2,0.0
ENSG00000288939.2,1.338853
ENSG00000288940.2,0.0
ENSG00000288941.2,0.0
ENSG00000288942.2,0.0
ENSG00000288944.2,0.0
ENSG00000288945.1,0.0
ENSG00000288946.2,0.0
ENSG00000288947.3,0.0
ENSG00000288948.1,0.0
ENSG00000288949.1,0.0
ENSG00000288951.3,0.0
ENSG00000288952.3,0.0
ENSG00000288953.1,6.373483
ENSG00000288955.2,0.0
ENSG00000288956.3,1.035903
ENSG00000288958.2,0.0
ENSG00000288959.2,0.0
ENSG00000288960.3,1.2379
ENSG00000288961.3,1.045142
ENSG00000288962.3,0.0
ENSG00000288964.2,0.0
ENSG00000288965.1,0.0
ENSG00000288966.2,0.0
ENSG00000288967.2,0.0
ENSG00000288968.1,0.0
ENSG00000288969.1,0.0
ENSG00000288970.2,8.369356
ENSG00000288971.1,0.0
ENSG00000288973.1,0.778274
ENSG00000288974.3,0.0
ENSG00000288975.1,0.0
ENSG00000288976.1,1.474039
ENSG00000288977.2,0.0
ENSG00000288978.4,0.0
ENSG00000288979.2,0.0
ENSG00000288980.1,0.0
ENSG00000288983.3,0.24863
ENSG00000288984.1,0.0
ENSG00000288985.3,0.0
ENSG00000288987.2,0.0
ENSG00000288988.2,2.406766
ENSG00000288989.3,0.972612
ENSG00000288990.3,4.104806
ENSG00000288992.2,0.0
ENSG00000288993.2,0.0
ENSG00000288994.1,0.0
ENSG00000288995.1,0.0
ENSG00000288996.3,0.137802
ENSG00000288997.3,3.303013
ENSG00000288998.3,0.0
ENSG00000288999.3,0.0
ENSG00000289000.2,0.0
ENSG00000289001.1,0.0
ENSG00000289002.3,0.0
ENSG00000289003.1,0.0
ENSG00000289004.3,0.565388
ENSG00000289006.1,0.0
ENSG00000289007.3,3.734964
ENSG00000289009.3,0.811717
ENSG00000289010.2,0.0
ENSG00000289011.2,0.0
ENSG00000289012.1,0.0
ENSG00000289013.1,0.0
ENSG00000289014.2,0.0
ENSG00000289015.2,0.719306
ENSG00000289016.2,0.0
ENSG00000289017.1,0.0
ENSG00000289018.3,0.191782
ENSG00000289019.2,0.785382
ENSG00000289020.2,0.0
ENSG00000289021.2,0.322597
ENSG00000289023.1,0.0
ENSG00000289024.2,0.0
ENSG00000289025.1,0.0
ENSG00000289026.2,0.0
ENSG00000289027.1,0.0
ENSG00000289028.3,0.198371
ENSG00000289029.2,0.0
ENSG00000289030.2,0.0
ENSG00000289031.2,0.0
ENSG00000289032.2,0.506899
ENSG00000289033.3,0.0
ENSG00000289034.2,0.0
ENSG00000289035.2,0.0
ENSG00000289037.3,0.696787
ENSG00000289038.3,1.580866
ENSG00000289039.2,16.341377
ENSG00000289040.1,0.0
ENSG00000289041.2,0.0
ENSG00000289042.1,0.518729
ENSG00000289043.2,2.013623
ENSG00000289044.3,0.771789
ENSG00000289045.1,1.058207
ENSG00000289046.2,0.0
ENSG00000289047.3,0.800991
ENSG00000289049.2,0.0
ENSG00000289050.2,0.0
ENSG00000289051.1,0.0
ENSG00000289052.2,0.0
ENSG00000289053.3,2.601304
ENSG00000289054.1,0.0
ENSG00000289055.3,0.488248
ENSG00000289056.3,3.246812
ENSG00000289057.1,0.0
ENSG00000289058.3,0.0
ENSG00000289059.2,0.0
ENSG00000289060.2,0.0
ENSG00000289061.2,0.342476
ENSG00000289062.3,0.661534
ENSG00000289063.3,0.0
ENSG00000289064.2,0.0
ENSG00000289065.2,0.0
ENSG00000289066.2,0.510878
ENSG00000289067.2,0.701184
ENSG00000289068.3,0.0
ENSG00000289070.3,2.968042
ENSG00000289071.3,0.0
ENSG00000289072.2,0.0
ENSG00000289073.2,0.0
ENSG00000289074.3,0.38556
ENSG00000289075.3,0.0
ENSG00000289076.3,0.0
ENSG00000289077.2,0.0
ENSG00000289078.2,0.0
ENSG00000289079.2,0.0
ENSG00000289080.2,0.808273
ENSG00000289081.2,0.0
ENSG00000289085.1,0.0
ENSG00000289086.3,0.0
ENSG00000289087.2,0.0
ENSG00000289088.1,0.3446
ENSG00000289089.2,0.0
ENSG00000289090.2,0.0
ENSG00000289091.2,1.073793
ENSG00000289092.1,0.557081
ENSG00000289093.2,0.181006
ENSG00000289094.1,0.0
ENSG00000289095.3,0.0
ENSG00000289096.1,0.0
ENSG00000289097.2,0.0
ENSG00000289098.1,0.0
ENSG00000289099.1,0.0
ENSG00000289100.2,3.301822
ENSG00000289101.2,0.0
ENSG00000289102.1,1.926823
ENSG00000289103.3,0.0
ENSG00000289104.2,0.0
ENSG00000289105.2,0.0
ENSG00000289106.3,2.612639
ENSG00000289107.1,0.0
ENSG00000289108.2,0.0
ENSG00000289109.2,0.0
ENSG00000289110.2,0.0
ENSG00000289111.3,0.0
ENSG00000289112.3,1.043322
ENSG00000289113.2,0.321663
ENSG00000289114.2,0.154358
ENSG00000289115.2,0.0
ENSG00000289116.2,0.0
ENSG00000289117.3,0.0
ENSG00000289118.2,0.0
ENSG00000289119.2,0.0
ENSG00000289120.3,0.0
ENSG00000289121.2,0.288291
ENSG00000289123.3,0.0
ENSG00000289124.2,0.0
ENSG00000289125.2,0.0
ENSG00000289126.3,0.294011
ENSG00000289127.2,0.441858
ENSG00000289128.2,0.0
ENSG00000289129.3,3.8725449999999997
ENSG00000289130.3,1.08383
ENSG00000289131.3,0.0
ENSG00000289132.2,0.459472
ENSG00000289133.2,0.0
ENSG00000289134.1,0.0
ENSG00000289136.2,0.0
ENSG00000289137.3,0.633263
ENSG00000289138.1,1.066433
ENSG00000289139.2,0.0
ENSG00000289140.2,0.0
ENSG00000289141.3,0.0
ENSG00000289143.1,0.0
ENSG00000289144.3,0.0
ENSG00000289145.1,1.072641
ENSG00000289146.3,0.0
ENSG00000289148.2,0.0
ENSG00000289149.2,1.543495
ENSG00000289150.2,0.0
ENSG00000289151.3,0.467889
ENSG00000289152.3,0.0
ENSG00000289153.3,0.0
ENSG00000289154.2,1.241762
ENSG00000289155.3,0.719306
ENSG00000289156.3,0.0
ENSG00000289157.2,0.0
ENSG00000289158.2,0.0
ENSG00000289159.3,0.0
ENSG00000289161.3,5.50997
ENSG00000289162.3,0.0
ENSG00000289163.1,0.0
ENSG00000289164.1,0.989933
ENSG00000289165.3,0.0
ENSG00000289166.2,0.0
ENSG00000289168.2,0.0
ENSG00000289169.2,0.0
ENSG00000289170.2,0.27854
ENSG00000289171.1,1.719869
ENSG00000289172.3,46.419388999999995
ENSG00000289173.3,0.0
ENSG00000289174.2,0.0
ENSG00000289175.1,0.0
ENSG00000289177.3,0.986929
ENSG00000289178.3,0.0
ENSG00000289180.3,0.0
ENSG00000289181.3,0.718005
ENSG00000289182.2,0.575346
ENSG00000289183.3,0.0
ENSG00000289185.2,0.0
ENSG00000289186.1,0.0
ENSG00000289187.1,0.0
ENSG00000289188.1,0.0
ENSG00000289189.3,0.704628
ENSG00000289190.3,0.0
ENSG00000289191.3,2.323434
ENSG00000289192.1,0.0
ENSG00000289193.3,0.0
ENSG00000289195.2,0.0
ENSG00000289196.3,0.152871
ENSG00000289197.3,0.0
ENSG00000289198.2,0.0
ENSG00000289199.3,0.0
ENSG00000289200.2,0.0
ENSG00000289201.2,0.0
ENSG00000289202.4,0.0
ENSG00000289203.2,0.0
ENSG00000289204.1,0.0
ENSG00000289205.3,0.132702
ENSG00000289207.2,0.0
ENSG00000289208.1,0.0
ENSG00000289210.1,0.208513
ENSG00000289211.2,0.0
ENSG00000289212.2,0.0
ENSG00000289213.3,0.0
ENSG00000289214.1,0.2615
ENSG00000289215.1,0.0
ENSG00000289216.2,0.0
ENSG00000289217.3,0.0
ENSG00000289218.2,0.0
ENSG00000289219.2,0.0
ENSG00000289220.2,0.0
ENSG00000289221.2,0.0
ENSG00000289222.3,0.0
ENSG00000289223.2,0.788756
ENSG00000289224.2,0.0
ENSG00000289225.3,0.0
ENSG00000289226.3,1.207387
ENSG00000289227.1,0.0
ENSG00000289228.3,0.0
ENSG00000289229.1,0.0
ENSG00000289230.2,0.0
ENSG00000289231.2,0.140237
ENSG00000289232.2,0.0
ENSG00000289233.1,0.0
ENSG00000289234.3,0.857469
ENSG00000289235.2,0.0
ENSG00000289236.2,0.0
ENSG00000289237.3,0.0
ENSG00000289238.3,0.378644
ENSG00000289239.3,0.0
ENSG00000289241.2,0.0
ENSG00000289243.2,0.683104
ENSG00000289244.3,0.356782
ENSG00000289245.3,3.349025
ENSG00000289246.3,4.14896
ENSG00000289247.1,0.0
ENSG00000289248.2,0.0
ENSG00000289249.3,0.0
ENSG00000289250.1,0.0
ENSG00000289251.3,44.214781
ENSG00000289252.2,0.153505
ENSG00000289253.3,0.547027
ENSG00000289254.2,0.0
ENSG00000289256.3,0.0
ENSG00000289257.3,0.0
ENSG00000289258.1,0.0
ENSG00000289259.3,0.0
ENSG00000289260.3,0.350316
ENSG00000289261.2,0.0
ENSG00000289262.2,0.0
ENSG00000289263.2,7.001015
ENSG00000289264.1,0.0
ENSG00000289265.1,0.0
ENSG00000289266.1,0.0
ENSG00000289267.2,0.0
ENSG00000289268.1,0.435835
ENSG00000289269.1,0.715879
ENSG00000289270.1,0.0
ENSG00000289271.3,2.005974
ENSG00000289272.1,1.107224
ENSG00000289273.1,415.626355
ENSG00000289274.2,0.0
ENSG00000289275.2,0.0
ENSG00000289276.1,0.0
ENSG00000289277.2,0.722812
ENSG00000289278.3,5.3205290000000005
ENSG00000289279.1,0.0
ENSG00000289280.3,0.0
ENSG00000289281.1,0.0
ENSG00000289282.1,0.0
ENSG00000289283.1,0.0
ENSG00000289284.1,0.0
ENSG00000289285.2,0.627881
ENSG00000289286.2,0.169417
ENSG00000289287.2,0.0
ENSG00000289288.3,0.0
ENSG00000289289.3,0.8800030000000001
ENSG00000289290.2,0.0
ENSG00000289291.1,0.309791
ENSG00000289292.3,0.0
ENSG00000289293.2,2.175457
ENSG00000289294.3,0.599124
ENSG00000289295.1,1.025492
ENSG00000289296.3,0.0
ENSG00000289297.3,0.0
ENSG00000289298.3,0.153082
ENSG00000289299.2,0.209892
ENSG00000289300.3,0.0
ENSG00000289301.3,0.12294
ENSG00000289302.2,0.0
ENSG00000289303.3,0.33255
ENSG00000289304.3,0.0
ENSG00000289305.1,0.0
ENSG00000289306.1,0.0
ENSG00000289308.3,0.0
ENSG00000289309.2,0.0
ENSG00000289310.1,0.178822
ENSG00000289311.3,0.17998
ENSG00000289312.2,0.0
ENSG00000289313.2,0.0
ENSG00000289314.1,0.0
ENSG00000289316.1,16.160179
ENSG00000289317.3,0.587772
ENSG00000289318.3,0.484188
ENSG00000289319.2,0.0
ENSG00000289320.2,1.465822
ENSG00000289322.3,0.0
ENSG00000289323.1,0.0
ENSG00000289324.3,0.0
ENSG00000289325.1,0.0
ENSG00000289326.3,0.122668
ENSG00000289327.3,0.0
ENSG00000289328.1,0.0
ENSG00000289330.1,0.0
ENSG00000289331.2,13.305403
ENSG00000289332.3,0.0
ENSG00000289333.2,0.0
ENSG00000289334.1,2.339741
ENSG00000289335.2,0.0
ENSG00000289336.2,0.0
ENSG00000289337.1,0.0
ENSG00000289338.3,0.0
ENSG00000289339.3,8.026664
ENSG00000289340.3,0.274075
ENSG00000289341.3,0.0
ENSG00000289342.3,0.0
ENSG00000289343.2,0.0
ENSG00000289344.2,0.0
ENSG00000289345.1,0.0
ENSG00000289346.1,0.0
ENSG00000289347.2,2.43457
ENSG00000289348.2,0.0
ENSG00000289349.2,0.0
ENSG00000289350.2,0.0
ENSG00000289351.3,3.145406
ENSG00000289352.3,0.0
ENSG00000289353.1,6.891695
ENSG00000289354.2,0.0
ENSG00000289355.3,0.0
ENSG00000289356.2,0.362813
ENSG00000289357.1,0.0
ENSG00000289358.2,0.339858
ENSG00000289359.2,0.0
ENSG00000289360.1,0.0
ENSG00000289361.1,0.163799
ENSG00000289362.2,0.0
ENSG00000289363.1,0.0
ENSG00000289364.3,0.0
ENSG00000289365.2,0.31959
ENSG00000289366.2,0.369228
ENSG00000289367.2,0.0
ENSG00000289368.3,0.0
ENSG00000289369.1,0.0
ENSG00000289370.3,0.163318
ENSG00000289371.1,0.274753
ENSG00000289372.3,0.6152420000000001
ENSG00000289373.2,0.307003
ENSG00000289374.2,0.0
ENSG00000289375.2,0.133659
ENSG00000289376.3,0.0
ENSG00000289377.3,0.777187
ENSG00000289378.2,0.450405
ENSG00000289379.3,0.0
ENSG00000289380.1,0.0
ENSG00000289381.2,1.594005
ENSG00000289382.3,1.153166
ENSG00000289383.2,0.0
ENSG00000289384.3,0.0
ENSG00000289385.2,0.0
ENSG00000289386.3,0.0
ENSG00000289387.2,0.0
ENSG00000289388.1,0.0
ENSG00000289389.2,0.0
ENSG00000289390.1,2.012396
ENSG00000289391.3,3.417535
ENSG00000289392.1,0.0
ENSG00000289393.2,1.981591
ENSG00000289394.2,0.0
ENSG00000289395.3,0.0
ENSG00000289396.1,0.0
ENSG00000289397.2,0.846933
ENSG00000289398.2,2.0039730000000002
ENSG00000289399.3,0.48969799999999997
ENSG00000289400.3,1.197174
ENSG00000289401.1,1.352446
ENSG00000289402.3,0.0
ENSG00000289403.2,0.0
ENSG00000289404.3,0.0
ENSG00000289405.3,0.440076
ENSG00000289406.2,0.0
ENSG00000289407.2,0.409321
ENSG00000289408.3,0.0
ENSG00000289409.3,0.0
ENSG00000289410.3,0.0
ENSG00000289412.3,0.44146
ENSG00000289414.3,0.0
ENSG00000289415.1,1.156164
ENSG00000289417.1,0.0
ENSG00000289418.2,0.0
ENSG00000289419.1,0.134386
ENSG00000289420.2,0.0
ENSG00000289421.2,0.813599
ENSG00000289422.3,0.0
ENSG00000289423.2,0.0
ENSG00000289424.3,12.386604
ENSG00000289425.1,0.0
ENSG00000289426.2,0.238448
ENSG00000289427.2,0.0
ENSG00000289428.3,0.0
ENSG00000289429.2,0.0
ENSG00000289430.1,0.0
ENSG00000289431.3,0.0
ENSG00000289432.3,0.0
ENSG00000289433.1,0.0
ENSG00000289434.3,0.67112
ENSG00000289435.2,0.0
ENSG00000289436.2,0.0
ENSG00000289437.1,0.0
ENSG00000289438.2,0.0
ENSG00000289439.3,1.444387
ENSG00000289440.2,0.443663
ENSG00000289441.2,0.0
ENSG00000289442.2,0.0
ENSG00000289443.1,0.0
ENSG00000289444.2,0.6980930000000001
ENSG00000289445.3,0.0
ENSG00000289446.2,0.620518
ENSG00000289447.3,0.0
ENSG00000289449.1,0.0
ENSG00000289450.3,0.0
ENSG00000289451.3,0.0
ENSG00000289452.2,0.0
ENSG00000289453.3,0.0
ENSG00000289454.2,0.0
ENSG00000289456.2,0.0
ENSG00000289457.3,0.089447
ENSG00000289458.3,0.0
ENSG00000289459.2,0.0
ENSG00000289460.2,0.0
ENSG00000289461.3,0.0
ENSG00000289462.2,0.0
ENSG00000289463.1,0.0
ENSG00000289464.2,1.162197
ENSG00000289466.1,0.0
ENSG00000289468.1,0.0
ENSG00000289469.3,0.886723
ENSG00000289470.2,1.9671239999999999
ENSG00000289471.2,13.70162
ENSG00000289472.1,0.0
ENSG00000289473.3,0.0
ENSG00000289474.2,269.350545
ENSG00000289475.3,0.0
ENSG00000289476.1,0.917212
ENSG00000289477.3,0.0
ENSG00000289478.2,1.160101
ENSG00000289479.2,0.565586
ENSG00000289480.1,0.0
ENSG00000289481.3,0.0
ENSG00000289482.2,0.0
ENSG00000289483.2,0.0
ENSG00000289484.2,0.0
ENSG00000289485.2,0.326386
ENSG00000289487.1,0.0
ENSG00000289488.1,0.0
ENSG00000289489.2,0.0
ENSG00000289490.1,0.0
ENSG00000289491.1,0.0
ENSG00000289492.2,0.0
ENSG00000289493.3,0.0
ENSG00000289494.3,0.0
ENSG00000289495.1,0.0
ENSG00000289496.3,0.138145
ENSG00000289497.3,0.0
ENSG00000289498.2,0.0
ENSG00000289499.2,0.0
ENSG00000289500.3,0.0
ENSG00000289501.2,0.0
ENSG00000289502.1,0.0
ENSG00000289503.1,0.0
ENSG00000289504.1,2.940899
ENSG00000289505.1,0.0
ENSG00000289506.3,0.096894
ENSG00000289507.1,0.591682
ENSG00000289508.3,0.0
ENSG00000289509.2,0.0
ENSG00000289510.3,0.0
ENSG00000289511.2,0.4431
ENSG00000289513.3,0.0
ENSG00000289514.3,9.739852
ENSG00000289515.3,0.838718
ENSG00000289516.2,0.255489
ENSG00000289517.1,0.0
ENSG00000289518.2,0.0
ENSG00000289519.1,0.233974
ENSG00000289520.1,2.889579
ENSG00000289521.3,0.296362
ENSG00000289522.2,0.0
ENSG00000289523.1,1.713567
ENSG00000289525.3,2.884164
ENSG00000289526.3,0.398319
ENSG00000289527.2,0.384504
ENSG00000289528.1,0.0
ENSG00000289529.3,0.0
ENSG00000289530.2,0.0
ENSG00000289532.2,0.0
ENSG00000289533.2,0.0
ENSG00000289534.1,0.0
ENSG00000289535.3,0.0
ENSG00000289536.1,0.0
ENSG00000289537.3,0.359088
ENSG00000289538.3,8.678932
ENSG00000289539.2,0.0
ENSG00000289540.2,0.636404
ENSG00000289543.3,0.0
ENSG00000289544.2,0.0
ENSG00000289546.2,3.696375
ENSG00000289547.2,0.0
ENSG00000289548.3,2.278822
ENSG00000289549.1,0.0
ENSG00000289550.2,0.0
ENSG00000289551.3,3.739159
ENSG00000289552.3,0.331744
ENSG00000289553.2,0.0
ENSG00000289554.1,1.188638
ENSG00000289555.2,0.0
ENSG00000289556.3,0.0
ENSG00000289557.2,0.313941
ENSG00000289558.2,0.0
ENSG00000289559.3,0.0
ENSG00000289560.3,0.0
ENSG00000289561.3,26.515281
ENSG00000289562.3,0.574348
ENSG00000289564.2,0.223168
ENSG00000289565.1,1.100268
ENSG00000289566.3,0.0
ENSG00000289567.3,0.0
ENSG00000289568.4,0.0
ENSG00000289569.2,0.225106
ENSG00000289570.2,0.0
ENSG00000289571.3,0.0
ENSG00000289572.1,0.0
ENSG00000289573.2,0.0
ENSG00000289574.1,0.0
ENSG00000289575.2,0.0
ENSG00000289576.3,1.015893
ENSG00000289577.3,0.0
ENSG00000289578.2,0.0
ENSG00000289579.1,0.0
ENSG00000289580.2,0.0
ENSG00000289581.1,0.0
ENSG00000289582.2,6.408317
ENSG00000289583.2,0.0
ENSG00000289584.1,2.602203
ENSG00000289585.3,0.17683
ENSG00000289586.3,0.0
ENSG00000289587.3,2.4054070000000003
ENSG00000289588.2,0.0
ENSG00000289589.3,0.0
ENSG00000289591.3,0.0
ENSG00000289592.3,0.0
ENSG00000289594.2,0.267479
ENSG00000289595.2,0.0
ENSG00000289596.2,0.0
ENSG00000289597.2,0.0
ENSG00000289598.2,0.491683
ENSG00000289599.3,0.0
ENSG00000289601.2,0.833532
ENSG00000289602.2,0.0
ENSG00000289603.2,0.0
ENSG00000289604.1,0.0
ENSG00000289605.2,0.0
ENSG00000289606.1,2.642526
ENSG00000289607.3,0.0
ENSG00000289608.3,0.437549
ENSG00000289609.3,0.0
ENSG00000289610.3,0.0
ENSG00000289611.1,0.0
ENSG00000289612.1,0.0
ENSG00000289613.1,0.0
ENSG00000289615.3,0.0
ENSG00000289616.3,0.0
ENSG00000289617.1,0.715831
ENSG00000289618.3,0.0
ENSG00000289621.3,10.428055
ENSG00000289622.3,1.018018
ENSG00000289623.3,0.0
ENSG00000289624.2,0.0
ENSG00000289625.2,0.0
ENSG00000289626.1,1.347288
ENSG00000289627.1,0.0
ENSG00000289628.1,0.0
ENSG00000289629.1,0.0
ENSG00000289630.3,0.0
ENSG00000289631.2,0.0
ENSG00000289632.1,0.0
ENSG00000289633.2,0.376719
ENSG00000289634.1,0.0
ENSG00000289637.2,1.14827
ENSG00000289639.1,0.0
ENSG00000289640.2,0.145754
ENSG00000289641.2,0.0
ENSG00000289642.1,0.0
ENSG00000289643.2,0.239006
ENSG00000289644.2,0.0
ENSG00000289653.1,0.0
ENSG00000289685.2,0.0
ENSG00000289687.1,0.0
ENSG00000289688.2,0.546107
ENSG00000289689.1,0.0
ENSG00000289690.1,3.031633
ENSG00000289691.1,4.261559
ENSG00000289692.1,1.638742
ENSG00000289694.1,137.684609
ENSG00000289695.1,0.0
ENSG00000289697.1,0.0
ENSG00000289698.1,1.757588
ENSG00000289699.1,0.0
ENSG00000289700.1,0.0
ENSG00000289701.1,1.172092
ENSG00000289702.1,0.207928
ENSG00000289703.1,0.0
ENSG00000289704.1,0.0
ENSG00000289706.1,0.0
ENSG00000289707.2,0.0
ENSG00000289708.1,0.0
ENSG00000289709.2,0.0
ENSG00000289710.1,0.0
ENSG00000289711.1,0.0
ENSG00000289712.1,0.0
ENSG00000289713.1,0.0
ENSG00000289714.1,0.0
ENSG00000289715.1,0.0
ENSG00000289716.1,0.0
ENSG00000289718.3,0.0
ENSG00000289720.1,0.82471
ENSG00000289721.1,0.0
ENSG00000289723.1,0.820297
ENSG00000289724.1,0.0
ENSG00000289725.2,0.753114
ENSG00000289726.1,0.0
ENSG00000289727.1,0.279123
ENSG00000289729.1,0.0
ENSG00000289730.1,0.0
ENSG00000289731.3,1.632164
ENSG00000289732.1,0.0
ENSG00000289734.2,0.0
ENSG00000289735.1,0.0
ENSG00000289736.1,0.0
ENSG00000289739.1,0.0
ENSG00000289740.2,0.0
ENSG00000289741.1,0.569671
ENSG00000289742.1,0.0
ENSG00000289744.1,0.0
ENSG00000289745.2,0.0
ENSG00000289746.1,10.120999
ENSG00000289747.1,0.0
ENSG00000289748.1,0.0
ENSG00000289750.1,0.0
ENSG00000289752.1,0.0
ENSG00000289754.1,0.0
ENSG00000289755.2,3.774338
ENSG00000289756.1,0.0
ENSG00000289757.1,0.0
ENSG00000289758.1,2.63385
ENSG00000289760.1,0.0
ENSG00000289761.1,0.0
ENSG00000289762.1,0.0
ENSG00000289763.1,0.0
ENSG00000289764.2,0.0
ENSG00000289766.1,0.0
ENSG00000289767.1,0.0
ENSG00000289768.1,295.455982
ENSG00000289788.1,0.0
ENSG00000289791.1,0.0
ENSG00000289809.2,0.0
ENSG00000289810.1,3.311952
ENSG00000289811.1,0.0
ENSG00000289814.1,0.124663
ENSG00000289827.2,0.0
ENSG00000289828.2,0.0
ENSG00000289829.2,0.254029
ENSG00000289831.2,0.0
ENSG00000289832.2,0.0
ENSG00000289833.2,0.0
ENSG00000289834.1,0.0
ENSG00000289835.2,0.0
ENSG00000289836.2,0.0
ENSG00000289837.2,0.0
ENSG00000289838.2,0.0
ENSG00000289839.2,0.0
ENSG00000289841.1,0.0
ENSG00000289842.2,0.0
ENSG00000289843.2,0.697641
ENSG00000289844.2,0.0
ENSG00000289845.2,0.0
ENSG00000289846.2,0.0
ENSG00000289847.2,0.0
ENSG00000289848.2,0.0
ENSG00000289849.2,0.0
ENSG00000289850.2,0.0
ENSG00000289851.2,0.0
ENSG00000289852.2,0.0
ENSG00000289853.2,0.0
ENSG00000289854.2,0.217704
ENSG00000289855.2,0.0
ENSG00000289856.2,0.0
ENSG00000289857.2,0.0
ENSG00000289858.1,0.275776
ENSG00000289859.2,0.0
ENSG00000289860.2,0.800944
ENSG00000289861.2,0.0
ENSG00000289863.2,0.0
ENSG00000289864.2,0.0
ENSG00000289865.2,0.0
ENSG00000289866.2,0.0
ENSG00000289868.2,0.0
ENSG00000289869.2,0.0
ENSG00000289870.2,0.0
ENSG00000289871.2,0.0
ENSG00000289872.2,0.14848
ENSG00000289873.2,0.0
ENSG00000289874.2,0.0
ENSG00000289875.2,0.0
ENSG00000289876.2,0.0
ENSG00000289877.2,0.0
ENSG00000289878.2,0.550025
ENSG00000289879.2,0.0
ENSG00000289880.1,0.0
ENSG00000289881.2,0.0
ENSG00000289882.2,0.0
ENSG00000289883.2,0.0
ENSG00000289884.2,0.0
ENSG00000289885.2,0.836533
ENSG00000289886.2,0.0
ENSG00000289887.2,2.423241
ENSG00000289888.2,0.0
ENSG00000289889.2,0.235535
ENSG00000289890.2,0.326214
ENSG00000289891.2,0.0
ENSG00000289892.2,0.0
ENSG00000289893.2,0.173788
ENSG00000289894.2,0.157978
ENSG00000289895.2,0.0
ENSG00000289896.2,0.0
ENSG00000289897.2,0.0
ENSG00000289898.2,0.0
ENSG00000289899.2,0.0
ENSG00000289900.1,0.0
ENSG00000289901.2,0.0
ENSG00000289902.2,0.571677
ENSG00000289903.2,0.0
ENSG00000289904.2,0.340901
ENSG00000289906.2,0.0
ENSG00000289907.1,0.0
ENSG00000289908.2,0.154144
ENSG00000289909.2,0.132781
ENSG00000289910.2,0.0
ENSG00000289911.2,0.128483
ENSG00000289912.2,0.284421
ENSG00000289913.2,0.0
ENSG00000289914.2,0.0
ENSG00000289915.2,0.0
ENSG00000289916.2,0.0
ENSG00000289918.2,0.0
ENSG00000289921.2,0.0
ENSG00000289922.1,0.0
ENSG00000289923.2,0.623478
ENSG00000289924.1,0.0
ENSG00000289925.1,0.0
ENSG00000289926.2,0.0
ENSG00000289927.2,0.0
ENSG00000289928.2,0.21964
ENSG00000289929.2,0.566891
ENSG00000289930.2,0.521661
ENSG00000289931.2,0.0
ENSG00000289932.2,0.0
ENSG00000289933.2,0.477498
ENSG00000289934.1,0.0
ENSG00000289935.2,0.49718
ENSG00000289936.2,0.0
ENSG00000289937.2,0.0
ENSG00000289938.2,0.0
ENSG00000289939.2,0.0
ENSG00000289940.2,0.0
ENSG00000289941.2,0.0
ENSG00000289942.1,0.0
ENSG00000289943.2,0.0
ENSG00000289944.2,0.0
ENSG00000289945.2,0.0
ENSG00000289946.1,0.0
ENSG00000289947.1,0.0
ENSG00000289948.1,0.0
ENSG00000289949.2,0.0
ENSG00000289951.2,0.0
ENSG00000289952.2,0.0
ENSG00000289953.2,0.0
ENSG00000289954.2,0.0
ENSG00000289955.1,0.0
ENSG00000289956.2,0.174275
ENSG00000289957.2,0.0
ENSG00000289959.2,0.0
ENSG00000289960.2,0.401195
ENSG00000289961.2,0.0
ENSG00000289962.2,0.0
ENSG00000289963.2,0.943443
ENSG00000289964.2,0.0
ENSG00000289965.2,0.0
ENSG00000289966.1,0.186316
ENSG00000289967.2,0.0
ENSG00000289968.2,1.196468
ENSG00000289969.2,0.0
ENSG00000289970.2,0.0
ENSG00000289971.2,0.0
ENSG00000289972.2,2.233193
ENSG00000289973.1,0.0
ENSG00000289974.2,0.0
ENSG00000289976.2,0.277844
ENSG00000289977.2,11.606404
ENSG00000289978.2,0.0
ENSG00000289979.2,0.434943
ENSG00000289980.2,0.0
ENSG00000289981.2,0.0
ENSG00000289982.2,0.0
ENSG00000289983.2,0.305318
ENSG00000289984.1,0.268449
ENSG00000289985.2,0.44460500000000003
ENSG00000289986.2,0.0
ENSG00000289987.1,0.774436
ENSG00000289989.2,0.0
ENSG00000289990.2,0.0
ENSG00000289991.2,0.0
ENSG00000289992.1,0.0
ENSG00000289993.2,0.0
ENSG00000289995.2,0.0
ENSG00000289996.2,0.0
ENSG00000289997.2,0.432405
ENSG00000289998.2,0.428241
ENSG00000289999.2,0.0
ENSG00000290000.2,0.0
ENSG00000290001.2,0.0
ENSG00000290002.1,0.974865
ENSG00000290003.1,20.744345
ENSG00000290005.2,0.0
ENSG00000290006.1,0.0
ENSG00000290007.2,0.0
ENSG00000290008.2,1.237536
ENSG00000290009.2,0.0
ENSG00000290011.2,0.0
ENSG00000290012.1,0.0
ENSG00000290013.1,0.0
ENSG00000290014.2,0.0
ENSG00000290015.2,0.239263
ENSG00000290016.2,0.0
ENSG00000290017.2,3.342235
ENSG00000290018.1,0.0
ENSG00000290019.2,0.0
ENSG00000290020.2,0.0
ENSG00000290021.1,17.12562
ENSG00000290022.2,0.0
ENSG00000290023.2,0.0
ENSG00000290024.1,0.0
ENSG00000290025.2,0.0
ENSG00000290026.2,0.0
ENSG00000290027.2,0.0
ENSG00000290028.2,0.0
ENSG00000290030.2,0.0
ENSG00000290031.2,0.0
ENSG00000290033.1,0.0
ENSG00000290034.2,1.937883
ENSG00000290035.2,0.164369
ENSG00000290036.2,0.0
ENSG00000290037.2,0.0
ENSG00000290039.2,0.0
ENSG00000290040.1,0.0
ENSG00000290041.2,0.537546
ENSG00000290042.1,0.0
ENSG00000290043.3,1.068897
ENSG00000290044.2,0.0
ENSG00000290045.2,0.094105
ENSG00000290046.2,0.0
ENSG00000290047.2,0.0
ENSG00000290048.2,1.791673
ENSG00000290049.2,0.0
ENSG00000290050.1,0.0
ENSG00000290051.2,0.0
ENSG00000290052.2,0.0
ENSG00000290053.2,1.527587
ENSG00000290054.2,0.620484
ENSG00000290055.2,1.876761
ENSG00000290056.2,0.0
ENSG00000290057.2,8.147854
ENSG00000290058.2,1.191258
ENSG00000290059.1,0.0
ENSG00000290060.2,0.0
ENSG00000290061.2,0.0
ENSG00000290062.2,1.853733
ENSG00000290063.1,0.0
ENSG00000290064.1,0.530257
ENSG00000290065.2,0.0
ENSG00000290067.2,0.0
ENSG00000290068.1,0.0
ENSG00000290069.1,0.0
ENSG00000290070.1,0.0
ENSG00000290071.2,0.0
ENSG00000290072.2,1.448043
ENSG00000290073.2,0.410076
ENSG00000290074.2,0.480595
ENSG00000290075.2,0.0
ENSG00000290076.1,0.0
ENSG00000290077.1,0.0
ENSG00000290079.2,0.0
ENSG00000290080.2,0.0
ENSG00000290082.2,2.492645
ENSG00000290083.2,0.0
ENSG00000290084.2,1.348757
ENSG00000290085.2,2.1210489999999997
ENSG00000290086.2,0.508543
ENSG00000290087.2,1.23563
ENSG00000290088.2,0.147888
ENSG00000290089.2,1.687213
ENSG00000290090.1,0.0
ENSG00000290092.2,0.462055
ENSG00000290093.1,0.0
ENSG00000290094.2,0.0
ENSG00000290095.2,0.0
ENSG00000290096.2,0.0
ENSG00000290097.2,0.0
ENSG00000290098.2,0.0
ENSG00000290099.2,0.0
ENSG00000290102.2,0.0
ENSG00000290103.2,0.0
ENSG00000290104.2,5.751679
ENSG00000290106.2,0.0
ENSG00000290107.1,0.0
ENSG00000290108.2,1.346181
ENSG00000290109.2,1.184349
ENSG00000290110.2,0.0
ENSG00000290111.1,0.0
ENSG00000290112.2,0.0
ENSG00000290113.2,0.0
ENSG00000290114.2,0.161186
ENSG00000290115.2,0.0
ENSG00000290116.2,0.0
ENSG00000290117.2,0.245472
ENSG00000290118.2,0.0
ENSG00000290119.2,0.0
ENSG00000290121.2,0.344925
ENSG00000290122.2,0.324955
ENSG00000290123.2,0.0
ENSG00000290125.2,0.0
ENSG00000290126.2,0.48181
ENSG00000290127.2,0.0
ENSG00000290146.1,4.733595
ENSG00000290147.1,0.0
ENSG00000290149.1,0.0
ENSG00000290162.1,0.0
ENSG00000290163.1,0.0
ENSG00000290164.1,0.0
ENSG00000290165.1,0.0
ENSG00000290166.2,0.0
ENSG00000290180.1,0.0
ENSG00000290184.1,0.0
ENSG00000290192.2,0.39062
ENSG00000290193.2,0.208905
ENSG00000290199.2,1.038287
ENSG00000290203.13,0.0
ENSG00000290204.2,0.0
ENSG00000290217.1,0.0
ENSG00000290226.1,1.692909
ENSG00000290230.1,0.76724
ENSG00000290234.2,0.0
ENSG00000290241.1,0.509027
ENSG00000290263.1,0.0
ENSG00000290285.1,0.0
ENSG00000290292.10,6.394132
ENSG00000290315.1,0.0
ENSG00000290316.1,0.0
ENSG00000290317.1,0.0
ENSG00000290318.1,34.819403
ENSG00000290319.2,0.0
ENSG00000290320.1,0.0
ENSG00000290322.1,0.0
ENSG00000290323.2,0.0
ENSG00000290324.1,0.0
ENSG00000290325.1,0.0
ENSG00000290326.1,0.0
ENSG00000290327.1,0.203363
ENSG00000290328.1,0.0
ENSG00000290330.1,0.0
ENSG00000290331.1,0.0
ENSG00000290332.1,0.0
ENSG00000290333.1,0.0
ENSG00000290334.1,0.0
ENSG00000290335.1,0.0
ENSG00000290336.2,0.0
ENSG00000290337.1,0.0
ENSG00000290338.1,0.0
ENSG00000290339.1,0.0
ENSG00000290341.1,0.0
ENSG00000290342.1,0.0
ENSG00000290344.2,0.0
ENSG00000290346.1,0.0
ENSG00000290347.1,0.0
ENSG00000290348.2,0.0
ENSG00000290349.1,0.0
ENSG00000290350.1,0.0
ENSG00000290351.1,0.0
ENSG00000290352.1,0.0
ENSG00000290353.1,0.0
ENSG00000290354.2,0.0
ENSG00000290355.2,38.11211
ENSG00000290356.1,0.0
ENSG00000290357.2,0.0
ENSG00000290359.1,0.0
ENSG00000290361.1,0.0
ENSG00000290363.2,0.0
ENSG00000290364.1,0.102008
ENSG00000290365.1,0.0
ENSG00000290366.2,1.793088
ENSG00000290367.1,0.0
ENSG00000290368.2,0.0
ENSG00000290369.2,0.0
ENSG00000290370.1,0.0
ENSG00000290374.2,1.012138
ENSG00000290376.2,0.753987
ENSG00000290377.2,0.0
ENSG00000290378.1,0.0
ENSG00000290379.1,0.0
ENSG00000290380.1,0.10138
ENSG00000290381.2,0.0
ENSG00000290382.2,0.0
ENSG00000290383.2,0.0
ENSG00000290385.2,333.979185
ENSG00000290386.1,8.565884
ENSG00000290387.2,2.3339090000000002
ENSG00000290388.2,0.0
ENSG00000290390.2,0.0
ENSG00000290391.2,0.0
ENSG00000290392.1,0.0
ENSG00000290393.1,0.0
ENSG00000290394.3,5.190954
ENSG00000290395.1,0.0
ENSG00000290397.2,0.18385
ENSG00000290398.2,0.0
ENSG00000290399.2,1.5849820000000001
ENSG00000290400.2,0.0
ENSG00000290401.2,0.0
ENSG00000290402.2,0.0
ENSG00000290403.1,0.0
ENSG00000290404.1,0.314614
ENSG00000290405.1,0.0
ENSG00000290408.2,0.0
ENSG00000290409.2,0.0
ENSG00000290410.2,0.0
ENSG00000290411.1,0.074815
ENSG00000290413.2,0.0
ENSG00000290415.2,0.0
ENSG00000290416.2,1.609727
ENSG00000290417.1,0.0
ENSG00000290418.2,17.310771
ENSG00000290419.1,0.0
ENSG00000290420.2,0.0
ENSG00000290421.2,0.30936
ENSG00000290422.1,0.0
ENSG00000290423.2,0.0
ENSG00000290424.1,0.0
ENSG00000290425.2,16.92263
ENSG00000290426.2,0.0
ENSG00000290427.2,4.605528
ENSG00000290429.2,0.0
ENSG00000290430.1,0.0
ENSG00000290431.1,0.0
ENSG00000290433.1,0.489256
ENSG00000290434.2,0.0
ENSG00000290435.2,0.0
ENSG00000290436.1,0.0
ENSG00000290437.2,0.751697
ENSG00000290438.2,0.0
ENSG00000290439.2,1.54294
ENSG00000290441.1,1.838484
ENSG00000290444.2,4.116459
ENSG00000290445.2,0.0
ENSG00000290447.1,0.0
ENSG00000290448.1,0.0
ENSG00000290450.2,1.517763
ENSG00000290453.1,0.140937
ENSG00000290454.1,0.0
ENSG00000290455.1,0.0
ENSG00000290456.1,0.0
ENSG00000290457.2,0.759785
ENSG00000290458.2,0.0
ENSG00000290460.2,0.786653
ENSG00000290461.2,1.306957
ENSG00000290466.2,0.0
ENSG00000290467.1,0.0
ENSG00000290469.1,0.0
ENSG00000290471.1,0.325022
ENSG00000290473.1,0.0
ENSG00000290474.2,0.0
ENSG00000290475.2,0.0
ENSG00000290476.2,2.614382
ENSG00000290477.1,0.0
ENSG00000290478.1,0.0
ENSG00000290479.1,0.0
ENSG00000290480.1,0.0
ENSG00000290481.1,0.0
ENSG00000290482.2,0.0
ENSG00000290484.2,0.0
ENSG00000290486.1,0.0
ENSG00000290487.1,0.0
ENSG00000290488.1,0.0
ENSG00000290489.1,0.0
ENSG00000290490.2,0.0
ENSG00000290491.1,0.0
ENSG00000290492.2,0.0
ENSG00000290493.1,0.0
ENSG00000290494.1,0.0
ENSG00000290495.1,1.298389
ENSG00000290496.2,0.0
ENSG00000290498.2,0.0
ENSG00000290499.1,0.0
ENSG00000290501.1,0.0
ENSG00000290502.1,0.0
ENSG00000290503.2,0.0
ENSG00000290504.1,0.0
ENSG00000290505.1,0.0
ENSG00000290506.1,0.0
ENSG00000290507.2,0.0
ENSG00000290512.1,0.0
ENSG00000290513.1,0.411225
ENSG00000290515.1,1.274468
ENSG00000290517.1,0.0
ENSG00000290518.1,0.0
ENSG00000290519.1,0.0
ENSG00000290520.2,0.0
ENSG00000290521.1,0.0
ENSG00000290522.2,0.0
ENSG00000290523.2,0.0
ENSG00000290524.1,0.0
ENSG00000290525.2,4.5758
ENSG00000290530.2,0.0
ENSG00000290531.1,0.0
ENSG00000290533.1,1.739699
ENSG00000290534.1,10.221831
ENSG00000290535.2,3.894438
ENSG00000290536.1,0.0
ENSG00000290537.2,0.0
ENSG00000290538.2,0.0
ENSG00000290539.1,0.0
ENSG00000290540.1,0.0
ENSG00000290541.2,3.155252
ENSG00000290542.1,0.0
ENSG00000290543.1,0.0
ENSG00000290544.1,0.0
ENSG00000290545.2,0.370441
ENSG00000290546.2,0.0
ENSG00000290547.2,0.389252
ENSG00000290548.2,0.818788
ENSG00000290549.2,1.190451
ENSG00000290550.1,0.0
ENSG00000290551.2,0.0
ENSG00000290552.2,0.0
ENSG00000290553.2,0.0
ENSG00000290554.2,12.265281
ENSG00000290555.2,2.916643
ENSG00000290556.2,37.051344
ENSG00000290557.1,0.0
ENSG00000290558.1,0.0
ENSG00000290559.2,0.0
ENSG00000290560.2,4.488276
ENSG00000290561.2,0.0
ENSG00000290562.2,0.0
ENSG00000290563.2,3.701502
ENSG00000290564.2,0.0
ENSG00000290565.2,0.0
ENSG00000290566.1,0.0
ENSG00000290567.2,0.0
ENSG00000290568.2,0.0
ENSG00000290569.2,7.914167
ENSG00000290573.2,0.0
ENSG00000290574.3,0.457577
ENSG00000290575.1,0.0
ENSG00000290576.2,4.0286100000000005
ENSG00000290577.2,1.664072
ENSG00000290578.2,4.043102
ENSG00000290579.2,0.936747
ENSG00000290581.1,0.0
ENSG00000290582.1,0.0
ENSG00000290583.1,0.267479
ENSG00000290584.2,0.0
ENSG00000290585.2,19.187849
ENSG00000290586.2,0.0
ENSG00000290587.2,0.0
ENSG00000290588.2,0.369023
ENSG00000290589.2,0.0
ENSG00000290590.2,0.0
ENSG00000290592.2,0.118821
ENSG00000290595.1,0.0
ENSG00000290596.2,0.0
ENSG00000290597.2,0.0
ENSG00000290598.2,0.0
ENSG00000290599.1,0.0
ENSG00000290600.1,1.9243540000000001
ENSG00000290601.2,0.0
ENSG00000290602.2,0.153611
ENSG00000290603.2,0.176199
ENSG00000290604.2,0.0
ENSG00000290605.1,0.0
ENSG00000290606.3,0.572629
ENSG00000290607.1,0.0
ENSG00000290608.1,0.0
ENSG00000290609.2,0.0
ENSG00000290610.1,0.0
ENSG00000290611.1,0.0
ENSG00000290612.1,0.0
ENSG00000290613.2,1.117236
ENSG00000290614.1,0.686791
ENSG00000290615.2,0.0
ENSG00000290618.2,0.0
ENSG00000290619.1,0.018834
ENSG00000290620.1,0.0
ENSG00000290621.1,0.0
ENSG00000290622.2,0.0
ENSG00000290624.1,0.0
ENSG00000290625.1,0.0
ENSG00000290630.1,0.0
ENSG00000290631.1,1.027844
ENSG00000290633.1,0.0
ENSG00000290634.1,0.0
ENSG00000290636.1,0.0
ENSG00000290637.1,0.0
ENSG00000290641.1,0.0
ENSG00000290642.1,0.0
ENSG00000290643.2,0.0
ENSG00000290644.2,1.136323
ENSG00000290645.1,0.0
ENSG00000290646.2,0.0
ENSG00000290647.1,0.0
ENSG00000290648.1,0.0
ENSG00000290649.1,0.0
ENSG00000290650.1,0.0
ENSG00000290651.1,0.0
ENSG00000290652.2,0.0
ENSG00000290653.1,0.06787
ENSG00000290654.2,0.110146
ENSG00000290655.2,0.0
ENSG00000290656.2,0.0
ENSG00000290657.2,0.0
ENSG00000290658.2,0.0
ENSG00000290660.2,0.0
ENSG00000290662.2,0.0
ENSG00000290663.2,0.0
ENSG00000290664.1,0.0
ENSG00000290665.2,0.0
ENSG00000290667.2,1.00911
ENSG00000290668.1,0.0
ENSG00000290669.1,0.0
ENSG00000290670.1,0.0
ENSG00000290671.2,0.251443
ENSG00000290672.2,0.0
ENSG00000290673.1,0.0
ENSG00000290674.2,0.0
ENSG00000290675.1,0.0
ENSG00000290676.1,0.0
ENSG00000290677.2,0.0
ENSG00000290678.2,3.761388
ENSG00000290679.2,1.317147
ENSG00000290683.2,11.430699
ENSG00000290684.1,0.0
ENSG00000290685.2,0.0
ENSG00000290686.2,0.0
ENSG00000290687.1,0.364055
ENSG00000290688.2,0.0
ENSG00000290689.2,1.8750580000000001
ENSG00000290690.2,0.0
ENSG00000290691.1,0.0
ENSG00000290692.2,2.278804
ENSG00000290693.2,0.0
ENSG00000290694.1,0.0
ENSG00000290695.1,0.0
ENSG00000290696.2,10.535396
ENSG00000290698.1,0.047844
ENSG00000290700.2,0.0
ENSG00000290701.1,0.0
ENSG00000290702.1,0.0
ENSG00000290703.1,0.0
ENSG00000290704.1,0.0
ENSG00000290705.2,0.0
ENSG00000290706.2,0.994461
ENSG00000290707.2,0.0
ENSG00000290708.1,0.0
ENSG00000290710.2,0.0
ENSG00000290711.2,0.0
ENSG00000290712.1,4.138752
ENSG00000290713.2,0.0
ENSG00000290714.2,0.0
ENSG00000290715.2,0.0
ENSG00000290717.2,0.0
ENSG00000290718.2,0.6808109999999999
ENSG00000290719.2,0.0
ENSG00000290720.1,1.445386
ENSG00000290721.2,0.3446
ENSG00000290722.2,0.0
ENSG00000290723.2,0.381528
ENSG00000290724.1,0.0
ENSG00000290726.3,0.0
ENSG00000290727.2,0.0
ENSG00000290728.2,0.204579
ENSG00000290729.2,0.101821
ENSG00000290730.2,0.0
ENSG00000290731.2,0.0
ENSG00000290732.2,0.0
ENSG00000290733.2,0.0
ENSG00000290734.2,3.332295
ENSG00000290735.2,0.0
ENSG00000290736.1,0.0
ENSG00000290737.1,0.237166
ENSG00000290738.2,0.0
ENSG00000290739.2,0.0
ENSG00000290740.2,0.0
ENSG00000290741.1,0.0
ENSG00000290742.2,1.2689469999999998
ENSG00000290743.1,0.0
ENSG00000290744.1,0.0
ENSG00000290745.1,0.0
ENSG00000290746.2,28.447048000000002
ENSG00000290747.1,0.0
ENSG00000290748.2,0.0
ENSG00000290749.1,0.0
ENSG00000290751.2,0.0
ENSG00000290752.1,0.0
ENSG00000290753.1,0.0
ENSG00000290754.1,0.0
ENSG00000290755.2,0.0
ENSG00000290756.3,0.0
ENSG00000290757.1,0.0
ENSG00000290758.3,38.86707
ENSG00000290760.2,3.974418
ENSG00000290761.1,0.0
ENSG00000290762.2,0.9326599999999999
ENSG00000290763.2,14.018955
ENSG00000290764.1,0.0
ENSG00000290765.1,0.0
ENSG00000290766.1,0.0
ENSG00000290767.2,0.077556
ENSG00000290768.2,0.0
ENSG00000290769.1,0.0
ENSG00000290770.2,7.898366
ENSG00000290771.2,0.0
ENSG00000290772.2,0.0
ENSG00000290773.1,0.0
ENSG00000290774.2,0.0
ENSG00000290775.2,2.011272
ENSG00000290776.1,0.0
ENSG00000290777.2,0.0
ENSG00000290778.2,0.0
ENSG00000290779.1,0.0
ENSG00000290780.2,0.0
ENSG00000290781.1,0.0
ENSG00000290782.2,0.315724
ENSG00000290783.1,0.312843
ENSG00000290785.1,0.347292
ENSG00000290786.2,6.075331
ENSG00000290787.1,0.0
ENSG00000290788.1,0.0
ENSG00000290789.1,0.0
ENSG00000290790.2,0.411621
ENSG00000290791.2,3.099092
ENSG00000290792.1,1.960159
ENSG00000290793.1,2.819753
ENSG00000290794.1,0.0
ENSG00000290795.2,0.0
ENSG00000290796.1,5.764398
ENSG00000290797.2,2.096029
ENSG00000290798.1,0.0
ENSG00000290799.2,0.0
ENSG00000290800.2,0.899808
ENSG00000290801.1,0.0
ENSG00000290802.1,0.0
ENSG00000290803.2,0.055999
ENSG00000290804.1,0.0
ENSG00000290805.1,0.0
ENSG00000290806.2,0.0
ENSG00000290807.2,0.0
ENSG00000290808.2,0.0
ENSG00000290809.1,0.0
ENSG00000290810.2,0.0
ENSG00000290811.2,0.0
ENSG00000290812.2,0.0
ENSG00000290813.1,0.0
ENSG00000290814.1,0.0
ENSG00000290815.1,0.0
ENSG00000290817.1,0.054493
ENSG00000290819.1,0.0
ENSG00000290820.1,0.0
ENSG00000290821.1,0.11607
ENSG00000290822.1,0.0
ENSG00000290823.2,93.677705
ENSG00000290824.2,0.0
ENSG00000290825.2,6.000657
ENSG00000290826.2,0.0
ENSG00000290827.1,0.065159
ENSG00000290829.2,0.0
ENSG00000290830.1,11.62903
ENSG00000290831.2,18.481846
ENSG00000290832.2,26.949966
ENSG00000290833.1,5.827706
ENSG00000290834.2,0.0
ENSG00000290835.2,4.541033
ENSG00000290836.2,0.0
ENSG00000290837.2,0.0
ENSG00000290838.2,545.80985
ENSG00000290839.2,3.7151650000000003
ENSG00000290840.2,0.0
ENSG00000290841.1,0.0
ENSG00000290842.2,1.6585079999999999
ENSG00000290844.1,0.0
ENSG00000290845.2,0.0
ENSG00000290846.2,0.743563
ENSG00000290847.2,0.0
ENSG00000290848.2,0.7953669999999999
ENSG00000290849.2,0.664534
ENSG00000290850.2,0.352259
ENSG00000290851.2,0.364885
ENSG00000290852.1,0.0
ENSG00000290853.2,0.0
ENSG00000290854.2,2.8800079999999997
ENSG00000290855.2,0.0
ENSG00000290857.2,0.0
ENSG00000290858.2,0.357925
ENSG00000290859.2,2.288703
ENSG00000290860.2,2.818897
ENSG00000290861.2,0.0
ENSG00000290862.2,0.231778
ENSG00000290863.1,0.331424
ENSG00000290864.1,0.0
ENSG00000290865.1,1.062933
ENSG00000290866.2,0.0
ENSG00000290867.2,55.451198
ENSG00000290868.1,0.0
ENSG00000290869.2,0.0
ENSG00000290870.1,0.207863
ENSG00000290871.2,115.500267
ENSG00000290873.2,5.783192
ENSG00000290875.2,0.679717
ENSG00000290876.2,8.956487
ENSG00000290877.2,0.148679
ENSG00000290878.2,0.585881
ENSG00000290879.2,2.140575
ENSG00000290880.2,1.541232
ENSG00000290881.1,0.0
ENSG00000290882.1,0.0
ENSG00000290883.2,0.0
ENSG00000290885.2,0.0
ENSG00000290886.1,0.0
ENSG00000290887.2,0.0
ENSG00000290888.2,1.131761
ENSG00000290889.1,0.0
ENSG00000290890.2,17.925456
ENSG00000290891.1,0.0
ENSG00000290892.1,0.0
ENSG00000290893.1,0.0
ENSG00000290894.1,0.0
ENSG00000290895.1,0.0
ENSG00000290896.2,0.0
ENSG00000290897.2,1.024106
ENSG00000290898.2,3.9167069999999997
ENSG00000290899.1,0.0
ENSG00000290900.2,0.0
ENSG00000290901.2,1.251479
ENSG00000290902.2,0.0
ENSG00000290904.2,0.0
ENSG00000290906.1,0.0
ENSG00000290907.1,0.142667
ENSG00000290908.1,0.0
ENSG00000290909.1,0.0
ENSG00000290910.1,0.0
ENSG00000290911.2,0.051837
ENSG00000290912.2,1.9193000000000002
ENSG00000290913.2,0.0
ENSG00000290914.2,0.0
ENSG00000290915.1,0.0
ENSG00000290916.2,0.40192
ENSG00000290917.2,0.157866
ENSG00000290919.2,0.729838
ENSG00000290920.2,0.0
ENSG00000290921.2,1.721408
ENSG00000290922.2,2.322876
ENSG00000290923.2,0.486306
ENSG00000290924.2,1.772121
ENSG00000290925.2,0.0
ENSG00000290926.2,6.918260999999999
ENSG00000290927.2,4.155787
ENSG00000290928.2,10.348435
ENSG00000290929.2,0.0
ENSG00000290930.2,0.0
ENSG00000290931.2,1.282081
ENSG00000290932.2,0.0
ENSG00000290933.1,0.0
ENSG00000290934.1,0.0
ENSG00000290935.2,0.818642
ENSG00000290936.2,0.0
ENSG00000290937.2,205.238815
ENSG00000290938.2,0.655075
ENSG00000290939.2,0.0
ENSG00000290940.2,0.8556279999999999
ENSG00000290941.2,0.0
ENSG00000290942.1,0.0
ENSG00000290943.2,0.0
ENSG00000290944.1,0.0
ENSG00000290945.2,0.0
ENSG00000290946.2,0.0
ENSG00000290947.1,0.0
ENSG00000290948.2,3.562283
ENSG00000290949.2,0.0
ENSG00000290950.2,1.009822
ENSG00000290951.2,23.510572
ENSG00000290952.2,0.351687
ENSG00000290953.1,0.0
ENSG00000290954.2,0.0
ENSG00000290955.2,0.175434
ENSG00000290956.2,0.859172
ENSG00000290957.2,0.0
ENSG00000290959.1,0.0
ENSG00000290960.2,0.228111
ENSG00000290961.2,0.0
ENSG00000290962.2,2.3037349999999996
ENSG00000290963.2,0.0
ENSG00000290964.2,0.0
ENSG00000290965.2,0.0
ENSG00000290966.1,0.0
ENSG00000290967.2,0.0
ENSG00000290968.1,0.0
ENSG00000290970.2,0.0
ENSG00000290971.2,0.0
ENSG00000290972.1,0.0
ENSG00000290973.1,0.0
ENSG00000290975.1,0.0
ENSG00000290976.2,0.079267
ENSG00000290977.2,0.0
ENSG00000290978.2,0.0
ENSG00000290979.2,0.0
ENSG00000290980.2,0.0
ENSG00000290981.2,0.0
ENSG00000290982.1,0.0
ENSG00000290983.2,2.683425
ENSG00000290984.1,0.0
ENSG00000290985.1,0.0
ENSG00000290987.2,0.0
ENSG00000290988.1,0.0
ENSG00000290989.2,3.54189
ENSG00000290990.2,0.0
ENSG00000290991.1,0.0
ENSG00000290993.2,41.641656999999995
ENSG00000290994.2,0.645935
ENSG00000290995.2,1.262258
ENSG00000290996.2,0.0
ENSG00000290997.2,0.418042
ENSG00000290998.1,0.0
ENSG00000290999.2,0.920993
ENSG00000291000.2,0.0
ENSG00000291001.1,0.16392
ENSG00000291002.2,0.0
ENSG00000291003.2,22.026255
ENSG00000291005.2,1.5659809999999998
ENSG00000291006.1,0.069309
ENSG00000291007.1,0.223056
ENSG00000291008.2,0.0
ENSG00000291009.1,0.0
ENSG00000291010.2,1.365232
ENSG00000291012.2,0.0
ENSG00000291013.2,0.14077
ENSG00000291014.1,0.0
ENSG00000291015.2,8.026305
ENSG00000291016.1,0.0
ENSG00000291017.2,0.0
ENSG00000291018.2,0.0
ENSG00000291019.1,0.0
ENSG00000291020.1,0.0
ENSG00000291021.2,0.0
ENSG00000291022.2,0.0
ENSG00000291023.1,1.056368
ENSG00000291024.2,0.0
ENSG00000291027.2,0.708965
ENSG00000291028.2,0.9593849999999999
ENSG00000291029.2,0.215847
ENSG00000291030.1,0.0
ENSG00000291031.2,0.0
ENSG00000291032.2,0.363195
ENSG00000291033.2,0.0
ENSG00000291034.2,0.0
ENSG00000291035.2,8.12217
ENSG00000291036.2,0.283874
ENSG00000291037.2,0.30365
ENSG00000291038.2,0.679812
ENSG00000291039.3,1.229796
ENSG00000291040.2,4.234899
ENSG00000291041.2,0.0
ENSG00000291042.2,0.608636
ENSG00000291043.2,1.03569
ENSG00000291044.2,0.218307
ENSG00000291045.2,0.0
ENSG00000291046.2,0.927145
ENSG00000291047.2,2.083829
ENSG00000291049.2,0.252873
ENSG00000291050.2,0.161744
ENSG00000291051.2,0.0
ENSG00000291052.2,3.632033
ENSG00000291053.2,0.434943
ENSG00000291054.2,2.316013
ENSG00000291056.2,0.448136
ENSG00000291057.2,0.0
ENSG00000291060.2,1.697863
ENSG00000291061.2,0.0
ENSG00000291062.2,0.13678
ENSG00000291063.2,3.2003
ENSG00000291064.2,2.525895
ENSG00000291065.2,0.0
ENSG00000291066.2,10.224481
ENSG00000291067.2,3.944098
ENSG00000291068.2,14.973506
ENSG00000291069.2,1.411333
ENSG00000291070.1,0.0
ENSG00000291071.2,0.289044
ENSG00000291072.2,24.356048
ENSG00000291073.2,6.389824
ENSG00000291074.2,0.0
ENSG00000291075.2,10.331963
ENSG00000291076.2,0.0
ENSG00000291077.2,0.956684
ENSG00000291078.2,7.73915
ENSG00000291079.2,6.9781949999999995
ENSG00000291080.2,3.2029110000000003
ENSG00000291081.2,1.230017
ENSG00000291082.2,2.9058309999999996
ENSG00000291083.2,0.254319
ENSG00000291084.2,0.0
ENSG00000291085.2,11.374588
ENSG00000291086.2,0.0
ENSG00000291087.2,6.388588
ENSG00000291088.2,2.040792
ENSG00000291089.2,0.156827
ENSG00000291091.2,9.337038999999999
ENSG00000291092.2,6.7180040000000005
ENSG00000291093.2,7.3300030000000005
ENSG00000291094.2,0.0
ENSG00000291095.2,0.524119
ENSG00000291096.2,0.424968
ENSG00000291097.2,0.29451
ENSG00000291098.1,0.0
ENSG00000291099.2,5.771507
ENSG00000291100.2,4.582452
ENSG00000291101.2,0.27767
ENSG00000291102.2,2.29052
ENSG00000291103.2,8.487983
ENSG00000291104.2,1.9029159999999998
ENSG00000291105.2,0.0
ENSG00000291106.2,0.703963
ENSG00000291108.2,0.0
ENSG00000291109.2,0.0
ENSG00000291110.2,1.329336
ENSG00000291111.2,0.547816
ENSG00000291112.2,0.511369
ENSG00000291113.3,11.411359000000001
ENSG00000291114.2,4.699091
ENSG00000291115.2,0.0
ENSG00000291116.2,0.0
ENSG00000291117.2,9.992996
ENSG00000291118.2,10.10649
ENSG00000291119.2,0.05613
ENSG00000291121.2,1.3566799999999999
ENSG00000291122.2,17.174813999999998
ENSG00000291123.2,0.433919
ENSG00000291124.2,6.949960000000001
ENSG00000291125.2,1.102313
ENSG00000291126.2,0.0
ENSG00000291127.2,0.289678
ENSG00000291128.2,0.0
ENSG00000291129.2,9.611098
ENSG00000291130.2,0.333736
ENSG00000291131.2,6.097597
ENSG00000291132.2,0.710712
ENSG00000291133.2,0.0
ENSG00000291134.1,0.0
ENSG00000291135.2,83.803959
ENSG00000291136.2,14.373369
ENSG00000291137.2,9.20476
ENSG00000291138.2,4.281896
ENSG00000291139.2,0.787897
ENSG00000291140.2,1.8666280000000002
ENSG00000291141.2,0.722055
ENSG00000291142.2,0.891239
ENSG00000291143.2,20.195425999999998
ENSG00000291144.2,47.63305
ENSG00000291145.2,0.131524
ENSG00000291146.2,1.082347
ENSG00000291147.2,1.212259
ENSG00000291148.2,0.0
ENSG00000291149.2,4.916799
ENSG00000291150.2,2.277125
ENSG00000291151.2,18.148922
ENSG00000291152.2,2.452195
ENSG00000291153.2,3.118592
ENSG00000291154.2,14.870303999999999
ENSG00000291155.2,0.193788
ENSG00000291156.2,0.0
ENSG00000291157.1,0.0
ENSG00000291158.2,37.307104
ENSG00000291159.2,3.004393
ENSG00000291161.1,0.0
ENSG00000291162.1,0.0
ENSG00000291163.1,0.0
ENSG00000291164.2,0.0
ENSG00000291165.2,0.0
ENSG00000291166.2,0.0
ENSG00000291167.2,0.0
ENSG00000291168.2,0.25514
ENSG00000291169.2,0.0
ENSG00000291170.2,0.0
ENSG00000291171.2,6.634772
ENSG00000291172.1,0.0
ENSG00000291173.2,6.055794
ENSG00000291174.2,1.076642
ENSG00000291175.2,12.005412
ENSG00000291176.2,6.317003
ENSG00000291177.2,1.426656
ENSG00000291178.2,14.122386
ENSG00000291179.2,1.990312
ENSG00000291180.2,0.345119
ENSG00000291181.3,0.060519
ENSG00000291182.1,0.0
ENSG00000291183.2,0.174209
ENSG00000291184.2,0.0
ENSG00000291185.2,0.031528
ENSG00000291186.2,1.245626
ENSG00000291187.2,0.0
ENSG00000291189.2,0.0
ENSG00000291190.1,0.0
ENSG00000291191.1,0.0
ENSG00000291193.2,0.0
ENSG00000291194.2,0.6065339999999999
ENSG00000291195.2,0.0
ENSG00000291196.2,0.0
ENSG00000291197.1,0.338318
ENSG00000291198.2,0.0
ENSG00000291199.2,0.0
ENSG00000291200.2,1.012778
ENSG00000291201.2,25.979831
ENSG00000291202.2,15.77949
ENSG00000291203.2,6.550879999999999
ENSG00000291204.1,0.0
ENSG00000291205.2,0.0
ENSG00000291206.2,0.0
ENSG00000291207.2,5.630079
ENSG00000291208.2,0.859692
ENSG00000291209.2,0.0
ENSG00000291210.2,0.139287
ENSG00000291211.2,0.147007
ENSG00000291212.2,0.916258
ENSG00000291213.2,0.0
ENSG00000291214.1,3.494548
ENSG00000291216.1,0.0
ENSG00000291217.2,0.230695
ENSG00000291218.2,1.640295
ENSG00000291219.2,0.948471
ENSG00000291220.2,4.48742
ENSG00000291221.2,89.43312300000001
ENSG00000291222.1,0.0
ENSG00000291223.1,1.27269
ENSG00000291224.2,1.851633
ENSG00000291225.2,0.0
ENSG00000291226.2,0.0
ENSG00000291227.1,0.0
ENSG00000291228.2,0.689225
ENSG00000291229.2,0.0
ENSG00000291230.2,45.639463
ENSG00000291231.2,0.412002
ENSG00000291232.2,1.2321300000000002
ENSG00000291233.2,6.6610130000000005
ENSG00000291234.2,0.0
ENSG00000291235.2,0.0
ENSG00000291236.2,19.983742
ENSG00000291237.1,1032.74082
ENSG00000291239.1,0.0
ENSG00000291240.1,0.0
ENSG00000291241.2,0.0
ENSG00000291242.2,0.289794
ENSG00000291243.1,0.0
ENSG00000291249.2,0.0
ENSG00000291250.2,0.0
ENSG00000291251.1,0.0
ENSG00000291252.1,0.0
ENSG00000291253.1,0.0
ENSG00000291254.1,0.0
ENSG00000291255.2,0.0
ENSG00000291256.1,0.0
ENSG00000291257.1,0.0
ENSG00000291261.2,0.209278
ENSG00000291262.2,0.0
ENSG00000291263.2,3.4701400000000002
ENSG00000291264.2,0.329012
ENSG00000291266.2,5.169626
ENSG00000291267.1,0.706728
ENSG00000291268.2,0.0
ENSG00000291269.1,0.0
ENSG00000291270.1,0.997912
ENSG00000291271.1,0.0
ENSG00000291274.2,0.0
ENSG00000291275.1,0.0
ENSG00000291276.2,0.0
ENSG00000291277.1,0.519226
ENSG00000291280.2,0.0
ENSG00000291281.1,0.0
ENSG00000291282.2,0.0
ENSG00000291283.2,0.0
ENSG00000291285.1,0.0
ENSG00000291286.2,0.0
ENSG00000291289.1,0.0
ENSG00000291292.1,0.0
ENSG00000291293.2,0.0
ENSG00000291294.2,0.0
ENSG00000291295.1,0.0
ENSG00000291296.1,0.0
ENSG00000291297.1,0.0
ENSG00000291300.2,1.518647
ENSG00000291301.2,0.0
ENSG00000291302.1,0.0
ENSG00000291303.1,0.0
ENSG00000291306.1,0.0
ENSG00000291307.1,0.0
ENSG00000291308.1,0.0
ENSG00000291309.2,0.168263
ENSG00000291310.1,0.0
ENSG00000291312.1,0.0
ENSG00000291313.1,0.0
ENSG00000291314.1,0.0
ENSG00000291315.1,0.0
ENSG00000291316.1,30.752697
ENSG00000291317.1,8.369845
ENSG00000291325.1,0.0
ENSG00000291326.2,0.0
ENSG00000291336.1,0.110201
ENSG00000291338.1,0.0
ENSG00000291348.1,0.0
ENSG00000291364.1,0.246425
ENSG00000291365.1,0.233249
ENSG00000291369.1,0.0
ENSG00000291379.1,68.267683
ENSG00000291383.1,0.0
ENSG00000291384.1,0.0
ENSG00000291385.1,0.0
ENSG00000291386.1,0.0
ENSG00000291389.1,0.0
ENSG00000291390.1,0.0
ENSG00000291391.1,2.610803
ENSG00000291392.1,0.0
ENSG00000291394.1,0.0
ENSG00000291397.1,0.0
ENSG00000291400.1,0.0
ENSG00000291401.1,0.0
ENSG00000291402.1,0.295213
ENSG00000291403.1,0.0
ENSG00000291405.1,0.0
ENSG00000291407.1,0.0
ENSG00000291408.1,0.973984
ENSG00000291412.1,0.0
ENSG00000291421.1,0.0
ENSG00000291422.1,0.0
ENSG00000291424.1,0.0
ENSG00000291425.1,0.494967
ENSG00000291431.1,0.105131
ENSG00000291432.1,0.0
ENSG00000291439.1,0.0
ENSG00000291442.1,35.54643
ENSG00000291455.1,0.0
ENSG00000291458.1,0.0
ENSG00000291459.1,0.0
ENSG00000291463.1,0.0
ENSG00000291466.1,0.0
ENSG00000291471.1,0.0
ENSG00000291472.1,0.0
ENSG00000291473.2,0.0
ENSG00000291475.1,0.0
ENSG00000291483.1,0.0
ENSG00000291496.1,0.0
ENSG00000291504.1,0.0
ENSG00000291507.1,0.0
ENSG00000291515.1,0.0
ENSG00000291544.1,0.0
ENSG00000291546.1,0.0
ENSG00000291548.1,0.0
ENSG00000291550.1,0.0
ENSG00000291552.1,0.817331
ENSG00000291553.1,1.254928
ENSG00000291558.1,0.0
ENSG00000291563.1,0.0
ENSG00000291570.1,0.0
ENSG00000291583.1,1.33977
ENSG00000291603.1,4.36531
ENSG00000291612.1,0.0
ENSG00000291615.1,0.0
ENSG00000291617.1,0.0
ENSG00000291618.1,0.0
ENSG00000291619.1,0.0
ENSG00000291627.1,1.669082
ENSG00000291634.1,0.0
ENSG00000291636.1,0.0
ENSG00000291641.1,0.0
ENSG00000291645.1,0.0
ENSG00000291646.1,0.0
ENSG00000291647.1,1.268666
ENSG00000291652.1,0.0
ENSG00000291671.1,0.0
ENSG00000291673.1,0.0
ENSG00000291674.1,0.0
ENSG00000291678.1,0.0
ENSG00000291688.1,0.0
ENSG00000291699.1,0.0
ENSG00000291717.1,0.0
ENSG00000291723.1,0.0
ENSG00000291728.1,0.0
ENSG00000291738.2,0.0
ENSG00000291748.1,0.0
ENSG00000291762.1,0.0
ENSG00000291763.1,0.0
ENSG00000291770.1,1.176042
ENSG00000291780.2,0.0
ENSG00000291784.1,0.0
ENSG00000291788.1,0.0
ENSG00000291820.1,0.736126
ENSG00000291825.1,0.0
ENSG00000291827.3,0.0
ENSG00000291832.1,0.0
ENSG00000291835.1,44.604375000000005
ENSG00000291839.1,0.861459
ENSG00000291878.1,2.782221
ENSG00000291879.1,2.548796
ENSG00000291885.1,0.0
ENSG00000291888.2,0.0
ENSG00000291889.1,0.0
ENSG00000291893.1,0.0
ENSG00000291895.1,0.0
ENSG00000291896.1,0.0
ENSG00000291901.1,0.0
ENSG00000291918.1,0.0
ENSG00000291924.1,3.294904
ENSG00000291925.2,42.597849
ENSG00000291927.2,0.0
ENSG00000291940.1,0.0
ENSG00000291945.1,14.086481
ENSG00000291956.1,0.0
ENSG00000291960.1,0.0
ENSG00000291966.1,0.0
ENSG00000291975.1,0.311156
ENSG00000291983.2,0.0
ENSG00000291985.1,3.271273
ENSG00000291987.1,0.0
ENSG00000291988.1,0.0
ENSG00000291989.1,0.0
ENSG00000291991.1,0.0
ENSG00000291994.1,5.017002
ENSG00000291995.1,3.461841
ENSG00000292002.1,0.0
ENSG00000292003.1,0.0
ENSG00000292006.1,0.0
ENSG00000292007.1,0.0
ENSG00000292009.1,0.0
ENSG00000292011.1,0.0
ENSG00000292013.1,0.0
ENSG00000292014.1,0.0
ENSG00000292015.1,0.0
ENSG00000292017.1,0.0
ENSG00000292018.1,0.0
ENSG00000292019.1,0.0
ENSG00000292044.1,0.0
ENSG00000292046.1,0.0
ENSG00000292047.1,0.0
ENSG00000292048.1,0.0
ENSG00000292049.1,0.0
ENSG00000292050.1,0.266517
ENSG00000292058.1,2.217131
ENSG00000292063.1,0.0
ENSG00000292068.1,0.0
ENSG00000292072.1,0.0
ENSG00000292078.1,0.0
ENSG00000292080.1,0.0
ENSG00000292083.1,0.0
ENSG00000292085.1,0.0
ENSG00000292086.1,2.116204
ENSG00000292094.1,0.920666
ENSG00000292096.1,3.948921
ENSG00000292099.1,2.161704
ENSG00000292107.1,0.0
ENSG00000292108.1,0.0
ENSG00000292109.1,0.0
ENSG00000292110.1,0.0
ENSG00000292112.1,0.0
ENSG00000292117.1,0.0
ENSG00000292118.1,0.0
ENSG00000292120.1,0.0
ENSG00000292124.1,0.0
ENSG00000292127.1,0.0
ENSG00000292131.1,0.0
ENSG00000292133.1,0.0
ENSG00000292134.1,0.0
ENSG00000292142.1,0.0
ENSG00000292146.1,0.0
ENSG00000292147.1,0.0
ENSG00000292155.1,9.837406
ENSG00000292165.1,0.0
ENSG00000292166.1,0.0
ENSG00000292167.1,0.0
ENSG00000292169.1,19.139012
ENSG00000292171.1,0.0
ENSG00000292178.1,0.0
ENSG00000292180.1,0.0
ENSG00000292188.1,0.0
ENSG00000292189.1,0.0
ENSG00000292195.1,0.0
ENSG00000292197.1,0.0
ENSG00000292198.1,0.0
ENSG00000292214.1,0.0
ENSG00000292220.1,0.0
ENSG00000292223.1,0.0
ENSG00000292224.1,0.0
ENSG00000292225.2,0.0
ENSG00000292226.2,0.266788
ENSG00000292227.2,0.774141
ENSG00000292228.2,0.0
ENSG00000292229.1,0.095941
ENSG00000292230.1,0.427674
ENSG00000292231.1,0.402563
ENSG00000292232.1,8.103135
ENSG00000292233.2,0.0
ENSG00000292234.1,37.093021
ENSG00000292235.1,0.0
ENSG00000292236.1,2.623532
ENSG00000292238.1,0.25686
ENSG00000292239.1,0.0
ENSG00000292240.1,0.0
ENSG00000292241.1,0.0
ENSG00000292242.1,0.223124
ENSG00000292243.1,0.0
ENSG00000292244.1,1.759225
ENSG00000292245.1,0.0
ENSG00000292246.1,0.0
ENSG00000292247.1,0.0
ENSG00000292248.2,0.0
ENSG00000292249.1,0.0
ENSG00000292250.1,0.0
ENSG00000292251.1,3.847939
ENSG00000292252.1,0.0
ENSG00000292253.1,31.258049
ENSG00000292254.1,0.0
ENSG00000292255.1,0.0
ENSG00000292256.1,0.0
ENSG00000292258.2,0.0
ENSG00000292259.1,0.0
ENSG00000292260.1,0.0
ENSG00000292263.1,0.0
ENSG00000292264.1,0.461029
ENSG00000292265.1,0.0
ENSG00000292266.1,0.0
ENSG00000292269.1,0.0
ENSG00000292270.1,0.38944
ENSG00000292271.1,0.0
ENSG00000292272.1,0.0
ENSG00000292274.1,0.0
ENSG00000292275.1,0.0
ENSG00000292276.1,0.0
ENSG00000292277.1,3.647445
ENSG00000292278.1,0.0
ENSG00000292279.1,0.543515
ENSG00000292280.1,0.0
ENSG00000292281.1,0.0
ENSG00000292282.1,0.0
ENSG00000292283.1,0.0
ENSG00000292284.1,0.0
ENSG00000292285.1,0.0
ENSG00000292286.1,0.9802
ENSG00000292287.1,0.0
ENSG00000292288.1,0.0
ENSG00000292289.1,0.0
ENSG00000292295.1,0.0
ENSG00000292296.1,0.0
ENSG00000292297.1,0.0
ENSG00000292298.1,0.0
ENSG00000292299.1,0.099944
ENSG00000292300.1,0.0
ENSG00000292301.1,3.2695930000000004
ENSG00000292302.1,0.0
ENSG00000292303.1,0.0
ENSG00000292304.1,0.0
ENSG00000292305.1,0.0
ENSG00000292306.1,0.0
ENSG00000292307.1,0.0
ENSG00000292308.1,4.163197
ENSG00000292309.2,0.0
ENSG00000292312.1,0.0
ENSG00000292313.1,0.056415
ENSG00000292314.1,0.0
ENSG00000292316.1,0.404848
ENSG00000292318.1,0.0
ENSG00000292319.1,0.0
ENSG00000292320.1,0.0
ENSG00000292321.1,0.0
ENSG00000292322.1,0.0
ENSG00000292323.1,0.0
ENSG00000292324.1,0.0
ENSG00000292325.1,0.0
ENSG00000292375.1,0.0
ENSG00000292376.1,1.4724979999999999
ENSG00000292378.1,1.436046
ENSG00000292379.1,0.0
ENSG00000292381.1,0.0
ENSG00000292383.1,0.0
ENSG00000292384.1,0.0
ENSG00000292385.2,0.0
ENSG00000292386.1,0.0
ENSG00000292387.1,0.0
ENSG00000292388.1,0.0
ENSG00000292390.1,0.179544
ENSG00000292391.1,0.0
ENSG00000292392.1,0.0
ENSG00000292396.1,0.0
ENSG00000292397.1,0.0
ENSG00000292398.1,0.0
ENSG00000292400.1,0.0
ENSG00000292401.1,0.0
ENSG00000292406.1,0.0
ENSG00000292407.1,0.0
ENSG00000292408.1,0.48244
ENSG00000292409.1,0.0
ENSG00000292410.1,0.0
ENSG00000292411.1,0.0
ENSG00000292412.1,0.0
ENSG00000292413.1,0.0
ENSG00000292414.1,0.0
ENSG00000292415.1,0.0
ENSG00000292416.1,0.0
ENSG00000292417.1,0.0
ENSG00000292418.1,0.0
ENSG00000292419.1,0.236463
ENSG00000292420.1,0.0
ENSG00000292421.1,0.0
ENSG00000292423.2,0.0
ENSG00000292424.1,0.0
ENSG00000292430.2,0.0
ENSG00000292431.1,0.0
ENSG00000292432.2,0.821668
ENSG00000292433.2,0.0
ENSG00000292434.2,0.041346
ENSG00000292435.2,0.0
ENSG00000292437.1,0.0
ENSG00000292438.1,0.0
ENSG00000292439.1,0.0
ENSG00000292440.1,0.0
ENSG00000292441.1,0.0
ENSG00000292442.1,0.0
ENSG00000292444.1,0.0
ENSG00000292445.1,0.0
ENSG00000292446.1,0.0
ENSG00000292447.1,0.0
ENSG00000292977.2,0.0
ENSG00000292979.2,2.649334
ENSG00000292982.2,41.406723
ENSG00000292984.1,0.0
ENSG00000292985.2,0.0
ENSG00000292986.2,0.037496
ENSG00000292987.1,1.15421
ENSG00000292991.1,0.0
ENSG00000292993.1,0.503791
ENSG00000292994.2,5.285572
ENSG00000292995.2,0.0
ENSG00000292997.1,2.079032
ENSG00000292998.2,0.0
ENSG00000293000.1,0.0
ENSG00000293001.2,0.0
ENSG00000293002.1,0.0
ENSG00000293003.1,0.0
ENSG00000293004.1,0.0
ENSG00000293005.2,0.0
ENSG00000293007.2,0.0
ENSG00000293008.1,0.0
ENSG00000293009.1,0.0
ENSG00000293012.2,0.0
ENSG00000293013.2,0.076043
ENSG00000293014.1,0.0
ENSG00000293015.2,0.0
ENSG00000293016.1,0.0
ENSG00000293017.1,0.0
ENSG00000293019.1,0.0
ENSG00000293020.1,0.0
ENSG00000293021.1,0.0
ENSG00000293023.2,1.065478
ENSG00000293024.2,0.0
ENSG00000293025.2,5.03431
ENSG00000293027.1,0.183901
ENSG00000293029.1,0.0
ENSG00000293031.1,0.0
ENSG00000293032.1,0.0
ENSG00000293033.1,0.0
ENSG00000293034.1,0.0
ENSG00000293035.2,0.0
ENSG00000293037.2,0.0
ENSG00000293038.2,0.0
ENSG00000293042.2,0.378186
ENSG00000293043.2,0.0
ENSG00000293044.2,0.0
ENSG00000293047.2,0.0
ENSG00000293050.1,0.0
ENSG00000293051.1,0.0
ENSG00000293053.1,0.0
ENSG00000293054.2,0.0
ENSG00000293056.1,0.0
ENSG00000293057.1,0.0
ENSG00000293058.1,0.0
ENSG00000293059.1,0.0
ENSG00000293060.1,0.0
ENSG00000293061.2,0.0
ENSG00000293062.2,0.0
ENSG00000293063.1,0.0
ENSG00000293064.2,0.0
ENSG00000293066.2,0.0
ENSG00000293068.2,0.0
ENSG00000293070.1,0.0
ENSG00000293071.2,0.0
ENSG00000293072.2,0.0
ENSG00000293073.1,0.0
ENSG00000293075.2,0.0
ENSG00000293076.2,0.0
ENSG00000293077.1,0.0
ENSG00000293079.1,0.0
ENSG00000293080.2,0.0
ENSG00000293081.1,0.0
ENSG00000293083.1,0.0
ENSG00000293084.1,0.0
ENSG00000293085.1,0.0
ENSG00000293086.2,0.0
ENSG00000293087.2,0.398152
ENSG00000293088.2,0.0
ENSG00000293089.1,0.0
ENSG00000293090.1,0.0
ENSG00000293091.2,0.0
ENSG00000293092.2,0.0
ENSG00000293093.1,0.0
ENSG00000293094.1,0.0
ENSG00000293095.1,0.0
ENSG00000293096.2,0.0
ENSG00000293097.1,0.0
ENSG00000293098.1,1.004221
ENSG00000293099.1,0.0
ENSG00000293100.1,0.0
ENSG00000293101.1,0.0
ENSG00000293102.1,0.0
ENSG00000293104.1,0.0
ENSG00000293105.1,0.28136
ENSG00000293106.2,9.736949
ENSG00000293107.1,2.360165
ENSG00000293109.1,0.0
ENSG00000293110.2,0.706115
ENSG00000293111.1,0.0
ENSG00000293112.1,0.0
ENSG00000293113.2,0.0
ENSG00000293114.1,0.273738
ENSG00000293116.1,0.0
ENSG00000293117.2,0.0
ENSG00000293132.2,0.0
ENSG00000293133.1,0.771765
ENSG00000293134.1,0.0
ENSG00000293135.1,0.0
ENSG00000293136.2,0.0
ENSG00000293137.2,0.347848
ENSG00000293138.1,0.0
ENSG00000293139.2,0.0
ENSG00000293140.1,0.0
ENSG00000293141.2,15.275926
ENSG00000293142.1,0.197403
ENSG00000293143.1,10.811401
ENSG00000293144.1,0.0
ENSG00000293145.2,0.0
ENSG00000293146.1,0.0
ENSG00000293147.1,0.926443
ENSG00000293148.1,0.0
ENSG00000293149.1,0.0
ENSG00000293150.1,0.0
ENSG00000293151.1,0.0
ENSG00000293152.1,0.0
ENSG00000293153.1,0.0
ENSG00000293154.2,0.304482
ENSG00000293155.2,0.424158
ENSG00000293156.1,0.0
ENSG00000293157.1,0.0
ENSG00000293158.1,0.0
ENSG00000293159.2,0.0
ENSG00000293160.2,1.840991
ENSG00000293161.1,2.306906
ENSG00000293162.1,0.0
ENSG00000293163.1,0.0
ENSG00000293164.1,0.54184
ENSG00000293165.1,0.0
ENSG00000293166.1,0.0
ENSG00000293167.1,0.182642
ENSG00000293168.2,0.0
ENSG00000293169.1,0.0
ENSG00000293170.1,0.0
ENSG00000293171.2,0.227115
ENSG00000293172.1,0.0
ENSG00000293173.2,0.0
ENSG00000293174.1,0.0
ENSG00000293175.2,0.941719
ENSG00000293176.2,0.0
ENSG00000293177.1,0.0
ENSG00000293178.2,0.210924
ENSG00000293179.1,0.0
ENSG00000293180.1,0.0
ENSG00000293182.1,0.355038
ENSG00000293183.1,0.0
ENSG00000293184.1,0.0
ENSG00000293185.2,3.46729
ENSG00000293186.2,0.216674
ENSG00000293187.1,0.0
ENSG00000293188.2,0.0
ENSG00000293189.2,0.0
ENSG00000293190.2,0.0
ENSG00000293191.1,0.0
ENSG00000293192.2,2.422193
ENSG00000293193.2,0.0
ENSG00000293194.2,0.0
ENSG00000293195.2,0.0
ENSG00000293197.2,0.0
ENSG00000293198.1,0.0
ENSG00000293199.1,0.0
ENSG00000293200.1,0.0
ENSG00000293201.2,0.0
ENSG00000293202.2,0.0
ENSG00000293203.1,0.0
ENSG00000293204.1,0.0
ENSG00000293205.1,0.0
ENSG00000293206.1,0.0
ENSG00000293207.1,0.0
ENSG00000293208.1,0.0
ENSG00000293209.1,0.0
ENSG00000293210.2,1.293337
ENSG00000293211.1,0.0
ENSG00000293212.1,0.0
ENSG00000293213.1,0.0
ENSG00000293214.2,0.0
ENSG00000293215.1,0.0
ENSG00000293216.1,0.0
ENSG00000293217.1,0.0
ENSG00000293218.1,0.0
ENSG00000293219.1,1.523402
ENSG00000293220.2,0.431565
ENSG00000293221.2,0.0
ENSG00000293222.2,0.302415
ENSG00000293223.1,0.0
ENSG00000293224.2,0.0
ENSG00000293226.1,0.0
ENSG00000293227.1,0.0
ENSG00000293228.2,0.0
ENSG00000293229.1,0.0
ENSG00000293230.1,0.0
ENSG00000293231.1,0.0
ENSG00000293232.1,0.291891
ENSG00000293233.1,0.0
ENSG00000293234.1,0.503265
ENSG00000293235.1,0.0
ENSG00000293236.1,0.0
ENSG00000293237.1,0.263421
ENSG00000293238.1,0.0
ENSG00000293239.2,0.0
ENSG00000293240.2,0.0
ENSG00000293241.2,44.431033
ENSG00000293242.2,0.0
ENSG00000293243.1,0.0
ENSG00000293244.1,0.0
ENSG00000293245.2,0.0
ENSG00000293246.2,0.930887
ENSG00000293247.1,0.0
ENSG00000293248.1,0.0
ENSG00000293249.2,0.0
ENSG00000293250.1,0.0
ENSG00000293251.3,0.0
ENSG00000293252.1,0.0
ENSG00000293253.2,0.0
ENSG00000293254.2,0.0
ENSG00000293255.1,0.0
ENSG00000293256.2,0.0
ENSG00000293258.1,0.305766
ENSG00000293259.2,0.0
ENSG00000293260.1,0.0
ENSG00000293261.1,0.0
ENSG00000293262.2,0.0
ENSG00000293263.1,0.752878
ENSG00000293264.2,0.0
ENSG00000293265.2,0.297552
ENSG00000293266.1,0.0
ENSG00000293267.2,0.0
ENSG00000293268.2,1.060087
ENSG00000293269.2,0.0
ENSG00000293270.2,0.0
ENSG00000293271.2,0.708427
ENSG00000293272.1,0.0
ENSG00000293273.1,0.0
ENSG00000293274.1,0.0
ENSG00000293275.1,0.0
ENSG00000293276.2,0.0
ENSG00000293277.1,0.0
ENSG00000293278.1,0.31044
ENSG00000293279.2,0.348255
ENSG00000293280.2,0.0
ENSG00000293281.1,0.0
ENSG00000293282.1,0.0
ENSG00000293283.1,0.0
ENSG00000293285.1,0.0
ENSG00000293286.1,0.0
ENSG00000293287.2,1.418954
ENSG00000293289.2,0.0
ENSG00000293291.2,0.0
ENSG00000293292.1,0.0
ENSG00000293293.2,0.0
ENSG00000293294.2,0.0
ENSG00000293295.2,0.0
ENSG00000293296.1,0.270737
ENSG00000293297.1,0.0
ENSG00000293299.1,0.0
ENSG00000293300.1,0.0
ENSG00000293301.1,0.0
ENSG00000293303.2,0.0
ENSG00000293304.1,0.0
ENSG00000293305.2,0.0
ENSG00000293306.2,0.377353
ENSG00000293307.2,0.0
ENSG00000293309.2,2.302433
ENSG00000293310.2,0.504025
ENSG00000293311.2,7.949019
ENSG00000293312.2,0.0
ENSG00000293313.2,3.714953
ENSG00000293314.2,0.0
ENSG00000293315.2,0.9319379999999999
ENSG00000293316.2,1.8791820000000001
ENSG00000293317.2,0.983367
ENSG00000293318.1,0.0
ENSG00000293319.1,84.227849
ENSG00000293320.1,10.353474
ENSG00000293321.1,0.0
ENSG00000293322.2,0.10061
ENSG00000293323.2,0.0
ENSG00000293324.1,4.549004
ENSG00000293325.2,0.0
ENSG00000293326.2,0.0
ENSG00000293327.1,0.0
ENSG00000293328.2,0.0
ENSG00000293329.2,0.0
ENSG00000293331.2,0.290988
ENSG00000293332.2,0.23722
ENSG00000293333.1,0.0
ENSG00000293334.1,0.0
ENSG00000293335.1,0.0
ENSG00000293336.2,0.0
ENSG00000293337.2,0.39062
ENSG00000293338.1,0.349614
ENSG00000293339.1,0.916986
ENSG00000293340.1,0.0
ENSG00000293341.1,0.0
ENSG00000293342.2,0.0
ENSG00000293343.1,0.0
ENSG00000293344.1,0.0
ENSG00000293345.1,2.854401
ENSG00000293347.2,0.0
ENSG00000293348.1,0.0
ENSG00000293349.1,0.0
ENSG00000293350.2,0.0
ENSG00000293351.2,0.0
ENSG00000293352.2,0.133378
ENSG00000293353.1,0.0
ENSG00000293354.1,0.0
ENSG00000293358.1,0.0
ENSG00000293359.2,0.0
ENSG00000293360.1,0.488168
ENSG00000293361.1,0.0
ENSG00000293362.1,0.0
ENSG00000293363.3,0.074815
ENSG00000293364.1,0.0
ENSG00000293367.1,0.0
ENSG00000293370.1,0.0
ENSG00000293371.1,0.0
ENSG00000293372.2,3.1620320000000004
ENSG00000293373.1,0.0
ENSG00000293375.2,0.126078
ENSG00000293376.2,0.0
ENSG00000293377.4,0.0
ENSG00000293378.2,0.0
ENSG00000293379.2,0.0
ENSG00000293380.1,0.0
ENSG00000293381.1,0.0
ENSG00000293382.1,0.0
ENSG00000293384.2,0.0
ENSG00000293385.1,0.0
ENSG00000293386.2,0.0
ENSG00000293387.1,0.0
ENSG00000293388.1,0.364967
ENSG00000293389.2,0.0
ENSG00000293390.1,1.604712
ENSG00000293391.1,0.0
ENSG00000293392.1,0.0
ENSG00000293393.2,0.0
ENSG00000293394.2,0.0
ENSG00000293395.1,0.0
ENSG00000293396.2,0.0
ENSG00000293397.1,0.0
ENSG00000293398.2,0.0
ENSG00000293399.3,0.416999
ENSG00000293400.2,0.0
ENSG00000293401.2,0.30893
ENSG00000293402.1,0.0
ENSG00000293403.2,0.0
ENSG00000293404.1,0.095604
ENSG00000293405.2,2.153766
ENSG00000293406.1,0.0
ENSG00000293407.2,0.0
ENSG00000293408.1,0.0
ENSG00000293409.1,0.0
ENSG00000293410.2,0.0
ENSG00000293411.2,0.0
ENSG00000293412.2,0.082969
ENSG00000293413.2,0.0
ENSG00000293414.2,0.0
ENSG00000293415.2,0.0
ENSG00000293416.1,0.0
ENSG00000293417.1,0.0
ENSG00000293418.1,0.0
ENSG00000293419.2,0.0
ENSG00000293420.2,3.581404
ENSG00000293421.1,0.0
ENSG00000293422.2,1.8187790000000001
ENSG00000293423.2,0.493867
ENSG00000293426.2,0.185461
ENSG00000293427.2,20.003517
ENSG00000293428.2,2.666513
ENSG00000293429.1,0.0
ENSG00000293430.2,1.208805
ENSG00000293431.1,0.0
ENSG00000293432.1,0.0
ENSG00000293433.1,0.0
ENSG00000293434.2,21.371616
ENSG00000293435.2,0.0
ENSG00000293436.1,0.0
ENSG00000293437.1,0.0
ENSG00000293438.2,0.0
ENSG00000293440.2,0.587772
ENSG00000293441.2,27.212674
ENSG00000293442.2,0.0
ENSG00000293443.1,0.0
ENSG00000293444.2,0.0
ENSG00000293445.1,0.0
ENSG00000293446.2,0.0
ENSG00000293447.1,0.0
ENSG00000293448.2,0.0
ENSG00000293449.2,0.0
ENSG00000293450.1,0.0
ENSG00000293451.1,0.0
ENSG00000293453.2,2.073708
ENSG00000293454.1,0.0
ENSG00000293455.2,0.0
ENSG00000293456.1,61.536352
ENSG00000293457.2,0.0
ENSG00000293458.1,0.0
ENSG00000293459.1,0.0
ENSG00000293460.1,6.0056449999999995
ENSG00000293461.2,0.0
ENSG00000293462.1,0.0
ENSG00000293463.2,0.0
ENSG00000293464.2,0.0
ENSG00000293465.2,0.096181
ENSG00000293467.1,0.0
ENSG00000293468.2,0.0
ENSG00000293469.2,0.0
ENSG00000293470.3,0.0
ENSG00000293471.2,0.0
ENSG00000293472.2,0.0
ENSG00000293473.2,2.60201
ENSG00000293474.1,0.0
ENSG00000293475.2,0.075993
ENSG00000293476.1,7.008011
ENSG00000293477.2,2.95044
ENSG00000293478.2,4.652709
ENSG00000293479.1,0.0
ENSG00000293480.2,0.0
ENSG00000293481.2,0.0
ENSG00000293482.2,0.231146
ENSG00000293484.2,0.340901
ENSG00000293485.2,0.196524
ENSG00000293486.2,2.979908
ENSG00000293487.2,1.916789
ENSG00000293488.2,0.319132
ENSG00000293489.2,4.9928420000000004
ENSG00000293490.2,0.0
ENSG00000293491.2,15.881948
ENSG00000293492.2,7.508546000000001
ENSG00000293493.2,51.678317
ENSG00000293494.3,0.0
ENSG00000293495.2,11.653259
ENSG00000293496.2,0.0
ENSG00000293497.2,2.771034
ENSG00000293498.2,0.19935
ENSG00000293499.2,0.0
ENSG00000293500.2,0.0
ENSG00000293501.2,0.505758
ENSG00000293502.1,0.0
ENSG00000293503.2,0.464954
ENSG00000293504.2,0.477944
ENSG00000293505.1,0.997372
ENSG00000293506.2,0.0
ENSG00000293507.2,7.213074000000001
ENSG00000293508.2,4.588425
ENSG00000293509.2,0.0
ENSG00000293510.2,9.400444
ENSG00000293511.2,0.0
ENSG00000293512.2,0.0
ENSG00000293513.2,0.0
ENSG00000293514.2,10.6796
ENSG00000293515.2,0.627464
ENSG00000293516.2,2.966345
ENSG00000293517.2,4.18994
ENSG00000293518.2,0.0
ENSG00000293519.1,0.0
ENSG00000293522.1,0.0
ENSG00000293523.1,0.0
ENSG00000293524.1,0.0
ENSG00000293526.1,0.0
ENSG00000293527.1,0.0
ENSG00000293528.1,0.0
ENSG00000293529.2,0.0
ENSG00000293530.1,2.8185089999999997
ENSG00000293531.1,0.0
ENSG00000293532.1,0.0
ENSG00000293533.1,0.0
ENSG00000293534.2,0.0
ENSG00000293535.3,0.0
ENSG00000293537.2,0.0
ENSG00000293538.3,0.062595
ENSG00000293539.2,0.0
ENSG00000293540.2,0.0
ENSG00000293541.2,0.338307
ENSG00000293542.1,0.636672
ENSG00000293543.1,0.813406
ENSG00000293544.1,0.0
ENSG00000293545.3,0.0
ENSG00000293546.1,0.50292
ENSG00000293547.1,0.0
ENSG00000293548.1,0.0
ENSG00000293549.8,0.0
ENSG00000293550.1,4.505314
ENSG00000293551.1,0.0
ENSG00000293553.1,0.0
ENSG00000293554.1,0.0
ENSG00000293555.2,5.216642
ENSG00000293556.1,0.0
ENSG00000293557.1,0.0
ENSG00000293558.1,0.0
ENSG00000293559.1,0.0
ENSG00000293560.3,0.0
ENSG00000293562.1,0.0
ENSG00000293563.2,0.0
ENSG00000293564.1,0.0
ENSG00000293565.1,0.0
ENSG00000293568.1,0.0
ENSG00000293569.1,0.042492
ENSG00000293570.1,0.0
ENSG00000293571.1,0.0
ENSG00000293573.1,0.539124
ENSG00000293574.1,0.0
ENSG00000293575.1,0.0
ENSG00000293576.1,0.0
ENSG00000293580.1,0.0
ENSG00000293581.1,0.0
ENSG00000293584.1,0.0
ENSG00000293586.2,0.575421
ENSG00000293587.2,0.0
ENSG00000293588.2,2.631789
ENSG00000293591.1,0.0
ENSG00000293592.2,0.0
ENSG00000293595.1,0.0
ENSG00000293596.2,0.0
ENSG00000293597.3,0.23722
ENSG00000293599.1,0.0
ENSG00000293600.2,66.07991
ENSG00000293604.1,3.099528
ENSG00000293605.1,0.0
ENSG00000293606.1,0.0
ENSG00000293607.1,0.0
ENSG00000293608.1,0.0
ENSG00000293609.1,0.0
ENSG00000293610.1,0.114107
ENSG00000293611.1,0.0
ENSG00000293612.2,0.0
ENSG00000293613.1,0.0
ENSG00000293614.1,0.0
ENSG00000293615.1,12.363811
ENSG00000293616.2,36.504493
ENSG00000293618.1,0.0
ENSG00000293619.1,0.0
ENSG00000293621.2,0.0
ENSG00000293623.1,0.0
ENSG00000293624.2,0.0
ENSG00000293625.1,0.0
ENSG00000293626.1,0.0
ENSG00000293627.1,0.0
ENSG00000293628.1,0.0
ENSG00000293629.1,2.0437849999999997
ENSG00000293630.1,0.0
ENSG00000293636.1,0.504598
ENSG00000293642.1,0.0
ENSG00000293643.1,0.0
ENSG00000293644.1,0.0
ENSG00000293645.1,0.0
ENSG00000293647.1,0.0
ENSG00000293648.1,0.0
ENSG00000293650.1,0.0
ENSG00000293651.1,0.0
ENSG00000293652.1,0.0
ENSG00000293653.1,0.0
ENSG00000293654.1,0.0
ENSG00000293655.1,0.0
ENSG00000293656.1,0.0
ENSG00000293657.1,0.0
ENSG00000293659.1,0.0
ENSG00000293660.1,0.0
ENSG00000293661.1,0.0
ENSG00000293662.1,0.0
ENSG00000293663.1,0.0
ENSG00000293664.1,0.359253
ENSG00000293667.1,0.0
ENSG00000293668.1,0.0
ENSG00000293669.2,28.522203
ENSG00000293670.1,6.827075
ENSG00000293671.1,0.0
ENSG00000293672.1,0.0
ENSG00000293673.1,0.0
ENSG00000293674.1,0.0
ENSG00000293676.3,0.256669
ENSG00000293677.1,0.0
ENSG00000293678.1,2.156267
ENSG00000293679.1,0.0
ENSG00000293680.1,0.0
ENSG00000293681.1,0.0
ENSG00000293682.1,0.0
ENSG00000293683.2,0.0
ENSG00000293684.1,0.0
ENSG00000293685.1,0.0
ENSG00000293686.1,0.0
ENSG00000293687.1,0.0
ENSG00000293688.1,0.0
ENSG00000293689.1,5.011806
ENSG00000293690.1,0.0
ENSG00000293691.1,125.326237
ENSG00000293692.1,0.0
ENSG00000293693.1,0.0
ENSG00000293694.1,0.0
ENSG00000293695.1,0.0
ENSG00000293696.1,0.0
ENSG00000293697.2,0.086826
ENSG00000293698.1,0.0
ENSG00000293699.3,0.0
ENSG00000293700.1,0.0
ENSG00000293701.1,0.0
ENSG00000293702.1,0.0
ENSG00000293703.1,0.0
ENSG00000293704.1,0.0
ENSG00000293705.1,0.0
ENSG00000293706.1,0.0
ENSG00000293707.1,0.0
ENSG00000293708.1,0.0
ENSG00000293709.1,0.0
ENSG00000293710.1,3.284453
ENSG00000293711.1,0.0
ENSG00000293712.1,0.0
ENSG00000293713.1,0.0
ENSG00000293714.1,0.0
ENSG00000293715.1,0.0
ENSG00000293716.1,0.0
ENSG00000293717.1,0.0
ENSG00000293718.1,0.0
ENSG00000293719.1,0.0
ENSG00000293720.1,0.0
ENSG00000293721.1,0.0
ENSG00000293723.1,0.0
ENSG00000293724.1,0.0
ENSG00000293725.1,0.0
ENSG00000293726.1,0.0
ENSG00000293727.1,0.0
ENSG00000293728.1,0.0
ENSG00000293729.1,0.0
ENSG00000293730.1,0.0
ENSG00000293731.1,0.0
ENSG00000293732.1,0.0
ENSG00000293733.1,0.0
ENSG00000293734.1,0.0
ENSG00000293735.1,0.0
ENSG00000293736.1,0.0
ENSG00000293737.1,0.0
ENSG00000293738.1,0.0
ENSG00000293739.1,0.0
ENSG00000293740.1,0.0
ENSG00000293741.1,0.0
ENSG00000293742.1,0.0
ENSG00000293743.1,0.0
ENSG00000293744.1,0.0
ENSG00000293745.1,0.0
ENSG00000293746.1,0.0
ENSG00000293747.1,0.0
ENSG00000293748.1,0.0
ENSG00000293749.1,0.0
ENSG00000293750.1,0.912733
ENSG00000293751.1,0.0
ENSG00000293752.1,0.0
ENSG00000293753.1,0.453573
ENSG00000293754.1,0.0
ENSG00000293755.1,0.0
ENSG00000293756.1,0.0
ENSG00000293757.1,0.0
ENSG00000293758.1,0.0
ENSG00000293759.1,0.0
ENSG00000293760.1,0.0
ENSG00000293761.1,0.0
ENSG00000293762.1,0.0
ENSG00000293763.1,0.0
ENSG00000293764.1,0.0
ENSG00000293765.1,0.0
ENSG00000293766.1,0.0
ENSG00000293767.1,0.0
ENSG00000293768.1,0.0
ENSG00000293769.1,0.0
ENSG00000293770.1,0.0
ENSG00000293771.1,0.0
ENSG00000293772.1,0.0
ENSG00000293773.1,0.0
ENSG00000293774.1,0.0
ENSG00000293775.1,0.0
ENSG00000293776.1,0.0
ENSG00000293777.1,0.0
ENSG00000293778.1,0.0
ENSG00000293779.1,1.866643
ENSG00000293780.1,0.0
ENSG00000293781.1,0.0
ENSG00000293782.1,0.0
ENSG00000293783.1,0.0
ENSG00000293784.1,0.0
ENSG00000293785.1,0.0
ENSG00000293786.1,0.0
ENSG00000293787.1,0.0
ENSG00000293788.1,0.0
ENSG00000293789.1,0.0
ENSG00000293790.1,0.0
ENSG00000293791.1,0.33125
ENSG00000293792.1,0.0
ENSG00000293793.1,0.0
ENSG00000293794.1,0.0
ENSG00000293795.1,0.0
ENSG00000293796.1,0.218131
ENSG00000293797.1,0.0
ENSG00000293798.1,0.0
ENSG00000293799.1,0.0
ENSG00000293800.1,0.0
ENSG00000293801.1,0.0
ENSG00000293802.1,0.0
ENSG00000293803.1,0.0
ENSG00000293804.1,0.0
ENSG00000293805.1,0.0
ENSG00000293806.1,0.0
ENSG00000293807.1,0.0
ENSG00000293808.1,0.0
ENSG00000293809.1,0.0
ENSG00000293810.1,0.0
ENSG00000293811.1,0.0
ENSG00000293812.1,0.0
ENSG00000293813.1,1.811081
ENSG00000293814.1,0.0
ENSG00000293815.1,0.0
ENSG00000293816.1,0.0
ENSG00000293817.1,0.808536
ENSG00000293818.1,0.0
ENSG00000293819.1,0.0
ENSG00000293820.1,0.0
ENSG00000293821.1,0.0
ENSG00000293822.1,0.0
ENSG00000293823.1,0.0
ENSG00000293824.1,0.0
ENSG00000293825.1,0.0
ENSG00000293826.1,0.0
ENSG00000293827.1,0.0
ENSG00000293828.1,0.0
ENSG00000293829.1,0.0
ENSG00000293830.1,0.0
ENSG00000293831.1,0.741742
ENSG00000293832.1,0.0
ENSG00000293833.1,0.0
ENSG00000293834.1,0.0
ENSG00000293835.1,0.0
ENSG00000293836.1,0.0
ENSG00000293837.1,0.0
ENSG00000293838.1,0.523001
ENSG00000293839.1,0.0
ENSG00000293840.1,0.0
ENSG00000293841.1,0.0
ENSG00000293842.1,0.0
ENSG00000293843.1,0.0
ENSG00000293844.1,0.0
ENSG00000293845.1,0.0
ENSG00000293846.1,0.0
ENSG00000293847.1,0.0
ENSG00000293848.1,0.603918
ENSG00000293849.1,0.0
ENSG00000293850.1,0.0
ENSG00000293851.1,0.0
ENSG00000293852.1,0.0
ENSG00000293853.1,0.0
ENSG00000293854.1,0.0
ENSG00000293855.1,0.77751
ENSG00000293856.1,0.0
ENSG00000293857.1,0.0
ENSG00000293858.1,0.0
ENSG00000293859.1,0.0
ENSG00000293860.1,0.0
ENSG00000293861.1,0.0
ENSG00000293862.1,0.0
ENSG00000293863.1,0.473935
ENSG00000293864.1,0.0
ENSG00000293865.1,0.0
ENSG00000293866.1,0.0
ENSG00000293867.1,0.0
ENSG00000293868.1,0.0
ENSG00000293869.1,0.0
ENSG00000293870.1,0.0
ENSG00000293871.1,0.0
ENSG00000293872.1,0.0
ENSG00000293873.1,0.0
ENSG00000293874.1,0.0
ENSG00000293875.1,0.0
ENSG00000293876.1,0.0
ENSG00000293877.1,0.0
ENSG00000293878.1,0.0
ENSG00000293879.1,0.0
ENSG00000293880.1,0.0
ENSG00000293881.1,0.0
ENSG00000293882.1,0.0
ENSG00000293883.1,0.0
ENSG00000293884.1,0.0
ENSG00000293885.1,0.0
ENSG00000293886.1,0.0
ENSG00000293887.1,0.0
ENSG00000293888.1,0.0
ENSG00000293889.1,0.0
ENSG00000293890.1,0.0
ENSG00000293891.1,1.007961
ENSG00000293892.1,0.0
ENSG00000293893.1,0.0
ENSG00000293894.1,0.0
ENSG00000293895.1,0.0
ENSG00000293896.1,0.0
ENSG00000293897.1,0.0
ENSG00000293898.1,0.0
ENSG00000293899.1,0.0
ENSG00000293900.1,0.0
ENSG00000293901.1,0.0
ENSG00000293902.1,0.0
ENSG00000293903.1,0.0
ENSG00000293904.1,0.296362
ENSG00000293905.1,0.234468
ENSG00000293906.1,0.0
ENSG00000293907.1,0.0
ENSG00000293908.1,0.950829
ENSG00000293909.1,0.0
ENSG00000293910.1,0.470922
ENSG00000293911.1,0.0
ENSG00000293912.1,0.0
ENSG00000293913.1,0.0
ENSG00000293914.1,0.0
ENSG00000293915.1,0.0
ENSG00000293916.1,0.0
ENSG00000293917.1,0.0
ENSG00000293918.1,0.0
ENSG00000293919.1,0.167755
ENSG00000293920.1,0.0
ENSG00000293921.1,0.0
ENSG00000293922.1,0.0
ENSG00000293923.1,0.0
ENSG00000293924.1,0.0
ENSG00000293925.1,0.240818
ENSG00000293926.1,0.0
ENSG00000293927.1,0.0
ENSG00000293928.1,0.0
ENSG00000293929.1,0.0
ENSG00000293930.1,0.0
ENSG00000293931.1,0.0
ENSG00000293932.1,0.0
ENSG00000293933.1,0.0
ENSG00000293934.1,0.0
ENSG00000293935.1,0.0
ENSG00000293936.1,0.0
ENSG00000293937.1,0.145946
ENSG00000293938.1,0.0
ENSG00000293939.1,0.0
ENSG00000293940.1,0.0
ENSG00000293941.1,0.0
ENSG00000293942.1,0.0
ENSG00000293943.1,0.0
ENSG00000293944.1,0.0
ENSG00000293945.1,0.0
ENSG00000293946.1,0.503938
ENSG00000293947.1,0.0
ENSG00000293948.1,0.0
ENSG00000293949.1,0.0
ENSG00000293950.1,0.0
ENSG00000293951.1,0.0
ENSG00000293952.1,0.0
ENSG00000293953.1,0.0
ENSG00000293954.1,0.0
ENSG00000293955.1,0.0
ENSG00000293956.1,0.0
ENSG00000293957.1,0.6237429999999999
ENSG00000293958.1,0.0
ENSG00000293959.1,7.6409400000000005
ENSG00000293960.1,0.0
ENSG00000293961.1,0.0
ENSG00000293962.1,0.0
ENSG00000293963.1,0.0
ENSG00000293964.1,0.0
ENSG00000293965.1,0.0
ENSG00000293966.1,0.0
ENSG00000293967.1,0.0
ENSG00000293968.1,0.0
ENSG00000293969.1,0.0
ENSG00000293970.1,0.222498
ENSG00000293971.1,0.0
ENSG00000293972.1,0.0
ENSG00000293973.1,0.786772
ENSG00000293974.1,0.0
ENSG00000293975.1,0.0
ENSG00000293976.1,0.0
ENSG00000293977.1,0.0
ENSG00000293978.1,0.0
ENSG00000293979.1,0.0
ENSG00000293980.1,0.0
ENSG00000293981.1,0.0
ENSG00000293982.1,0.0
ENSG00000293983.1,0.0
ENSG00000293984.1,0.0
ENSG00000293985.1,0.0
ENSG00000293986.1,0.0
ENSG00000293987.1,0.0
ENSG00000293988.1,0.0
ENSG00000293989.1,0.0
ENSG00000293990.1,0.0
ENSG00000293991.1,0.0
ENSG00000293992.1,0.319812
ENSG00000293993.1,0.0
ENSG00000293994.1,0.0
ENSG00000293995.1,0.0
ENSG00000293996.1,0.0
ENSG00000293997.1,0.0
ENSG00000293998.1,0.0
ENSG00000293999.1,1.622348
ENSG00000294000.1,0.0
ENSG00000294001.1,0.0
ENSG00000294002.1,0.0
ENSG00000294003.1,0.120084
ENSG00000294004.1,0.0
ENSG00000294005.1,0.0
ENSG00000294006.1,0.0
ENSG00000294007.1,0.0
ENSG00000294008.1,1.093811
ENSG00000294009.1,0.0
ENSG00000294010.1,0.0
ENSG00000294011.1,0.0
ENSG00000294012.1,0.0
ENSG00000294013.1,0.0
ENSG00000294014.1,0.0
ENSG00000294015.1,0.0
ENSG00000294016.1,0.0
ENSG00000294017.1,0.0
ENSG00000294018.1,0.341949
ENSG00000294019.1,0.0
ENSG00000294020.1,1.354109
ENSG00000294021.1,0.0
ENSG00000294022.1,0.0
ENSG00000294023.1,0.0
ENSG00000294024.1,0.0
ENSG00000294025.1,0.0
ENSG00000294026.1,0.0
ENSG00000294027.1,0.0
ENSG00000294028.1,0.0
ENSG00000294029.1,0.0
ENSG00000294030.1,0.0
ENSG00000294031.1,0.0
ENSG00000294032.1,0.0
ENSG00000294033.1,0.0
ENSG00000294034.1,0.0
ENSG00000294035.1,0.0
ENSG00000294036.1,0.0
ENSG00000294037.1,0.0
ENSG00000294039.1,0.0
ENSG00000294040.1,0.0
ENSG00000294041.1,0.0
ENSG00000294042.1,0.0
ENSG00000294043.1,0.0
ENSG00000294044.1,0.0
ENSG00000294045.1,0.0
ENSG00000294046.1,0.0
ENSG00000294047.1,0.0
ENSG00000294048.1,0.158881
ENSG00000294049.1,0.0
ENSG00000294050.1,0.0
ENSG00000294051.1,0.0
ENSG00000294052.1,0.0
ENSG00000294053.1,0.482089
ENSG00000294054.1,0.0
ENSG00000294055.1,0.0
ENSG00000294056.1,0.0
ENSG00000294057.1,0.0
ENSG00000294058.1,0.0
ENSG00000294059.1,0.0
ENSG00000294060.1,0.0
ENSG00000294061.1,0.0
ENSG00000294062.1,0.0
ENSG00000294063.1,0.0
ENSG00000294064.1,0.0
ENSG00000294065.1,0.0
ENSG00000294066.1,0.0
ENSG00000294067.1,0.0
ENSG00000294068.1,0.0
ENSG00000294069.1,0.0
ENSG00000294070.1,0.0
ENSG00000294071.1,0.0
ENSG00000294072.1,0.0
ENSG00000294073.1,0.0
ENSG00000294074.1,0.0
ENSG00000294075.1,0.0
ENSG00000294076.1,0.0
ENSG00000294077.1,0.0
ENSG00000294078.1,0.0
ENSG00000294079.1,0.0
ENSG00000294080.1,0.67517
ENSG00000294081.1,0.0
ENSG00000294082.1,0.0
ENSG00000294083.1,0.0
ENSG00000294084.1,0.0
ENSG00000294085.1,0.0
ENSG00000294086.1,0.0
ENSG00000294087.1,0.0
ENSG00000294088.1,0.0
ENSG00000294089.1,1.100049
ENSG00000294090.1,0.0
ENSG00000294091.1,0.0
ENSG00000294092.1,0.0
ENSG00000294093.1,0.0
ENSG00000294094.1,0.0
ENSG00000294095.1,0.0
ENSG00000294096.1,0.0
ENSG00000294097.1,0.0
ENSG00000294098.1,0.0
ENSG00000294099.1,0.991401
ENSG00000294100.1,0.0
ENSG00000294101.1,0.0
ENSG00000294102.1,0.0
ENSG00000294103.1,0.0
ENSG00000294104.1,0.0
ENSG00000294105.1,0.0
ENSG00000294106.1,0.0
ENSG00000294107.1,0.0
ENSG00000294108.1,0.0
ENSG00000294109.1,0.0
ENSG00000294110.1,0.0
ENSG00000294111.1,0.0
ENSG00000294112.1,0.0
ENSG00000294113.1,0.0
ENSG00000294114.1,0.0
ENSG00000294115.1,0.0
ENSG00000294116.1,0.0
ENSG00000294117.1,0.641897
ENSG00000294118.1,0.0
ENSG00000294119.1,0.0
ENSG00000294120.1,0.0
ENSG00000294121.1,0.0
ENSG00000294122.1,0.0
ENSG00000294123.1,0.0
ENSG00000294124.1,0.0
ENSG00000294125.1,0.0
ENSG00000294126.1,0.0
ENSG00000294127.1,0.239521
ENSG00000294128.1,0.0
ENSG00000294129.1,0.0
ENSG00000294130.1,0.0
ENSG00000294131.1,0.0
ENSG00000294132.1,0.0
ENSG00000294133.1,0.0
ENSG00000294134.1,0.581864
ENSG00000294135.1,0.0
ENSG00000294136.1,0.0
ENSG00000294137.1,0.0
ENSG00000294138.1,0.0
ENSG00000294139.1,0.0
ENSG00000294140.1,0.0
ENSG00000294141.1,0.0
ENSG00000294142.1,0.0
ENSG00000294143.1,0.0
ENSG00000294144.1,0.0
ENSG00000294145.1,0.0
ENSG00000294146.1,0.0
ENSG00000294147.1,0.0
ENSG00000294148.1,0.0
ENSG00000294149.1,0.0
ENSG00000294150.1,0.0
ENSG00000294151.1,0.0
ENSG00000294152.1,0.0
ENSG00000294153.1,0.0
ENSG00000294154.1,0.0
ENSG00000294155.1,0.0
ENSG00000294156.1,0.0
ENSG00000294157.1,0.0
ENSG00000294158.1,0.0
ENSG00000294159.1,0.0
ENSG00000294160.1,0.0
ENSG00000294161.1,0.655132
ENSG00000294162.1,0.0
ENSG00000294163.1,0.0
ENSG00000294164.1,0.0
ENSG00000294165.1,0.0
ENSG00000294166.1,0.0
ENSG00000294167.1,0.0
ENSG00000294168.1,0.0
ENSG00000294169.1,0.0
ENSG00000294170.1,0.0
ENSG00000294171.1,0.0
ENSG00000294172.1,0.0
ENSG00000294173.1,0.0
ENSG00000294174.1,0.0
ENSG00000294175.1,0.0
ENSG00000294176.1,0.0
ENSG00000294177.1,0.0
ENSG00000294178.1,0.0
ENSG00000294179.1,0.0
ENSG00000294180.1,0.0
ENSG00000294181.1,0.0
ENSG00000294182.1,0.0
ENSG00000294183.1,0.0
ENSG00000294184.1,0.631011
ENSG00000294185.1,0.0
ENSG00000294186.1,0.867379
ENSG00000294187.1,0.625706
ENSG00000294188.1,0.0
ENSG00000294189.1,0.881963
ENSG00000294190.1,0.0
ENSG00000294191.1,0.0
ENSG00000294192.1,0.0
ENSG00000294193.1,0.0
ENSG00000294194.1,0.0
ENSG00000294195.1,0.0
ENSG00000294196.1,0.184512
ENSG00000294197.1,0.0
ENSG00000294198.1,0.0
ENSG00000294199.1,0.0
ENSG00000294200.1,0.0
ENSG00000294201.1,0.0
ENSG00000294202.1,0.0
ENSG00000294203.1,0.0
ENSG00000294204.1,1.3961700000000001
ENSG00000294205.1,0.0
ENSG00000294206.1,0.0
ENSG00000294207.1,0.0
ENSG00000294208.1,0.0
ENSG00000294209.1,0.0
ENSG00000294210.1,0.0
ENSG00000294211.1,0.0
ENSG00000294212.1,0.0
ENSG00000294213.1,0.0
ENSG00000294214.1,0.0
ENSG00000294215.1,0.0
ENSG00000294216.1,0.0
ENSG00000294217.1,0.0
ENSG00000294218.1,0.0
ENSG00000294219.1,0.0
ENSG00000294220.1,0.0
ENSG00000294221.1,0.0
ENSG00000294222.1,0.0
ENSG00000294223.1,0.0
ENSG00000294224.1,0.0
ENSG00000294225.1,0.0
ENSG00000294226.1,0.0
ENSG00000294227.1,0.0
ENSG00000294228.1,0.0
ENSG00000294229.1,0.0
ENSG00000294230.1,0.0
ENSG00000294231.1,0.0
ENSG00000294232.1,0.0
ENSG00000294233.1,0.0
ENSG00000294234.1,0.0
ENSG00000294235.1,0.0
ENSG00000294236.1,0.0
ENSG00000294237.1,0.0
ENSG00000294238.1,0.0
ENSG00000294239.1,1.640593
ENSG00000294240.1,0.0
ENSG00000294241.1,0.0
ENSG00000294242.1,0.0
ENSG00000294243.1,0.0
ENSG00000294244.1,0.0
ENSG00000294245.1,0.0
ENSG00000294246.1,0.0
ENSG00000294247.1,0.0
ENSG00000294248.1,0.0
ENSG00000294249.1,0.0
ENSG00000294250.1,0.0
ENSG00000294251.1,0.0
ENSG00000294252.1,0.0
ENSG00000294253.1,0.0
ENSG00000294254.1,0.143589
ENSG00000294255.1,5324.509516
ENSG00000294256.1,0.0
ENSG00000294257.1,0.0
ENSG00000294258.1,0.0
ENSG00000294259.1,0.0
ENSG00000294260.1,0.591944
ENSG00000294261.1,0.0
ENSG00000294262.1,0.0
ENSG00000294263.1,0.0
ENSG00000294264.1,0.0
ENSG00000294265.1,0.0
ENSG00000294266.1,0.0
ENSG00000294267.1,0.0
ENSG00000294268.1,0.0
ENSG00000294269.1,0.0
ENSG00000294270.1,0.0
ENSG00000294271.1,0.0
ENSG00000294272.1,0.0
ENSG00000294273.1,0.0
ENSG00000294274.1,0.0
ENSG00000294275.1,0.0
ENSG00000294276.1,0.0
ENSG00000294277.1,0.0
ENSG00000294278.1,0.0
ENSG00000294279.1,0.230456
ENSG00000294280.1,0.0
ENSG00000294281.1,0.551552
ENSG00000294282.1,0.0
ENSG00000294283.1,0.0
ENSG00000294284.1,1.274574
ENSG00000294285.1,0.0
ENSG00000294286.1,0.0
ENSG00000294287.1,0.0
ENSG00000294288.1,0.0
ENSG00000294289.1,0.0
ENSG00000294290.1,0.0
ENSG00000294291.1,0.0
ENSG00000294292.1,0.0
ENSG00000294293.1,0.0
ENSG00000294294.1,0.0
ENSG00000294295.1,0.0
ENSG00000294296.1,0.0
ENSG00000294297.1,0.0
ENSG00000294298.1,0.0
ENSG00000294299.1,0.0
ENSG00000294300.1,0.0
ENSG00000294301.1,0.0
ENSG00000294302.1,0.0
ENSG00000294303.1,0.0
ENSG00000294304.1,0.900942
ENSG00000294305.1,0.488517
ENSG00000294306.1,0.0
ENSG00000294307.1,0.0
ENSG00000294308.1,0.0
ENSG00000294309.1,0.0
ENSG00000294310.1,0.0
ENSG00000294311.1,0.0
ENSG00000294312.1,0.0
ENSG00000294313.1,0.719337
ENSG00000294314.1,0.0
ENSG00000294315.1,0.0
ENSG00000294316.1,0.0
ENSG00000294317.1,0.0
ENSG00000294318.1,0.0
ENSG00000294319.1,0.0
ENSG00000294320.1,0.0
ENSG00000294321.1,0.0
ENSG00000294322.1,0.0
ENSG00000294323.1,0.0
ENSG00000294324.1,0.0
ENSG00000294325.1,0.0
ENSG00000294326.1,0.0
ENSG00000294327.1,0.0
ENSG00000294328.1,0.0
ENSG00000294329.1,0.241604
ENSG00000294330.1,0.0
ENSG00000294331.1,0.0
ENSG00000294332.1,0.0
ENSG00000294333.1,0.0
ENSG00000294334.1,0.469865
ENSG00000294335.1,0.0
ENSG00000294336.1,0.0
ENSG00000294337.1,0.0
ENSG00000294338.1,0.739494
ENSG00000294339.1,0.0
ENSG00000294340.1,0.0
ENSG00000294341.1,0.0
ENSG00000294342.1,0.0
ENSG00000294343.1,0.121131
ENSG00000294344.1,0.0
ENSG00000294345.1,0.0
ENSG00000294346.1,0.0
ENSG00000294347.1,0.0
ENSG00000294348.1,0.0
ENSG00000294349.1,0.0
ENSG00000294350.1,0.0
ENSG00000294351.1,0.0
ENSG00000294352.1,0.0
ENSG00000294353.1,0.0
ENSG00000294354.1,0.0
ENSG00000294355.1,4.5098329999999995
ENSG00000294356.1,0.0
ENSG00000294357.1,0.0
ENSG00000294358.1,0.0
ENSG00000294359.1,0.0
ENSG00000294360.1,0.0
ENSG00000294361.1,0.0
ENSG00000294362.1,0.0
ENSG00000294363.1,0.0
ENSG00000294364.1,0.0
ENSG00000294365.1,0.0
ENSG00000294366.1,0.0
ENSG00000294367.1,0.0
ENSG00000294368.1,0.0
ENSG00000294369.1,0.0
ENSG00000294370.1,0.426598
ENSG00000294371.1,0.0
ENSG00000294372.1,0.0
ENSG00000294373.1,0.0
ENSG00000294374.1,0.0
ENSG00000294375.1,0.0
ENSG00000294376.1,0.0
ENSG00000294377.1,0.0
ENSG00000294378.1,0.0
ENSG00000294379.1,0.0
ENSG00000294380.1,0.0
ENSG00000294381.1,0.0
ENSG00000294382.1,0.0
ENSG00000294383.1,0.0
ENSG00000294384.1,0.0
ENSG00000294385.1,0.0
ENSG00000294386.1,0.0
ENSG00000294387.1,2.503623
ENSG00000294388.1,0.0
ENSG00000294389.1,0.0
ENSG00000294390.1,0.0
ENSG00000294391.1,0.0
ENSG00000294392.1,0.0
ENSG00000294393.1,0.0
ENSG00000294394.1,0.0
ENSG00000294395.1,0.0
ENSG00000294396.1,0.0
ENSG00000294397.1,0.0
ENSG00000294398.1,0.0
ENSG00000294399.1,0.0
ENSG00000294400.1,0.0
ENSG00000294401.1,0.0
ENSG00000294402.1,0.0
ENSG00000294403.1,0.0
ENSG00000294404.1,0.0
ENSG00000294405.1,0.0
ENSG00000294406.1,0.0
ENSG00000294407.1,0.0
ENSG00000294408.1,0.0
ENSG00000294409.1,0.0
ENSG00000294410.1,0.0
ENSG00000294411.1,0.0
ENSG00000294412.1,0.0
ENSG00000294413.1,0.0
ENSG00000294414.1,0.0
ENSG00000294415.1,0.0
ENSG00000294416.1,0.0
ENSG00000294417.1,0.408569
ENSG00000294418.1,0.217066
ENSG00000294419.1,0.0
ENSG00000294420.1,0.0
ENSG00000294421.1,0.0
ENSG00000294422.1,0.591936
ENSG00000294423.1,0.135782
ENSG00000294424.1,0.0
ENSG00000294425.1,0.0
ENSG00000294426.1,0.0
ENSG00000294427.1,0.0
ENSG00000294428.1,0.0
ENSG00000294429.1,0.0
ENSG00000294430.1,0.0
ENSG00000294431.1,0.0
ENSG00000294432.1,0.472863
ENSG00000294433.1,0.0
ENSG00000294434.1,0.0
ENSG00000294435.1,0.0
ENSG00000294436.1,0.0
ENSG00000294437.1,0.0
ENSG00000294438.1,0.0
ENSG00000294439.1,0.0
ENSG00000294440.1,0.0
ENSG00000294441.1,0.0
ENSG00000294442.1,0.0
ENSG00000294443.1,0.0
ENSG00000294444.1,0.709085
ENSG00000294445.1,0.0
ENSG00000294446.1,0.0
ENSG00000294447.1,0.0
ENSG00000294448.1,0.0
ENSG00000294449.1,0.0
ENSG00000294450.1,0.0
ENSG00000294451.1,0.0
ENSG00000294452.1,0.0
ENSG00000294453.1,0.0
ENSG00000294454.1,0.0
ENSG00000294455.1,0.0
ENSG00000294456.1,0.0
ENSG00000294457.1,0.0
ENSG00000294458.1,0.0
ENSG00000294459.1,0.0
ENSG00000294460.1,0.0
ENSG00000294461.1,0.0
ENSG00000294462.1,0.953947
ENSG00000294463.1,0.0
ENSG00000294464.1,0.0
ENSG00000294465.1,0.0
ENSG00000294466.1,0.0
ENSG00000294467.1,0.0
ENSG00000294468.1,0.0
ENSG00000294469.1,0.0
ENSG00000294470.1,0.0
ENSG00000294471.1,0.0
ENSG00000294472.1,0.0
ENSG00000294473.1,0.0
ENSG00000294474.1,0.0
ENSG00000294475.1,0.0
ENSG00000294476.1,0.0
ENSG00000294477.1,0.0
ENSG00000294478.1,0.0
ENSG00000294479.1,0.0
ENSG00000294480.1,0.0
ENSG00000294481.1,0.0
ENSG00000294482.1,0.0
ENSG00000294483.1,0.0
ENSG00000294484.1,0.0
ENSG00000294485.1,0.0
ENSG00000294486.1,0.0
ENSG00000294487.1,0.0
ENSG00000294488.1,0.0
ENSG00000294489.1,0.0
ENSG00000294490.1,0.0
ENSG00000294491.1,0.0
ENSG00000294492.1,0.0
ENSG00000294493.1,0.0
ENSG00000294494.1,0.0
ENSG00000294495.1,0.551386
ENSG00000294496.1,0.0
ENSG00000294497.1,0.0
ENSG00000294498.1,0.502157
ENSG00000294499.1,0.0
ENSG00000294500.1,0.0
ENSG00000294501.1,2.663147
ENSG00000294502.1,0.0
ENSG00000294503.1,0.0
ENSG00000294504.1,0.0
ENSG00000294505.1,0.0
ENSG00000294506.1,0.0
ENSG00000294507.1,0.0
ENSG00000294508.1,0.0
ENSG00000294509.1,0.0
ENSG00000294510.1,0.0
ENSG00000294511.1,0.0
ENSG00000294512.1,9.679913
ENSG00000294513.1,0.0
ENSG00000294514.1,0.0
ENSG00000294515.1,0.0
ENSG00000294516.1,0.0
ENSG00000294517.1,0.0
ENSG00000294518.1,0.0
ENSG00000294519.1,0.0
ENSG00000294520.1,0.0
ENSG00000294521.1,0.0
ENSG00000294522.1,0.435795
ENSG00000294523.1,0.0
ENSG00000294524.1,0.0
ENSG00000294525.1,0.0
ENSG00000294527.1,0.0
ENSG00000294528.1,0.0
ENSG00000294529.1,0.0
ENSG00000294530.1,0.0
ENSG00000294531.1,7.340561
ENSG00000294532.1,0.0
ENSG00000294533.1,0.0
ENSG00000294534.1,0.0
ENSG00000294535.1,0.0
ENSG00000294536.1,0.0
ENSG00000294537.1,0.0
ENSG00000294538.1,0.410834
ENSG00000294539.1,0.0
ENSG00000294540.1,0.0
ENSG00000294541.1,0.0
ENSG00000294542.1,0.0
ENSG00000294543.1,0.0
ENSG00000294544.1,0.0
ENSG00000294546.1,0.0
ENSG00000294547.1,0.0
ENSG00000294548.1,0.0
ENSG00000294549.1,0.0
ENSG00000294550.1,0.482683
ENSG00000294551.1,0.0
ENSG00000294552.1,0.0
ENSG00000294553.1,0.0
ENSG00000294554.1,7.517353
ENSG00000294555.1,0.0
ENSG00000294556.1,0.0
ENSG00000294557.1,0.0
ENSG00000294558.1,0.0
ENSG00000294559.1,0.0
ENSG00000294560.1,0.0
ENSG00000294561.1,0.0
ENSG00000294562.1,0.0
ENSG00000294563.1,0.0
ENSG00000294564.1,0.0
ENSG00000294565.1,0.0
ENSG00000294566.1,0.0
ENSG00000294567.1,0.0
ENSG00000294568.1,0.0
ENSG00000294569.1,0.0
ENSG00000294570.1,0.0
ENSG00000294571.1,0.0
ENSG00000294572.1,0.0
ENSG00000294573.1,0.0
ENSG00000294574.1,0.0
ENSG00000294575.1,0.0
ENSG00000294576.1,0.0
ENSG00000294577.1,0.0
ENSG00000294578.1,0.0
ENSG00000294579.1,0.0
ENSG00000294580.1,0.0
ENSG00000294581.1,0.0
ENSG00000294582.1,0.23777
ENSG00000294583.1,0.0
ENSG00000294584.1,0.0
ENSG00000294585.1,0.0
ENSG00000294586.1,0.0
ENSG00000294587.1,0.0
ENSG00000294588.1,0.0
ENSG00000294589.1,0.0
ENSG00000294590.1,0.0
ENSG00000294591.1,0.0
ENSG00000294593.1,0.0
ENSG00000294594.1,0.0
ENSG00000294595.1,2.012576
ENSG00000294596.1,0.0
ENSG00000294597.1,0.0
ENSG00000294598.1,11.097287
ENSG00000294599.1,0.0
ENSG00000294600.1,0.0
ENSG00000294601.1,0.0
ENSG00000294602.1,0.0
ENSG00000294603.1,0.148381
ENSG00000294604.1,0.0
ENSG00000294605.1,0.0
ENSG00000294606.1,0.0
ENSG00000294607.1,0.0
ENSG00000294608.1,0.0
ENSG00000294609.1,0.0
ENSG00000294610.1,0.0
ENSG00000294611.1,0.0
ENSG00000294612.1,0.0
ENSG00000294613.1,0.0
ENSG00000294614.1,0.0
ENSG00000294615.1,0.0
ENSG00000294616.1,0.0
ENSG00000294617.1,0.0
ENSG00000294618.1,0.0
ENSG00000294619.1,0.0
ENSG00000294620.1,0.0
ENSG00000294621.1,0.0
ENSG00000294622.1,0.0
ENSG00000294623.1,0.0
ENSG00000294624.1,0.0
ENSG00000294625.1,0.0
ENSG00000294626.1,0.0
ENSG00000294627.1,0.0
ENSG00000294628.1,0.0
ENSG00000294629.1,0.0
ENSG00000294630.1,0.0
ENSG00000294631.1,0.0
ENSG00000294632.1,0.0
ENSG00000294633.1,0.0
ENSG00000294634.1,0.0
ENSG00000294635.1,0.0
ENSG00000294636.1,0.0
ENSG00000294637.1,0.0
ENSG00000294638.1,0.0
ENSG00000294639.1,0.0
ENSG00000294640.1,0.0
ENSG00000294641.1,0.0
ENSG00000294642.1,0.0
ENSG00000294643.1,0.0
ENSG00000294644.1,0.0
ENSG00000294645.1,0.0
ENSG00000294646.1,0.0
ENSG00000294647.1,0.0
ENSG00000294648.1,0.0
ENSG00000294649.1,0.0
ENSG00000294650.1,0.0
ENSG00000294651.1,0.0
ENSG00000294652.1,0.0
ENSG00000294653.1,0.0
ENSG00000294654.1,0.0
ENSG00000294655.1,0.0
ENSG00000294656.1,0.0
ENSG00000294657.1,0.0
ENSG00000294658.1,0.461631
ENSG00000294659.1,0.0
ENSG00000294660.1,0.0
ENSG00000294661.1,0.0
ENSG00000294662.1,0.0
ENSG00000294663.1,0.0
ENSG00000294664.1,0.0
ENSG00000294665.1,0.0
ENSG00000294666.1,0.0
ENSG00000294667.1,0.0
ENSG00000294668.1,0.0
ENSG00000294669.1,0.0
ENSG00000294670.1,0.0
ENSG00000294671.1,0.0
ENSG00000294672.1,0.0
ENSG00000294673.1,0.0
ENSG00000294674.1,0.0
ENSG00000294675.1,1.59219
ENSG00000294676.1,0.0
ENSG00000294677.1,0.0
ENSG00000294678.1,0.0
ENSG00000294679.1,0.0
ENSG00000294680.1,0.0
ENSG00000294681.1,0.0
ENSG00000294682.1,0.0
ENSG00000294683.1,0.0
ENSG00000294684.1,0.385874
ENSG00000294685.1,0.0
ENSG00000294686.1,0.0
ENSG00000294687.1,0.283151
ENSG00000294688.1,0.0
ENSG00000294689.1,0.0
ENSG00000294690.1,0.0
ENSG00000294691.1,0.0
ENSG00000294692.1,0.308703
ENSG00000294693.1,0.0
ENSG00000294694.1,0.0
ENSG00000294695.1,0.0
ENSG00000294696.1,0.0
ENSG00000294697.1,0.0
ENSG00000294698.1,0.0
ENSG00000294699.1,0.0
ENSG00000294700.1,0.43751
ENSG00000294701.1,0.0
ENSG00000294702.1,0.0
ENSG00000294703.1,0.0
ENSG00000294704.1,0.0
ENSG00000294705.1,0.0
ENSG00000294706.1,0.0
ENSG00000294707.1,0.884267
ENSG00000294708.1,0.0
ENSG00000294709.1,0.0
ENSG00000294710.1,0.0
ENSG00000294711.1,1.134047
ENSG00000294712.1,0.0
ENSG00000294713.1,0.0
ENSG00000294714.1,0.0
ENSG00000294715.1,0.0
ENSG00000294716.1,0.0
ENSG00000294717.1,0.0
ENSG00000294718.1,0.0
ENSG00000294719.1,0.0
ENSG00000294720.1,0.0
ENSG00000294721.1,0.0
ENSG00000294722.1,0.0
ENSG00000294723.1,0.0
ENSG00000294724.1,0.688887
ENSG00000294725.1,0.0
ENSG00000294726.1,0.0
ENSG00000294727.1,0.0
ENSG00000294728.1,0.0
ENSG00000294729.1,0.0
ENSG00000294730.1,0.0
ENSG00000294731.1,0.0
ENSG00000294732.1,0.0
ENSG00000294733.1,0.0
ENSG00000294734.1,0.0
ENSG00000294735.1,0.0
ENSG00000294736.1,0.0
ENSG00000294737.1,0.0
ENSG00000294738.1,0.0
ENSG00000294739.1,0.0
ENSG00000294740.1,0.0
ENSG00000294741.1,0.0
ENSG00000294742.1,0.0
ENSG00000294743.1,0.0
ENSG00000294744.1,0.0
ENSG00000294745.1,0.0
ENSG00000294746.1,0.0
ENSG00000294747.1,0.0
ENSG00000294748.1,0.0
ENSG00000294749.1,0.200252
ENSG00000294750.1,0.0
ENSG00000294751.1,0.0
ENSG00000294752.1,0.0
ENSG00000294753.1,0.0
ENSG00000294754.1,0.483733
ENSG00000294755.1,0.0
ENSG00000294756.1,0.0
ENSG00000294757.1,0.0
ENSG00000294758.1,0.0
ENSG00000294759.1,0.0
ENSG00000294760.1,0.0
ENSG00000294761.1,0.0
ENSG00000294762.1,0.0
ENSG00000294763.1,0.0
ENSG00000294764.1,0.0
ENSG00000294765.1,0.0
ENSG00000294766.1,0.0
ENSG00000294767.1,0.526599
ENSG00000294768.1,0.0
ENSG00000294769.1,0.0
ENSG00000294770.1,0.0
ENSG00000294771.1,0.0
ENSG00000294772.1,0.0
ENSG00000294773.1,0.0
ENSG00000294774.1,0.0
ENSG00000294775.1,0.0
ENSG00000294776.1,0.0
ENSG00000294777.1,0.0
ENSG00000294778.1,0.0
ENSG00000294779.1,0.0
ENSG00000294780.1,0.0
ENSG00000294781.1,0.0
ENSG00000294782.1,0.0
ENSG00000294783.1,0.0
ENSG00000294784.1,0.0
ENSG00000294785.1,0.0
ENSG00000294786.1,0.0
ENSG00000294787.1,0.0
ENSG00000294788.1,0.0
ENSG00000294789.1,0.316111
ENSG00000294790.1,0.0
ENSG00000294791.1,0.0
ENSG00000294792.1,0.0
ENSG00000294793.1,0.0
ENSG00000294794.1,0.0
ENSG00000294795.1,0.0
ENSG00000294796.1,0.0
ENSG00000294797.1,0.0
ENSG00000294798.1,0.0
ENSG00000294799.1,0.0
ENSG00000294800.1,0.0
ENSG00000294801.1,0.0
ENSG00000294802.1,0.0
ENSG00000294803.1,0.0
ENSG00000294804.1,0.0
ENSG00000294805.1,0.0
ENSG00000294806.1,0.0
ENSG00000294807.1,0.0
ENSG00000294808.1,0.0
ENSG00000294809.1,0.0
ENSG00000294810.1,0.0
ENSG00000294811.1,0.0
ENSG00000294812.1,0.0
ENSG00000294813.1,0.0
ENSG00000294814.1,0.0
ENSG00000294815.1,0.0
ENSG00000294816.1,0.0
ENSG00000294817.1,0.0
ENSG00000294818.1,0.0
ENSG00000294819.1,0.0
ENSG00000294820.1,0.0
ENSG00000294821.1,0.0
ENSG00000294822.1,0.603694
ENSG00000294823.1,0.0
ENSG00000294824.1,0.0
ENSG00000294825.1,0.0
ENSG00000294826.1,0.0
ENSG00000294827.1,0.0
ENSG00000294828.1,0.0
ENSG00000294829.1,0.0
ENSG00000294830.1,0.0
ENSG00000294831.1,0.0
ENSG00000294832.1,0.0
ENSG00000294833.1,0.0
ENSG00000294834.1,0.0
ENSG00000294835.1,0.0
ENSG00000294836.1,0.0
ENSG00000294837.1,0.0
ENSG00000294838.1,0.0
ENSG00000294839.1,0.0
ENSG00000294840.1,0.0
ENSG00000294841.1,0.0
ENSG00000294842.1,0.0
ENSG00000294843.1,0.0
ENSG00000294844.1,0.0
ENSG00000294846.1,0.0
ENSG00000294847.1,0.0
ENSG00000294848.1,0.571396
ENSG00000294849.1,0.0
ENSG00000294850.1,0.0
ENSG00000294851.1,0.0
ENSG00000294852.1,0.0
ENSG00000294853.1,0.0
ENSG00000294854.1,0.0
ENSG00000294855.1,0.0
ENSG00000294856.1,0.0
ENSG00000294857.1,0.0
ENSG00000294858.1,0.0
ENSG00000294859.1,0.0
ENSG00000294860.1,0.0
ENSG00000294861.1,0.0
ENSG00000294862.1,0.0
ENSG00000294863.1,0.0
ENSG00000294864.1,0.0
ENSG00000294865.1,0.0
ENSG00000294866.1,0.0
ENSG00000294867.1,0.0
ENSG00000294868.1,0.0
ENSG00000294869.1,0.0
ENSG00000294870.1,0.0
ENSG00000294871.1,0.0
ENSG00000294872.1,0.0
ENSG00000294873.1,0.0
ENSG00000294874.1,0.0
ENSG00000294875.1,0.0
ENSG00000294876.1,0.0
ENSG00000294877.1,0.0
ENSG00000294878.1,0.0
ENSG00000294879.1,0.0
ENSG00000294880.1,0.793794
ENSG00000294881.1,0.0
ENSG00000294882.1,0.0
ENSG00000294883.1,0.0
ENSG00000294884.1,0.0
ENSG00000294885.1,0.0
ENSG00000294886.1,0.0
ENSG00000294887.1,0.0
ENSG00000294888.1,0.0
ENSG00000294889.1,0.0
ENSG00000294890.1,0.0
ENSG00000294891.1,0.0
ENSG00000294892.1,0.0
ENSG00000294893.1,0.0
ENSG00000294894.1,0.0
ENSG00000294895.1,0.0
ENSG00000294896.1,0.0
ENSG00000294897.1,0.0
ENSG00000294898.1,0.0
ENSG00000294899.1,0.0
ENSG00000294900.1,0.0
ENSG00000294901.1,0.0
ENSG00000294902.1,0.0
ENSG00000294903.1,0.0
ENSG00000294904.1,0.0
ENSG00000294905.1,0.0
ENSG00000294907.1,0.0
ENSG00000294908.1,0.0
ENSG00000294909.1,0.0
ENSG00000294910.1,0.0
ENSG00000294911.1,0.0
ENSG00000294912.1,0.0
ENSG00000294913.1,0.0
ENSG00000294914.1,0.0
ENSG00000294915.1,0.0
ENSG00000294916.1,0.0
ENSG00000294917.1,0.0
ENSG00000294918.1,0.0
ENSG00000294919.1,0.0
ENSG00000294920.1,0.976292
ENSG00000294921.1,0.0
ENSG00000294922.1,0.0
ENSG00000294923.1,0.0
ENSG00000294924.1,0.0
ENSG00000294925.1,0.0
ENSG00000294926.1,0.0
ENSG00000294927.1,0.0
ENSG00000294928.1,0.0
ENSG00000294929.1,0.0
ENSG00000294930.1,0.0
ENSG00000294931.1,0.0
ENSG00000294932.1,0.0
ENSG00000294933.1,0.0
ENSG00000294934.1,0.33551
ENSG00000294935.1,0.0
ENSG00000294936.1,0.0
ENSG00000294937.1,0.0
ENSG00000294938.1,0.0
ENSG00000294939.1,0.0
ENSG00000294940.1,0.0
ENSG00000294941.1,0.0
ENSG00000294942.1,0.0
ENSG00000294943.1,0.0
ENSG00000294944.1,0.0
ENSG00000294945.1,0.0
ENSG00000294946.1,0.0
ENSG00000294947.1,0.0
ENSG00000294948.1,0.0
ENSG00000294949.1,0.0
ENSG00000294950.1,0.0
ENSG00000294951.1,0.0
ENSG00000294952.1,0.0
ENSG00000294953.1,0.0
ENSG00000294954.1,0.0
ENSG00000294955.1,0.0
ENSG00000294956.1,0.0
ENSG00000294957.1,0.0
ENSG00000294958.1,0.0
ENSG00000294959.1,0.0
ENSG00000294960.1,0.0
ENSG00000294961.1,0.0
ENSG00000294962.1,0.0
ENSG00000294963.1,0.0
ENSG00000294964.1,0.0
ENSG00000294965.1,0.0
ENSG00000294966.1,0.0
ENSG00000294967.1,0.0
ENSG00000294968.1,0.755721
ENSG00000294969.1,0.0
ENSG00000294970.1,0.0
ENSG00000294971.1,0.0
ENSG00000294972.1,0.0
ENSG00000294973.1,0.0
ENSG00000294974.1,0.0
ENSG00000294975.1,0.0
ENSG00000294976.1,0.0
ENSG00000294977.1,0.0
ENSG00000294978.1,0.0
ENSG00000294979.1,0.0
ENSG00000294980.1,0.0
ENSG00000294981.1,0.0
ENSG00000294982.1,3.252663
ENSG00000294983.1,0.0
ENSG00000294984.1,0.0
ENSG00000294985.1,0.0
ENSG00000294986.1,0.0
ENSG00000294987.1,0.0
ENSG00000294988.1,0.0
ENSG00000294989.1,0.0
ENSG00000294990.1,0.0
ENSG00000294991.1,0.0
ENSG00000294992.1,0.0
ENSG00000294993.1,1.141802
ENSG00000294994.1,0.0
ENSG00000294995.1,0.0
ENSG00000294996.1,0.0
ENSG00000294997.1,0.0
ENSG00000294998.1,0.0
ENSG00000294999.1,0.0
ENSG00000295000.1,0.0
ENSG00000295001.1,0.0
ENSG00000295002.1,0.0
ENSG00000295003.1,0.0
ENSG00000295004.1,0.0
ENSG00000295005.1,0.0
ENSG00000295006.1,0.0
ENSG00000295007.1,0.0
ENSG00000295008.1,0.0
ENSG00000295009.1,0.0
ENSG00000295010.1,0.0
ENSG00000295011.1,0.296114
ENSG00000295012.1,0.0
ENSG00000295013.1,0.0
ENSG00000295014.1,0.0
ENSG00000295015.1,0.352244
ENSG00000295016.1,0.0
ENSG00000295017.1,0.0
ENSG00000295018.1,0.0
ENSG00000295019.1,0.0
ENSG00000295020.1,0.611979
ENSG00000295021.1,0.0
ENSG00000295022.1,0.0
ENSG00000295023.1,0.0
ENSG00000295024.1,0.0
ENSG00000295025.1,0.0
ENSG00000295026.1,0.0
ENSG00000295027.1,0.0
ENSG00000295028.1,0.0
ENSG00000295029.1,0.0
ENSG00000295030.1,0.0
ENSG00000295031.1,0.0
ENSG00000295032.1,0.0
ENSG00000295033.1,0.434943
ENSG00000295034.1,0.0
ENSG00000295035.1,0.0
ENSG00000295036.1,0.0
ENSG00000295037.1,0.0
ENSG00000295038.1,0.0
ENSG00000295039.1,0.0
ENSG00000295040.1,0.0
ENSG00000295041.1,0.0
ENSG00000295042.1,0.0
ENSG00000295043.1,0.0
ENSG00000295044.1,0.0
ENSG00000295045.1,0.0
ENSG00000295046.1,0.0
ENSG00000295047.1,0.0
ENSG00000295048.1,0.0
ENSG00000295049.1,0.0
ENSG00000295050.1,0.0
ENSG00000295051.1,0.0
ENSG00000295052.1,0.0
ENSG00000295053.1,0.0
ENSG00000295054.1,0.317075
ENSG00000295055.1,0.0
ENSG00000295056.1,0.0
ENSG00000295057.1,0.0
ENSG00000295058.1,0.0
ENSG00000295059.1,0.0
ENSG00000295060.1,0.0
ENSG00000295061.1,0.0
ENSG00000295062.1,0.0
ENSG00000295063.1,0.0
ENSG00000295064.1,0.0
ENSG00000295065.1,0.0
ENSG00000295066.1,0.0
ENSG00000295067.1,0.0
ENSG00000295068.1,0.0
ENSG00000295069.1,0.0
ENSG00000295070.1,0.0
ENSG00000295071.1,0.0
ENSG00000295072.1,0.0
ENSG00000295073.1,0.0
ENSG00000295074.1,0.0
ENSG00000295075.1,0.0
ENSG00000295076.1,0.0
ENSG00000295077.1,0.0
ENSG00000295078.1,0.0
ENSG00000295079.1,0.0
ENSG00000295080.1,0.0
ENSG00000295081.1,0.0
ENSG00000295082.1,0.0
ENSG00000295083.1,0.0
ENSG00000295084.1,0.0
ENSG00000295085.1,0.0
ENSG00000295086.1,0.0
ENSG00000295087.1,2.084972
ENSG00000295088.1,0.0
ENSG00000295089.1,0.0
ENSG00000295090.1,0.0
ENSG00000295091.1,0.0
ENSG00000295092.1,0.0
ENSG00000295093.1,0.429897
ENSG00000295094.1,0.0
ENSG00000295095.1,0.0
ENSG00000295096.1,0.0
ENSG00000295097.1,0.0
ENSG00000295098.1,0.0
ENSG00000295099.1,0.0
ENSG00000295100.1,0.0
ENSG00000295101.1,0.0
ENSG00000295102.1,0.0
ENSG00000295103.1,0.0
ENSG00000295104.1,0.0
ENSG00000295105.1,0.0
ENSG00000295106.1,0.0
ENSG00000295107.1,0.0
ENSG00000295108.1,0.0
ENSG00000295109.1,0.0
ENSG00000295110.1,0.0
ENSG00000295111.1,0.0
ENSG00000295112.1,0.0
ENSG00000295113.1,0.0
ENSG00000295114.1,0.0
ENSG00000295115.1,0.0
ENSG00000295116.1,0.0
ENSG00000295117.1,0.0
ENSG00000295118.1,0.0
ENSG00000295119.1,0.0
ENSG00000295120.1,0.0
ENSG00000295121.1,0.0
ENSG00000295122.1,0.0
ENSG00000295123.1,0.0
ENSG00000295124.1,0.0
ENSG00000295125.1,0.0
ENSG00000295126.1,0.0
ENSG00000295127.1,0.0
ENSG00000295128.1,0.0
ENSG00000295129.1,0.0
ENSG00000295130.1,0.0
ENSG00000295131.1,0.875021
ENSG00000295132.1,0.0
ENSG00000295133.1,0.0
ENSG00000295134.1,0.0
ENSG00000295135.1,4.453729
ENSG00000295136.1,0.0
ENSG00000295137.1,0.0
ENSG00000295138.1,0.0
ENSG00000295139.1,0.0
ENSG00000295140.1,0.0
ENSG00000295141.1,0.0
ENSG00000295142.1,0.0
ENSG00000295143.1,0.0
ENSG00000295144.1,0.0
ENSG00000295145.1,0.0
ENSG00000295146.1,0.0
ENSG00000295147.1,0.0
ENSG00000295148.1,0.1509
ENSG00000295149.1,0.0
ENSG00000295150.1,0.0
ENSG00000295151.1,0.0
ENSG00000295152.1,0.0
ENSG00000295153.1,0.0
ENSG00000295154.1,0.0
ENSG00000295155.1,0.0
ENSG00000295156.1,0.371012
ENSG00000295157.1,0.0
ENSG00000295158.1,0.0
ENSG00000295159.1,0.0
ENSG00000295160.1,0.0
ENSG00000295161.1,0.0
ENSG00000295162.1,0.0
ENSG00000295163.1,0.0
ENSG00000295164.1,0.0
ENSG00000295165.1,0.0
ENSG00000295166.1,0.352892
ENSG00000295167.1,0.0
ENSG00000295168.1,0.0
ENSG00000295169.1,0.0
ENSG00000295170.1,0.0
ENSG00000295171.1,0.290932
ENSG00000295172.1,0.0
ENSG00000295173.1,0.0
ENSG00000295174.1,0.0
ENSG00000295175.1,0.0
ENSG00000295176.1,0.0
ENSG00000295177.1,0.0
ENSG00000295178.1,0.0
ENSG00000295179.1,0.0
ENSG00000295180.1,0.0
ENSG00000295182.1,0.0
ENSG00000295183.1,0.0
ENSG00000295184.1,0.0
ENSG00000295185.1,0.0
ENSG00000295186.1,0.0
ENSG00000295187.1,0.0
ENSG00000295188.1,0.0
ENSG00000295189.1,0.0
ENSG00000295190.1,0.0
ENSG00000295191.1,0.0
ENSG00000295192.1,0.0
ENSG00000295193.1,0.0
ENSG00000295194.1,0.0
ENSG00000295195.1,0.0
ENSG00000295196.1,0.78728
ENSG00000295197.1,0.0
ENSG00000295198.1,0.0
ENSG00000295199.1,0.0
ENSG00000295200.1,0.0
ENSG00000295201.1,0.0
ENSG00000295202.1,0.0
ENSG00000295203.1,0.0
ENSG00000295204.1,0.0
ENSG00000295205.1,0.0
ENSG00000295206.1,0.0
ENSG00000295207.1,0.0
ENSG00000295208.1,1.650074
ENSG00000295209.1,1.091959
ENSG00000295210.1,0.0
ENSG00000295211.1,0.0
ENSG00000295212.1,0.0
ENSG00000295213.1,2.251298
ENSG00000295214.1,0.0
ENSG00000295215.1,0.0
ENSG00000295216.1,0.0
ENSG00000295217.1,0.0
ENSG00000295218.1,0.57861
ENSG00000295219.1,0.0
ENSG00000295220.1,0.0
ENSG00000295221.1,0.0
ENSG00000295222.1,0.0
ENSG00000295223.1,0.0
ENSG00000295224.1,0.0
ENSG00000295225.1,6.68889
ENSG00000295226.1,0.0
ENSG00000295227.1,0.0
ENSG00000295228.1,0.0
ENSG00000295229.1,0.23202
ENSG00000295230.1,0.0
ENSG00000295231.1,0.0
ENSG00000295232.1,0.0
ENSG00000295233.1,0.459193
ENSG00000295234.1,0.0
ENSG00000295235.1,0.0
ENSG00000295236.1,0.0
ENSG00000295237.1,0.498727
ENSG00000295238.1,0.0
ENSG00000295239.1,0.0
ENSG00000295240.1,0.0
ENSG00000295241.1,0.0
ENSG00000295242.1,1.127912
ENSG00000295243.1,0.0
ENSG00000295244.1,0.0
ENSG00000295245.1,0.0
ENSG00000295246.1,0.0
ENSG00000295247.1,0.0
ENSG00000295248.1,0.0
ENSG00000295249.1,0.0
ENSG00000295250.1,0.0
ENSG00000295251.1,0.0
ENSG00000295252.1,0.0
ENSG00000295253.1,0.0
ENSG00000295254.1,0.0
ENSG00000295255.1,0.0
ENSG00000295256.1,0.0
ENSG00000295257.1,0.0
ENSG00000295258.1,0.0
ENSG00000295259.1,0.270408
ENSG00000295260.1,0.0
ENSG00000295261.1,0.0
ENSG00000295262.1,0.0
ENSG00000295263.1,0.0
ENSG00000295264.1,0.0
ENSG00000295265.1,0.0
ENSG00000295266.1,0.0
ENSG00000295267.1,0.0
ENSG00000295268.1,0.0
ENSG00000295269.1,0.0
ENSG00000295270.1,0.0
ENSG00000295271.1,0.0
ENSG00000295272.1,0.0
ENSG00000295273.1,0.0
ENSG00000295274.1,0.0
ENSG00000295275.1,0.0
ENSG00000295276.1,0.0
ENSG00000295277.1,0.0
ENSG00000295278.1,0.0
ENSG00000295279.1,0.0
ENSG00000295280.1,0.0
ENSG00000295281.1,0.0
ENSG00000295282.1,0.0
ENSG00000295283.1,0.0
ENSG00000295284.1,0.0
ENSG00000295285.1,0.0
ENSG00000295286.1,0.667473
ENSG00000295287.1,0.0
ENSG00000295288.1,0.0
ENSG00000295289.1,0.0
ENSG00000295290.1,0.0
ENSG00000295291.1,0.0
ENSG00000295292.1,0.0
ENSG00000295293.1,0.0
ENSG00000295294.1,0.0
ENSG00000295295.1,0.0
ENSG00000295296.1,0.0
ENSG00000295297.1,0.0
ENSG00000295298.1,0.0
ENSG00000295299.1,0.0
ENSG00000295300.1,0.0
ENSG00000295301.1,0.0
ENSG00000295302.1,0.0
ENSG00000295303.1,0.0
ENSG00000295304.1,0.0
ENSG00000295305.1,0.0
ENSG00000295306.1,0.0
ENSG00000295307.1,0.0
ENSG00000295308.1,0.0
ENSG00000295309.1,0.0
ENSG00000295310.1,0.0
ENSG00000295311.1,0.0
ENSG00000295312.1,0.0
ENSG00000295313.1,0.0
ENSG00000295314.1,0.0
ENSG00000295315.1,0.0
ENSG00000295316.1,0.0
ENSG00000295317.1,0.0
ENSG00000295318.1,0.0
ENSG00000295319.1,0.0
ENSG00000295320.1,0.0
ENSG00000295321.1,0.0
ENSG00000295322.1,0.0
ENSG00000295323.1,0.0
ENSG00000295324.1,0.0
ENSG00000295325.1,0.0
ENSG00000295326.1,0.0
ENSG00000295327.1,0.0
ENSG00000295328.1,0.0
ENSG00000295329.1,0.0
ENSG00000295330.1,0.0
ENSG00000295331.1,0.0
ENSG00000295332.1,0.0
ENSG00000295333.1,0.0
ENSG00000295334.1,0.0
ENSG00000295335.1,0.0
ENSG00000295336.1,0.0
ENSG00000295337.1,0.0
ENSG00000295338.1,0.0
ENSG00000295339.1,0.0
ENSG00000295340.1,0.0
ENSG00000295341.1,0.0
ENSG00000295342.1,0.0
ENSG00000295343.1,0.0
ENSG00000295344.1,0.0
ENSG00000295345.1,0.0
ENSG00000295346.1,0.297753
ENSG00000295347.1,0.0
ENSG00000295348.1,0.0
ENSG00000295349.1,0.0
ENSG00000295350.1,0.0
ENSG00000295351.1,0.0
ENSG00000295352.1,0.0
ENSG00000295353.1,0.0
ENSG00000295354.1,0.0
ENSG00000295355.1,0.505082
ENSG00000295356.1,0.0
ENSG00000295357.1,0.0
ENSG00000295358.1,0.0
ENSG00000295359.1,0.775196
ENSG00000295360.1,0.0
ENSG00000295361.1,0.0
ENSG00000295362.1,0.0
ENSG00000295363.1,0.0
ENSG00000295364.1,0.0
ENSG00000295365.1,0.0
ENSG00000295367.1,0.0
ENSG00000295368.1,0.0
ENSG00000295369.1,0.0
ENSG00000295370.1,0.0
ENSG00000295371.1,0.0
ENSG00000295372.1,0.0
ENSG00000295373.1,0.0
ENSG00000295374.1,0.0
ENSG00000295375.1,0.0
ENSG00000295376.1,0.0
ENSG00000295377.1,0.0
ENSG00000295378.1,0.5028
ENSG00000295379.1,0.0
ENSG00000295380.1,0.0
ENSG00000295381.1,0.0
ENSG00000295382.1,0.0
ENSG00000295383.1,0.0
ENSG00000295384.1,0.0
ENSG00000295385.1,0.0
ENSG00000295386.1,0.0
ENSG00000295387.1,0.0
ENSG00000295388.1,0.0
ENSG00000295389.1,0.0
ENSG00000295390.1,0.0
ENSG00000295391.1,0.0
ENSG00000295392.1,0.0
ENSG00000295393.1,8.578375
ENSG00000295394.1,0.0
ENSG00000295395.1,0.0
ENSG00000295396.1,0.0
ENSG00000295397.1,0.0
ENSG00000295398.1,0.0
ENSG00000295399.1,0.0
ENSG00000295400.1,0.0
ENSG00000295401.1,0.0
ENSG00000295402.1,0.0
ENSG00000295403.1,0.0
ENSG00000295404.1,0.0
ENSG00000295405.1,0.0
ENSG00000295406.1,0.0
ENSG00000295407.1,0.0
ENSG00000295408.1,0.0
ENSG00000295409.1,0.0
ENSG00000295410.1,0.0
ENSG00000295411.1,0.0
ENSG00000295412.1,0.0
ENSG00000295413.1,0.0
ENSG00000295414.1,0.0
ENSG00000295415.1,0.0
ENSG00000295416.1,0.0
ENSG00000295417.1,0.0
ENSG00000295418.1,0.0
ENSG00000295419.1,0.0
ENSG00000295420.1,0.0
ENSG00000295421.1,0.0
ENSG00000295422.1,0.0
ENSG00000295423.1,0.0
ENSG00000295424.1,0.0
ENSG00000295425.1,0.0
ENSG00000295426.1,0.0
ENSG00000295427.1,0.0
ENSG00000295428.1,0.0
ENSG00000295429.1,0.0
ENSG00000295430.1,0.0
ENSG00000295431.1,0.0
ENSG00000295432.1,0.0
ENSG00000295433.1,0.0
ENSG00000295434.1,0.0
ENSG00000295435.1,0.0
ENSG00000295436.1,0.0
ENSG00000295437.1,0.0
ENSG00000295438.1,0.880842
ENSG00000295439.1,0.0
ENSG00000295440.1,0.0
ENSG00000295441.1,0.0
ENSG00000295442.1,0.0
ENSG00000295443.1,0.0
ENSG00000295444.1,0.0
ENSG00000295445.1,0.0
ENSG00000295446.1,0.0
ENSG00000295447.1,0.0
ENSG00000295448.1,0.0
ENSG00000295449.1,0.0
ENSG00000295450.1,0.0
ENSG00000295451.1,0.0
ENSG00000295452.1,0.0
ENSG00000295453.1,1.2003409999999999
ENSG00000295454.1,0.0
ENSG00000295455.1,0.0
ENSG00000295456.1,0.0
ENSG00000295457.1,0.0
ENSG00000295458.1,0.0
ENSG00000295459.1,0.0
ENSG00000295460.1,0.0
ENSG00000295461.1,0.993971
ENSG00000295462.1,0.0
ENSG00000295463.1,0.0
ENSG00000295464.1,0.0
ENSG00000295465.1,0.0
ENSG00000295466.1,0.0
ENSG00000295467.1,0.0
ENSG00000295468.1,0.793794
ENSG00000295469.1,0.0
ENSG00000295470.1,0.0
ENSG00000295471.1,0.0
ENSG00000295472.1,0.0
ENSG00000295473.1,3.986731
ENSG00000295474.1,0.0
ENSG00000295475.1,0.0
ENSG00000295476.1,0.0
ENSG00000295477.1,0.0
ENSG00000295478.1,0.0
ENSG00000295479.1,0.0
ENSG00000295480.1,0.0
ENSG00000295481.1,0.0
ENSG00000295482.1,0.0
ENSG00000295483.1,0.0
ENSG00000295484.1,0.0
ENSG00000295485.1,0.0
ENSG00000295486.1,0.0
ENSG00000295487.1,0.0
ENSG00000295488.1,0.0
ENSG00000295489.1,0.0
ENSG00000295490.1,0.0
ENSG00000295491.1,0.0
ENSG00000295492.1,0.0
ENSG00000295493.1,0.0
ENSG00000295494.1,0.326386
ENSG00000295495.1,0.0
ENSG00000295496.1,0.0
ENSG00000295497.1,0.0
ENSG00000295498.1,0.0
ENSG00000295499.1,0.0
ENSG00000295500.1,0.0
ENSG00000295501.1,0.0
ENSG00000295502.1,0.0
ENSG00000295503.1,0.0
ENSG00000295504.1,0.0
ENSG00000295505.1,0.0
ENSG00000295506.1,0.0
ENSG00000295507.1,0.0
ENSG00000295508.1,0.0
ENSG00000295509.1,0.0
ENSG00000295510.1,0.0
ENSG00000295511.1,0.0
ENSG00000295512.1,0.0
ENSG00000295513.1,0.0
ENSG00000295514.1,0.0
ENSG00000295515.1,0.0
ENSG00000295516.1,0.0
ENSG00000295517.1,1.78238
ENSG00000295518.1,0.0
ENSG00000295519.1,0.0
ENSG00000295520.1,0.0
ENSG00000295521.1,0.0
ENSG00000295522.1,0.0
ENSG00000295523.1,0.0
ENSG00000295524.1,0.0
ENSG00000295525.1,0.0
ENSG00000295526.1,0.0
ENSG00000295527.1,0.0
ENSG00000295528.1,0.0
ENSG00000295529.1,0.0
ENSG00000295530.1,0.710115
ENSG00000295531.1,0.0
ENSG00000295532.1,0.0
ENSG00000295533.1,0.0
ENSG00000295534.1,0.0
ENSG00000295535.1,0.0
ENSG00000295536.1,0.0
ENSG00000295537.1,0.158768
ENSG00000295538.1,0.0
ENSG00000295539.1,0.0
ENSG00000295540.1,0.0
ENSG00000295541.1,0.0
ENSG00000295542.1,0.0
ENSG00000295543.1,0.0
ENSG00000295544.1,0.0
ENSG00000295545.1,0.0
ENSG00000295546.1,0.0
ENSG00000295547.1,0.0
ENSG00000295548.1,0.0
ENSG00000295550.1,0.0
ENSG00000295551.1,0.0
ENSG00000295552.1,0.0
ENSG00000295553.1,0.0
ENSG00000295554.1,0.0
ENSG00000295555.1,0.0
ENSG00000295556.1,0.0
ENSG00000295557.1,0.0
ENSG00000295558.1,0.0
ENSG00000295559.1,0.0
ENSG00000295560.1,0.0
ENSG00000295561.1,0.0
ENSG00000295562.1,0.0
ENSG00000295563.1,0.0
ENSG00000295564.1,0.0
ENSG00000295565.1,0.0
ENSG00000295566.1,0.0
ENSG00000295567.1,0.0
ENSG00000295568.1,0.0
ENSG00000295569.1,0.0
ENSG00000295570.1,3.386801
ENSG00000295571.1,0.0
ENSG00000295572.1,0.0
ENSG00000295573.1,0.0
ENSG00000295574.1,0.0
ENSG00000295575.1,0.0
ENSG00000295576.1,0.0
ENSG00000295577.1,0.0
ENSG00000295578.1,0.0
ENSG00000295579.1,0.0
ENSG00000295580.1,0.0
ENSG00000295581.1,0.0
ENSG00000295582.1,0.0
ENSG00000295583.1,0.0
ENSG00000295584.1,0.0
ENSG00000295585.1,0.0
ENSG00000295586.1,0.0
ENSG00000295587.1,0.0
ENSG00000295588.1,1.753898
ENSG00000295589.1,3.44788
ENSG00000295590.1,0.0
ENSG00000295591.1,0.0
ENSG00000295592.1,0.0
ENSG00000295593.1,0.0
ENSG00000295594.1,0.0
ENSG00000295595.1,0.0
ENSG00000295596.1,0.0
ENSG00000295597.1,0.0
ENSG00000295598.1,0.0
ENSG00000295599.1,0.0
ENSG00000295600.1,0.0
ENSG00000295601.1,0.0
ENSG00000295602.1,1.7752729999999999
ENSG00000295603.1,0.0
ENSG00000295604.1,0.0
ENSG00000295605.1,0.0
ENSG00000295606.1,0.0
ENSG00000295607.1,0.0
ENSG00000295608.1,0.0
ENSG00000295609.1,0.0
ENSG00000295610.1,0.0
ENSG00000295611.1,0.0
ENSG00000295612.1,0.0
ENSG00000295613.1,0.0
ENSG00000295614.1,0.0
ENSG00000295615.1,0.0
ENSG00000295616.1,0.0
ENSG00000295617.1,0.389728
ENSG00000295618.1,0.0
ENSG00000295619.1,0.0
ENSG00000295620.1,0.0
ENSG00000295621.1,0.0
ENSG00000295622.1,0.0
ENSG00000295623.1,0.0
ENSG00000295624.1,0.0
ENSG00000295625.1,0.0
ENSG00000295626.1,0.0
ENSG00000295627.1,0.0
ENSG00000295628.1,0.0
ENSG00000295629.1,0.0
ENSG00000295630.1,0.0
ENSG00000295631.1,0.0
ENSG00000295632.1,0.0
ENSG00000295633.1,0.0
ENSG00000295634.1,0.418569
ENSG00000295635.1,0.0
ENSG00000295636.1,0.0
ENSG00000295637.1,0.0
ENSG00000295638.1,0.0
ENSG00000295639.1,0.0
ENSG00000295640.1,0.0
ENSG00000295641.1,0.0
ENSG00000295642.1,0.0
ENSG00000295643.1,1.083924
ENSG00000295644.1,0.0
ENSG00000295645.1,0.0
ENSG00000295646.1,0.0
ENSG00000295647.1,0.0
ENSG00000295648.1,0.0
ENSG00000295649.1,0.0
ENSG00000295650.1,0.0
ENSG00000295651.1,0.0
ENSG00000295652.1,0.0
ENSG00000295653.1,0.0
ENSG00000295654.1,0.0
ENSG00000295655.1,0.0
ENSG00000295656.1,0.0
ENSG00000295657.1,0.0
ENSG00000295658.1,0.0
ENSG00000295659.1,0.0
ENSG00000295660.1,0.0
ENSG00000295661.1,0.0
ENSG00000295662.1,0.0
ENSG00000295663.1,0.0
ENSG00000295664.1,0.0
ENSG00000295665.1,0.0
ENSG00000295666.1,0.0
ENSG00000295667.1,0.176565
ENSG00000295668.1,0.0
ENSG00000295669.1,0.0
ENSG00000295670.1,2.467268
ENSG00000295671.1,0.0
ENSG00000295672.1,0.0
ENSG00000295673.1,0.0
ENSG00000295674.1,0.0
ENSG00000295675.1,0.0
ENSG00000295676.1,0.0
ENSG00000295677.1,0.0
ENSG00000295678.1,0.0
ENSG00000295679.1,0.0
ENSG00000295680.1,0.0
ENSG00000295681.1,0.0
ENSG00000295682.1,0.950478
ENSG00000295683.1,0.0
ENSG00000295684.1,0.0
ENSG00000295685.1,0.0
ENSG00000295686.1,0.0
ENSG00000295687.1,0.25531
ENSG00000295688.1,0.0
ENSG00000295689.1,0.0
ENSG00000295690.1,0.0
ENSG00000295691.1,0.0
ENSG00000295692.1,0.0
ENSG00000295693.1,0.0
ENSG00000295694.1,0.0
ENSG00000295695.1,0.0
ENSG00000295696.1,0.0
ENSG00000295697.1,0.0
ENSG00000295698.1,0.0
ENSG00000295699.1,0.0
ENSG00000295700.1,0.0
ENSG00000295701.1,0.0
ENSG00000295702.1,0.0
ENSG00000295703.1,0.0
ENSG00000295704.1,0.0
ENSG00000295705.1,0.0
ENSG00000295706.1,0.0
ENSG00000295707.1,2.274783
ENSG00000295708.1,0.0
ENSG00000295709.1,0.0
ENSG00000295710.1,0.0
ENSG00000295711.1,0.0
ENSG00000295712.1,0.0
ENSG00000295713.1,0.0
ENSG00000295714.1,0.0
ENSG00000295715.1,0.0
ENSG00000295716.1,0.0
ENSG00000295717.1,0.0
ENSG00000295718.1,0.0
ENSG00000295719.1,0.0
ENSG00000295720.1,0.0
ENSG00000295721.1,0.0
ENSG00000295722.1,0.0
ENSG00000295723.1,0.0
ENSG00000295724.1,0.0
ENSG00000295725.1,0.0
ENSG00000295726.1,0.0
ENSG00000295727.1,0.0
ENSG00000295728.1,0.631912
ENSG00000295729.1,0.0
ENSG00000295730.1,0.0
ENSG00000295731.1,0.0
ENSG00000295732.1,0.442738
ENSG00000295733.1,0.0
ENSG00000295734.1,0.0
ENSG00000295735.1,0.0
ENSG00000295736.1,0.0
ENSG00000295737.1,0.0
ENSG00000295738.1,0.0
ENSG00000295739.1,0.0
ENSG00000295740.1,0.0
ENSG00000295741.1,0.0
ENSG00000295742.1,0.0
ENSG00000295743.1,0.0
ENSG00000295744.1,0.140325
ENSG00000295745.1,1.424071
ENSG00000295746.1,0.0
ENSG00000295747.1,0.0
ENSG00000295748.1,0.0
ENSG00000295749.1,0.0
ENSG00000295750.1,0.0
ENSG00000295751.1,0.0
ENSG00000295752.1,0.0
ENSG00000295753.1,0.0
ENSG00000295754.1,0.0
ENSG00000295755.1,0.0
ENSG00000295756.1,0.0
ENSG00000295757.1,0.0
ENSG00000295758.1,0.0
ENSG00000295759.1,0.0
ENSG00000295760.1,0.0
ENSG00000295761.1,0.0
ENSG00000295762.1,2.162024
ENSG00000295763.1,0.0
ENSG00000295764.1,0.0
ENSG00000295765.1,0.0
ENSG00000295766.1,0.0
ENSG00000295767.1,0.0
ENSG00000295768.1,0.0
ENSG00000295769.1,0.0
ENSG00000295770.1,0.0
ENSG00000295771.1,0.0
ENSG00000295772.1,0.0
ENSG00000295773.1,0.0
ENSG00000295774.1,0.0
ENSG00000295775.1,0.0
ENSG00000295776.1,0.0
ENSG00000295777.1,0.0
ENSG00000295778.1,0.0
ENSG00000295779.1,0.0
ENSG00000295780.1,0.0
ENSG00000295781.1,0.0
ENSG00000295782.1,0.0
ENSG00000295783.1,0.0
ENSG00000295784.1,0.0
ENSG00000295785.1,0.0
ENSG00000295786.1,0.0
ENSG00000295787.1,0.0
ENSG00000295788.1,0.0
ENSG00000295789.1,0.0
ENSG00000295790.1,0.0
ENSG00000295791.1,0.0
ENSG00000295792.1,0.0
ENSG00000295793.1,0.0
ENSG00000295794.1,0.0
ENSG00000295795.1,0.0
ENSG00000295796.1,0.0
ENSG00000295797.1,0.0
ENSG00000295798.1,0.0
ENSG00000295799.1,0.0
ENSG00000295800.1,0.0
ENSG00000295801.1,0.0
ENSG00000295802.1,0.0
ENSG00000295803.1,0.0
ENSG00000295804.1,0.0
ENSG00000295805.1,0.0
ENSG00000295806.1,0.0
ENSG00000295807.1,0.0
ENSG00000295808.1,0.0
ENSG00000295809.1,0.0
ENSG00000295810.1,0.0
ENSG00000295811.1,0.0
ENSG00000295812.1,0.0
ENSG00000295813.1,0.0
ENSG00000295814.1,0.0
ENSG00000295815.1,0.0
ENSG00000295816.1,0.0
ENSG00000295817.1,0.0
ENSG00000295818.1,0.0
ENSG00000295819.1,0.0
ENSG00000295820.1,1.09734
ENSG00000295821.1,0.0
ENSG00000295822.1,0.0
ENSG00000295823.1,0.0
ENSG00000295824.1,0.0
ENSG00000295825.1,0.0
ENSG00000295826.1,0.0
ENSG00000295827.1,0.0
ENSG00000295828.1,4.319121
ENSG00000295829.1,0.444509
ENSG00000295830.1,0.0
ENSG00000295831.1,0.368588
ENSG00000295832.1,0.0
ENSG00000295833.1,0.0
ENSG00000295834.1,0.0
ENSG00000295835.1,0.0
ENSG00000295836.1,0.0
ENSG00000295837.1,0.0
ENSG00000295838.1,0.0
ENSG00000295839.1,0.0
ENSG00000295840.1,0.0
ENSG00000295841.1,0.0
ENSG00000295842.1,0.0
ENSG00000295843.1,0.0
ENSG00000295844.1,0.0
ENSG00000295845.1,0.0
ENSG00000295846.1,0.0
ENSG00000295847.1,0.0
ENSG00000295848.1,0.0
ENSG00000295849.1,0.0
ENSG00000295850.1,0.0
ENSG00000295851.1,0.0
ENSG00000295852.1,0.0
ENSG00000295853.1,0.0
ENSG00000295854.1,0.0
ENSG00000295855.1,0.0
ENSG00000295856.1,0.0
ENSG00000295857.1,0.0
ENSG00000295858.1,0.0
ENSG00000295859.1,0.0
ENSG00000295860.1,0.0
ENSG00000295861.1,0.0
ENSG00000295862.1,0.0
ENSG00000295863.1,0.0
ENSG00000295864.1,0.0
ENSG00000295865.1,0.0
ENSG00000295866.1,0.0
ENSG00000295867.1,0.0
ENSG00000295868.1,0.0
ENSG00000295869.1,0.0
ENSG00000295870.1,0.0
ENSG00000295871.1,0.327347
ENSG00000295872.1,0.0
ENSG00000295873.1,5.063084
ENSG00000295874.1,0.0
ENSG00000295875.1,0.0
ENSG00000295876.1,0.0
ENSG00000295877.1,0.0
ENSG00000295878.1,0.0
ENSG00000295879.1,0.0
ENSG00000295880.1,0.0
ENSG00000295881.1,0.0
ENSG00000295882.1,0.0
ENSG00000295883.1,0.324008
ENSG00000295884.1,0.0
ENSG00000295885.1,0.0
ENSG00000295886.1,0.0
ENSG00000295887.1,0.0
ENSG00000295888.1,0.0
ENSG00000295889.1,0.0
ENSG00000295890.1,0.0
ENSG00000295891.1,0.0
ENSG00000295892.1,0.0
ENSG00000295893.1,0.0
ENSG00000295894.1,0.0
ENSG00000295895.1,0.0
ENSG00000295896.1,0.0
ENSG00000295897.1,0.0
ENSG00000295898.1,0.0
ENSG00000295899.1,0.0
ENSG00000295900.1,0.0
ENSG00000295901.1,0.0
ENSG00000295902.1,0.0
ENSG00000295903.1,0.0
ENSG00000295904.1,0.0
ENSG00000295905.1,0.0
ENSG00000295906.1,0.0
ENSG00000295907.1,0.0
ENSG00000295908.1,0.0
ENSG00000295909.1,0.0
ENSG00000295910.1,1.109383
ENSG00000295911.1,4.181287
ENSG00000295912.1,0.0
ENSG00000295913.1,0.0
ENSG00000295914.1,0.0
ENSG00000295915.1,0.0
ENSG00000295916.1,1.054955
ENSG00000295917.1,0.0
ENSG00000295918.1,0.0
ENSG00000295919.1,0.0
ENSG00000295920.1,0.0
ENSG00000295921.1,0.0
ENSG00000295922.1,0.0
ENSG00000295923.1,0.0
ENSG00000295924.1,0.0
ENSG00000295925.1,0.0
ENSG00000295926.1,0.0
ENSG00000295927.1,0.399058
ENSG00000295928.1,0.0
ENSG00000295929.1,0.0
ENSG00000295930.1,0.0
ENSG00000295931.1,0.0
ENSG00000295932.1,0.0
ENSG00000295933.1,0.0
ENSG00000295934.1,0.0
ENSG00000295935.1,0.0
ENSG00000295936.1,0.0
ENSG00000295937.1,0.0
ENSG00000295938.1,0.0
ENSG00000295939.1,0.0
ENSG00000295940.1,0.0
ENSG00000295941.1,0.0
ENSG00000295942.1,0.0
ENSG00000295943.1,0.0
ENSG00000295944.1,0.0
ENSG00000295945.1,0.0
ENSG00000295946.1,0.0
ENSG00000295947.1,0.0
ENSG00000295948.1,1.151239
ENSG00000295949.1,0.0
ENSG00000295950.1,0.0
ENSG00000295951.1,0.0
ENSG00000295952.1,0.0
ENSG00000295953.1,5.261672
ENSG00000295954.1,0.0
ENSG00000295955.1,0.0
ENSG00000295956.1,0.0
ENSG00000295957.1,0.0
ENSG00000295958.1,0.0
ENSG00000295959.1,0.0
ENSG00000295960.1,0.0
ENSG00000295961.1,0.0
ENSG00000295962.1,0.0
ENSG00000295963.1,0.0
ENSG00000295964.1,0.0
ENSG00000295965.1,0.0
ENSG00000295966.1,0.0
ENSG00000295967.1,0.0
ENSG00000295968.1,0.0
ENSG00000295969.1,0.0
ENSG00000295970.1,0.0
ENSG00000295971.1,0.0
ENSG00000295972.1,0.0
ENSG00000295973.1,0.0
ENSG00000295974.1,0.0
ENSG00000295975.1,0.0
ENSG00000295976.1,5.274827
ENSG00000295977.1,0.0
ENSG00000295978.1,0.0
ENSG00000295979.1,0.0
ENSG00000295980.1,0.0
ENSG00000295981.1,1.383186
ENSG00000295982.1,0.0
ENSG00000295983.1,0.0
ENSG00000295984.1,0.0
ENSG00000295985.1,0.0
ENSG00000295986.1,0.0
ENSG00000295987.1,1.357779
ENSG00000295988.1,0.0
ENSG00000295989.1,0.0
ENSG00000295990.1,0.0
ENSG00000295991.1,0.0
ENSG00000295992.1,0.0
ENSG00000295993.1,0.0
ENSG00000295994.1,0.0
ENSG00000295995.1,0.0
ENSG00000295996.1,0.0
ENSG00000295997.1,0.0
ENSG00000295998.1,0.0
ENSG00000295999.1,0.0
ENSG00000296000.1,0.0
ENSG00000296001.1,0.0
ENSG00000296002.1,0.0
ENSG00000296003.1,0.0
ENSG00000296004.1,0.0
ENSG00000296005.1,0.0
ENSG00000296006.1,0.0
ENSG00000296007.1,0.0
ENSG00000296008.1,0.0
ENSG00000296009.1,0.0
ENSG00000296010.1,0.0
ENSG00000296011.1,0.0
ENSG00000296012.1,0.0
ENSG00000296013.1,0.0
ENSG00000296014.1,0.214551
ENSG00000296015.1,0.0
ENSG00000296016.1,0.0
ENSG00000296017.1,0.0
ENSG00000296018.1,0.0
ENSG00000296019.1,0.0
ENSG00000296020.1,0.0
ENSG00000296021.1,0.0
ENSG00000296022.1,0.0
ENSG00000296023.1,0.0
ENSG00000296024.1,0.0
ENSG00000296025.1,0.0
ENSG00000296026.1,0.0
ENSG00000296027.1,0.0
ENSG00000296028.1,0.0
ENSG00000296029.1,0.0
ENSG00000296030.1,0.0
ENSG00000296031.1,0.0
ENSG00000296032.1,0.0
ENSG00000296033.1,0.0
ENSG00000296034.1,0.0
ENSG00000296035.1,0.0
ENSG00000296036.1,0.0
ENSG00000296037.1,0.0
ENSG00000296038.1,0.0
ENSG00000296039.1,0.0
ENSG00000296040.1,0.0
ENSG00000296041.1,0.0
ENSG00000296042.1,0.0
ENSG00000296043.1,0.0
ENSG00000296044.1,0.0
ENSG00000296045.1,0.0
ENSG00000296046.1,0.0
ENSG00000296047.1,0.0
ENSG00000296048.1,0.0
ENSG00000296049.1,0.0
ENSG00000296050.1,1.078958
ENSG00000296051.1,0.0
ENSG00000296052.1,0.0
ENSG00000296053.1,0.0
ENSG00000296054.1,0.0
ENSG00000296055.1,0.0
ENSG00000296056.1,0.0
ENSG00000296057.1,0.0
ENSG00000296058.1,0.0
ENSG00000296059.1,0.0
ENSG00000296060.1,0.0
ENSG00000296061.1,0.0
ENSG00000296062.1,0.0
ENSG00000296063.1,0.0
ENSG00000296064.1,0.0
ENSG00000296065.1,0.0
ENSG00000296066.1,0.0
ENSG00000296067.1,0.0
ENSG00000296068.1,0.0
ENSG00000296069.1,0.0
ENSG00000296070.1,0.0
ENSG00000296071.1,0.0
ENSG00000296072.1,0.0
ENSG00000296073.1,0.737447
ENSG00000296074.1,0.0
ENSG00000296075.1,0.0
ENSG00000296076.1,0.0
ENSG00000296077.1,0.0
ENSG00000296078.1,0.0
ENSG00000296079.1,0.0
ENSG00000296080.1,0.0
ENSG00000296081.1,0.0
ENSG00000296082.1,0.0
ENSG00000296083.1,0.0
ENSG00000296084.1,0.0
ENSG00000296085.1,0.0
ENSG00000296086.1,0.0
ENSG00000296087.1,0.0
ENSG00000296088.1,0.0
ENSG00000296089.1,0.0
ENSG00000296090.1,0.616561
ENSG00000296091.1,0.0
ENSG00000296092.1,0.555515
ENSG00000296093.1,0.0
ENSG00000296094.1,0.0
ENSG00000296095.1,0.0
ENSG00000296096.1,0.0
ENSG00000296097.1,0.0
ENSG00000296098.1,0.0
ENSG00000296099.1,0.0
ENSG00000296100.1,0.0
ENSG00000296101.1,0.0
ENSG00000296102.1,0.0
ENSG00000296103.1,0.0
ENSG00000296104.1,0.0
ENSG00000296105.1,0.0
ENSG00000296106.1,0.0
ENSG00000296107.1,0.0
ENSG00000296108.1,0.0
ENSG00000296109.1,0.0
ENSG00000296110.1,0.0
ENSG00000296111.1,0.0
ENSG00000296112.1,0.0
ENSG00000296113.1,0.0
ENSG00000296114.1,0.0
ENSG00000296115.1,0.0
ENSG00000296116.1,0.0
ENSG00000296117.1,0.0
ENSG00000296118.1,0.0
ENSG00000296119.1,0.0
ENSG00000296121.1,0.0
ENSG00000296122.1,0.0
ENSG00000296123.1,0.0
ENSG00000296124.1,0.0
ENSG00000296125.1,0.0
ENSG00000296126.1,0.0
ENSG00000296127.1,0.441436
ENSG00000296128.1,0.0
ENSG00000296129.1,0.0
ENSG00000296130.1,0.0
ENSG00000296131.1,0.0
ENSG00000296132.1,0.0
ENSG00000296133.1,0.0
ENSG00000296134.1,1.807087
ENSG00000296135.1,0.0
ENSG00000296137.1,1.201416
ENSG00000296138.1,0.386545
ENSG00000296139.1,0.0
ENSG00000296140.1,0.0
ENSG00000296141.1,0.0
ENSG00000296142.1,0.0
ENSG00000296143.1,0.0
ENSG00000296144.1,0.0
ENSG00000296145.1,0.0
ENSG00000296146.1,0.0
ENSG00000296147.1,0.0
ENSG00000296148.1,0.0
ENSG00000296149.1,0.0
ENSG00000296150.1,0.0
ENSG00000296151.1,0.0
ENSG00000296152.1,0.0
ENSG00000296153.1,0.0
ENSG00000296154.1,0.0
ENSG00000296155.1,0.0
ENSG00000296156.1,0.0
ENSG00000296157.1,0.0
ENSG00000296158.1,0.0
ENSG00000296159.1,0.0
ENSG00000296160.1,0.0
ENSG00000296161.1,0.0
ENSG00000296162.1,0.0
ENSG00000296163.1,0.0
ENSG00000296164.1,0.0
ENSG00000296165.1,0.0
ENSG00000296166.1,0.0
ENSG00000296167.1,0.0
ENSG00000296168.1,0.0
ENSG00000296169.1,0.0
ENSG00000296170.1,0.0
ENSG00000296171.1,0.0
ENSG00000296172.1,0.0
ENSG00000296173.1,0.0
ENSG00000296174.1,0.0
ENSG00000296175.1,0.0
ENSG00000296176.1,0.0
ENSG00000296177.1,0.0
ENSG00000296178.1,0.0
ENSG00000296179.1,0.292079
ENSG00000296180.1,0.0
ENSG00000296181.1,0.0
ENSG00000296183.1,0.0
ENSG00000296184.1,0.0
ENSG00000296185.1,0.0
ENSG00000296186.1,0.0
ENSG00000296187.1,0.0
ENSG00000296188.1,0.0
ENSG00000296189.1,0.0
ENSG00000296190.1,0.0
ENSG00000296191.1,0.0
ENSG00000296192.1,0.0
ENSG00000296193.1,0.0
ENSG00000296194.1,0.0
ENSG00000296195.1,0.0
ENSG00000296196.1,0.0
ENSG00000296197.1,0.0
ENSG00000296198.1,0.0
ENSG00000296199.1,0.0
ENSG00000296200.1,0.0
ENSG00000296201.1,0.0
ENSG00000296202.1,0.0
ENSG00000296203.1,0.0
ENSG00000296204.1,0.116664
ENSG00000296205.1,0.0
ENSG00000296206.1,0.0
ENSG00000296207.1,4.485015
ENSG00000296208.1,0.0
ENSG00000296209.1,0.261413
ENSG00000296210.1,0.0
ENSG00000296211.1,0.0
ENSG00000296212.1,0.0
ENSG00000296213.1,0.0
ENSG00000296214.1,0.0
ENSG00000296215.1,0.0
ENSG00000296216.1,0.0
ENSG00000296217.1,0.0
ENSG00000296218.1,0.0
ENSG00000296219.1,0.0
ENSG00000296220.1,0.0
ENSG00000296221.1,0.0
ENSG00000296222.1,0.0
ENSG00000296223.1,0.0
ENSG00000296224.1,0.0
ENSG00000296225.1,0.548799
ENSG00000296226.1,1.293457
ENSG00000296227.1,0.0
ENSG00000296228.1,0.0
ENSG00000296229.1,0.0
ENSG00000296230.1,0.0
ENSG00000296231.1,0.0
ENSG00000296232.1,0.0
ENSG00000296233.1,0.0
ENSG00000296234.1,0.0
ENSG00000296235.1,0.0
ENSG00000296236.1,0.0
ENSG00000296237.1,0.0
ENSG00000296238.1,0.0
ENSG00000296239.1,0.0
ENSG00000296240.1,0.0
ENSG00000296241.1,0.0
ENSG00000296242.1,0.0
ENSG00000296243.1,0.0
ENSG00000296244.1,0.0
ENSG00000296245.1,0.0
ENSG00000296246.1,0.0
ENSG00000296247.1,0.0
ENSG00000296248.1,0.323545
ENSG00000296249.1,0.0
ENSG00000296250.1,0.0
ENSG00000296251.1,0.0
ENSG00000296252.1,0.0
ENSG00000296253.1,0.0
ENSG00000296254.1,0.788756
ENSG00000296255.1,0.0
ENSG00000296256.1,0.0
ENSG00000296257.1,0.0
ENSG00000296258.1,0.0
ENSG00000296259.1,0.0
ENSG00000296260.1,0.0
ENSG00000296261.1,0.0
ENSG00000296262.1,0.0
ENSG00000296263.1,0.0
ENSG00000296264.1,0.0
ENSG00000296265.1,0.0
ENSG00000296266.1,0.0
ENSG00000296267.1,0.0
ENSG00000296268.1,0.0
ENSG00000296269.1,0.0
ENSG00000296270.1,0.0
ENSG00000296271.1,5.966328
ENSG00000296272.1,0.0
ENSG00000296273.1,0.0
ENSG00000296274.1,0.0
ENSG00000296275.1,0.0
ENSG00000296276.1,0.0
ENSG00000296277.1,0.0
ENSG00000296278.1,0.0
ENSG00000296279.1,0.0
ENSG00000296280.1,0.0
ENSG00000296281.1,0.0
ENSG00000296282.1,0.0
ENSG00000296283.1,0.0
ENSG00000296284.1,0.0
ENSG00000296285.1,0.0
ENSG00000296286.1,0.302
ENSG00000296287.1,0.0
ENSG00000296288.1,0.0
ENSG00000296289.1,1.625223
ENSG00000296290.1,0.0
ENSG00000296291.1,0.0
ENSG00000296292.1,0.0
ENSG00000296293.1,0.0
ENSG00000296294.1,2.005475
ENSG00000296295.1,0.942664
ENSG00000296296.1,13.006025000000001
ENSG00000296297.1,0.0
ENSG00000296298.1,0.0
ENSG00000296299.1,2.156284
ENSG00000296300.1,0.0
ENSG00000296301.1,0.0
ENSG00000296302.1,0.0
ENSG00000296303.1,0.0
ENSG00000296304.1,0.0
ENSG00000296305.1,0.0
ENSG00000296306.1,17.181379
ENSG00000296307.1,0.0
ENSG00000296308.1,0.0
ENSG00000296309.1,0.0
ENSG00000296310.1,0.0
ENSG00000296311.1,0.0
ENSG00000296312.1,0.0
ENSG00000296313.1,0.0
ENSG00000296314.1,0.0
ENSG00000296315.1,0.0
ENSG00000296316.1,0.269099
ENSG00000296317.1,0.0
ENSG00000296318.1,0.0
ENSG00000296319.1,0.0
ENSG00000296320.1,0.0
ENSG00000296321.1,0.0
ENSG00000296322.1,0.0
ENSG00000296323.1,0.0
ENSG00000296324.1,0.0
ENSG00000296325.1,0.0
ENSG00000296326.1,0.0
ENSG00000296327.1,0.0
ENSG00000296328.1,0.0
ENSG00000296329.1,1.7498770000000001
ENSG00000296330.1,0.0
ENSG00000296331.1,1.083924
ENSG00000296332.1,0.0
ENSG00000296333.1,0.0
ENSG00000296334.1,0.0
ENSG00000296335.1,0.0
ENSG00000296336.1,0.0
ENSG00000296337.1,1.648925
ENSG00000296338.1,0.0
ENSG00000296339.1,0.0
ENSG00000296340.1,0.0
ENSG00000296341.1,0.0
ENSG00000296342.1,0.0
ENSG00000296343.1,0.490133
ENSG00000296344.1,0.0
ENSG00000296345.1,0.0
ENSG00000296346.1,0.0
ENSG00000296347.1,0.0
ENSG00000296348.1,0.0
ENSG00000296349.1,0.0
ENSG00000296350.1,0.0
ENSG00000296351.1,0.0
ENSG00000296352.1,0.0
ENSG00000296353.1,0.0
ENSG00000296354.1,0.0
ENSG00000296355.1,0.0
ENSG00000296356.1,0.0
ENSG00000296357.1,0.0
ENSG00000296358.1,0.0
ENSG00000296359.1,0.0
ENSG00000296360.1,0.0
ENSG00000296361.1,0.0
ENSG00000296362.1,0.0
ENSG00000296363.1,0.0
ENSG00000296364.1,0.0
ENSG00000296365.1,0.0
ENSG00000296366.1,0.0
ENSG00000296367.1,0.0
ENSG00000296368.1,0.0
ENSG00000296369.1,0.0
ENSG00000296370.1,0.266517
ENSG00000296371.1,0.0
ENSG00000296372.1,0.0
ENSG00000296373.1,0.0
ENSG00000296374.1,0.0
ENSG00000296375.1,0.0
ENSG00000296376.1,0.0
ENSG00000296377.1,0.0
ENSG00000296378.1,0.0
ENSG00000296379.1,0.0
ENSG00000296380.1,0.0
ENSG00000296381.1,0.0
ENSG00000296382.1,0.0
ENSG00000296383.1,0.0
ENSG00000296384.1,0.0
ENSG00000296385.1,0.0
ENSG00000296386.1,0.0
ENSG00000296387.1,0.0
ENSG00000296388.1,0.0
ENSG00000296389.1,0.0
ENSG00000296390.1,0.0
ENSG00000296391.1,0.0
ENSG00000296392.1,0.0
ENSG00000296393.1,0.0
ENSG00000296394.1,0.0
ENSG00000296395.1,0.0
ENSG00000296396.1,0.0
ENSG00000296397.1,0.0
ENSG00000296398.1,0.0
ENSG00000296399.1,0.0
ENSG00000296400.1,0.0
ENSG00000296401.1,0.0
ENSG00000296402.1,1.142378
ENSG00000296403.1,0.0
ENSG00000296404.1,0.0
ENSG00000296405.1,0.0
ENSG00000296406.1,0.0
ENSG00000296407.1,0.0
ENSG00000296408.1,0.0
ENSG00000296409.1,0.0
ENSG00000296410.1,0.0
ENSG00000296411.1,0.0
ENSG00000296412.1,0.0
ENSG00000296413.1,0.0
ENSG00000296414.1,16.358781999999998
ENSG00000296415.1,0.0
ENSG00000296416.1,0.0
ENSG00000296417.1,0.0
ENSG00000296418.1,0.0
ENSG00000296419.1,0.0
ENSG00000296420.1,0.0
ENSG00000296421.1,0.0
ENSG00000296422.1,0.0
ENSG00000296424.1,0.0
ENSG00000296425.1,0.0
ENSG00000296426.1,0.0
ENSG00000296427.1,0.0
ENSG00000296428.1,1.932891
ENSG00000296429.1,0.0
ENSG00000296430.1,1.122312
ENSG00000296431.1,0.0
ENSG00000296432.1,0.0
ENSG00000296433.1,1.990683
ENSG00000296434.1,0.0
ENSG00000296435.1,0.0
ENSG00000296436.1,0.0
ENSG00000296437.1,0.0
ENSG00000296438.1,0.0
ENSG00000296439.1,0.0
ENSG00000296440.1,0.0
ENSG00000296441.1,0.0
ENSG00000296442.1,0.0
ENSG00000296443.1,0.0
ENSG00000296444.1,0.0
ENSG00000296445.1,0.0
ENSG00000296446.1,0.0
ENSG00000296447.1,0.0
ENSG00000296448.1,0.0
ENSG00000296449.1,0.0
ENSG00000296450.1,0.0
ENSG00000296451.1,1.683243
ENSG00000296452.1,0.0
ENSG00000296453.1,0.884267
ENSG00000296454.1,0.0
ENSG00000296455.1,0.0
ENSG00000296456.1,0.0
ENSG00000296457.1,0.0
ENSG00000296458.1,0.0
ENSG00000296459.1,0.0
ENSG00000296460.1,0.0
ENSG00000296461.1,0.0
ENSG00000296462.1,0.0
ENSG00000296463.1,0.478526
ENSG00000296464.1,0.0
ENSG00000296465.1,0.0
ENSG00000296466.1,0.0
ENSG00000296467.1,0.0
ENSG00000296468.1,0.0
ENSG00000296469.1,0.0
ENSG00000296470.1,0.0
ENSG00000296471.1,0.0
ENSG00000296472.1,0.0
ENSG00000296473.1,2.096794
ENSG00000296474.1,0.0
ENSG00000296475.1,0.0
ENSG00000296476.1,0.0
ENSG00000296477.1,0.0
ENSG00000296478.1,0.0
ENSG00000296479.1,0.0
ENSG00000296480.1,0.0
ENSG00000296481.1,0.0
ENSG00000296482.1,0.0
ENSG00000296483.1,0.38814
ENSG00000296484.1,0.0
ENSG00000296485.1,0.0
ENSG00000296486.1,0.0
ENSG00000296487.1,0.0
ENSG00000296488.2,0.0
ENSG00000296489.1,0.0
ENSG00000296490.1,0.0
ENSG00000296491.1,0.0
ENSG00000296492.1,0.0
ENSG00000296493.1,0.0
ENSG00000296494.1,0.0
ENSG00000296495.1,0.0
ENSG00000296496.1,0.0
ENSG00000296497.1,0.0
ENSG00000296498.1,0.0
ENSG00000296499.1,0.0
ENSG00000296500.1,0.0
ENSG00000296501.1,0.0
ENSG00000296502.1,0.0
ENSG00000296503.1,0.0
ENSG00000296504.1,0.0
ENSG00000296505.1,0.0
ENSG00000296506.1,0.0
ENSG00000296507.1,0.0
ENSG00000296508.1,0.0
ENSG00000296509.1,0.0
ENSG00000296510.1,0.0
ENSG00000296511.1,0.0
ENSG00000296512.1,0.0
ENSG00000296513.1,0.0
ENSG00000296514.1,0.0
ENSG00000296515.1,0.0
ENSG00000296516.1,0.0
ENSG00000296517.1,0.0
ENSG00000296518.1,0.0
ENSG00000296519.1,0.0
ENSG00000296520.1,0.0
ENSG00000296521.1,0.0
ENSG00000296522.1,0.0
ENSG00000296523.1,0.0
ENSG00000296524.1,393.940156
ENSG00000296525.1,0.0
ENSG00000296526.1,0.0
ENSG00000296527.1,0.0
ENSG00000296528.1,0.0
ENSG00000296529.1,0.0
ENSG00000296530.1,0.0
ENSG00000296531.1,0.0
ENSG00000296532.1,0.0
ENSG00000296533.1,0.0
ENSG00000296534.1,0.0
ENSG00000296535.1,0.0
ENSG00000296536.1,0.0
ENSG00000296537.1,0.0
ENSG00000296538.1,0.445399
ENSG00000296539.1,0.0
ENSG00000296540.1,0.0
ENSG00000296541.1,0.0
ENSG00000296542.1,0.0
ENSG00000296543.1,0.0
ENSG00000296544.1,0.0
ENSG00000296545.1,0.0
ENSG00000296546.1,0.0
ENSG00000296547.1,0.0
ENSG00000296548.1,0.0
ENSG00000296549.1,0.0
ENSG00000296550.1,0.0
ENSG00000296551.1,0.0
ENSG00000296552.1,0.0
ENSG00000296553.1,0.0
ENSG00000296554.1,0.0
ENSG00000296555.1,0.0
ENSG00000296556.1,0.0
ENSG00000296557.1,0.0
ENSG00000296558.1,0.0
ENSG00000296559.1,0.0
ENSG00000296560.1,1.1495630000000001
ENSG00000296561.1,0.0
ENSG00000296562.1,0.0
ENSG00000296563.1,0.0
ENSG00000296564.1,0.0
ENSG00000296565.1,0.0
ENSG00000296566.1,0.0
ENSG00000296567.1,0.0
ENSG00000296568.1,0.0
ENSG00000296569.1,0.0
ENSG00000296570.1,0.477408
ENSG00000296571.1,0.0
ENSG00000296572.1,0.0
ENSG00000296573.1,0.0
ENSG00000296574.1,0.0
ENSG00000296576.1,0.0
ENSG00000296577.1,0.0
ENSG00000296578.1,0.0
ENSG00000296579.1,0.0
ENSG00000296580.1,0.0
ENSG00000296581.1,0.60698
ENSG00000296582.1,0.0
ENSG00000296584.1,0.0
ENSG00000296585.1,0.0
ENSG00000296586.1,0.0
ENSG00000296587.1,0.0
ENSG00000296588.1,0.0
ENSG00000296589.1,0.0
ENSG00000296590.1,0.0
ENSG00000296591.1,0.0
ENSG00000296592.1,0.0
ENSG00000296593.1,0.0
ENSG00000296594.1,0.0
ENSG00000296595.1,0.0
ENSG00000296596.1,0.0
ENSG00000296597.1,0.0
ENSG00000296598.1,0.0
ENSG00000296599.1,0.0
ENSG00000296600.1,0.0
ENSG00000296601.1,0.0
ENSG00000296602.1,0.0
ENSG00000296603.1,0.0
ENSG00000296604.1,0.0
ENSG00000296605.1,0.0
ENSG00000296607.1,0.0
ENSG00000296608.1,0.0
ENSG00000296609.1,0.33224
ENSG00000296610.1,0.0
ENSG00000296611.1,0.0
ENSG00000296612.1,0.0
ENSG00000296613.1,0.0
ENSG00000296614.1,0.0
ENSG00000296615.1,0.0
ENSG00000296616.1,0.0
ENSG00000296617.1,0.0
ENSG00000296618.1,15.119034000000001
ENSG00000296619.1,0.0
ENSG00000296620.1,0.647016
ENSG00000296621.1,0.0
ENSG00000296622.1,0.0
ENSG00000296623.1,0.0
ENSG00000296624.1,0.0
ENSG00000296625.1,0.0
ENSG00000296626.1,0.0
ENSG00000296627.1,0.0
ENSG00000296628.1,0.0
ENSG00000296629.1,0.0
ENSG00000296630.1,0.0
ENSG00000296631.1,0.0
ENSG00000296632.1,0.0
ENSG00000296633.1,0.0
ENSG00000296634.1,0.0
ENSG00000296635.1,0.0
ENSG00000296636.1,0.0
ENSG00000296637.1,0.0
ENSG00000296638.1,0.0
ENSG00000296639.1,2.245206
ENSG00000296640.1,0.0
ENSG00000296641.1,0.0
ENSG00000296642.1,4.6874
ENSG00000296643.1,0.0
ENSG00000296644.1,0.0
ENSG00000296645.1,0.0
ENSG00000296646.1,0.0
ENSG00000296647.1,0.0
ENSG00000296649.1,0.0
ENSG00000296650.1,0.0
ENSG00000296651.1,0.0
ENSG00000296652.1,0.0
ENSG00000296653.1,0.0
ENSG00000296654.1,0.0
ENSG00000296655.1,0.0
ENSG00000296656.1,0.0
ENSG00000296657.1,0.0
ENSG00000296658.1,0.0
ENSG00000296659.1,0.0
ENSG00000296660.1,0.0
ENSG00000296661.1,0.351132
ENSG00000296662.1,0.0
ENSG00000296663.1,0.0
ENSG00000296664.1,0.0
ENSG00000296665.1,0.0
ENSG00000296666.1,0.0
ENSG00000296667.1,0.0
ENSG00000296668.1,0.0
ENSG00000296669.1,0.0
ENSG00000296670.1,0.0
ENSG00000296671.1,0.0
ENSG00000296672.1,0.0
ENSG00000296673.1,0.0
ENSG00000296674.1,0.0
ENSG00000296675.1,0.0
ENSG00000296676.1,0.0
ENSG00000296677.1,0.0
ENSG00000296678.1,0.268773
ENSG00000296679.1,0.0
ENSG00000296680.1,0.0
ENSG00000296681.1,0.0
ENSG00000296682.1,0.0
ENSG00000296683.1,0.0
ENSG00000296684.1,0.0
ENSG00000296685.1,0.0
ENSG00000296686.1,0.330265
ENSG00000296687.1,0.0
ENSG00000296688.1,0.0
ENSG00000296689.1,0.0
ENSG00000296690.1,0.0
ENSG00000296691.1,0.0
ENSG00000296692.1,0.0
ENSG00000296693.1,0.0
ENSG00000296694.1,0.0
ENSG00000296695.1,0.0
ENSG00000296696.1,0.0
ENSG00000296697.1,0.0
ENSG00000296698.1,0.0
ENSG00000296699.1,0.0
ENSG00000296700.1,0.0
ENSG00000296701.1,0.0
ENSG00000296702.1,0.0
ENSG00000296703.1,0.0
ENSG00000296704.1,0.0
ENSG00000296705.1,0.0
ENSG00000296706.1,0.0
ENSG00000296707.1,0.0
ENSG00000296708.1,0.0
ENSG00000296709.1,0.0
ENSG00000296710.1,0.0
ENSG00000296711.1,0.0
ENSG00000296712.1,0.0
ENSG00000296713.1,0.0
ENSG00000296714.1,0.0
ENSG00000296715.1,0.21964
ENSG00000296716.1,0.0
ENSG00000296717.1,0.0
ENSG00000296718.1,0.0
ENSG00000296719.1,0.0
ENSG00000296720.1,0.0
ENSG00000296721.1,2.32781
ENSG00000296722.1,0.0
ENSG00000296723.1,0.0
ENSG00000296724.1,0.0
ENSG00000296725.1,0.0
ENSG00000296726.1,0.547476
ENSG00000296727.1,0.0
ENSG00000296728.1,0.0
ENSG00000296729.1,0.0
ENSG00000296730.1,0.0
ENSG00000296731.1,0.0
ENSG00000296732.1,0.0
ENSG00000296733.1,0.0
ENSG00000296734.1,0.0
ENSG00000296735.1,0.0
ENSG00000296736.1,0.0
ENSG00000296737.1,0.0
ENSG00000296738.1,0.725152
ENSG00000296739.1,0.0
ENSG00000296740.1,0.0
ENSG00000296741.1,0.0
ENSG00000296742.1,0.0
ENSG00000296743.1,0.0
ENSG00000296744.1,0.0
ENSG00000296745.1,0.0
ENSG00000296746.1,0.0
ENSG00000296747.1,0.0
ENSG00000296748.1,0.0
ENSG00000296749.1,0.0
ENSG00000296750.1,0.0
ENSG00000296751.1,0.0
ENSG00000296752.1,0.0
ENSG00000296753.1,0.0
ENSG00000296754.1,0.0
ENSG00000296755.1,0.0
ENSG00000296756.1,0.0
ENSG00000296757.1,0.0
ENSG00000296758.1,0.0
ENSG00000296759.1,0.0
ENSG00000296760.1,0.0
ENSG00000296761.1,0.0
ENSG00000296762.1,0.440485
ENSG00000296763.1,0.0
ENSG00000296764.1,0.0
ENSG00000296765.1,0.0
ENSG00000296766.1,0.0
ENSG00000296767.2,0.0
ENSG00000296768.1,0.0
ENSG00000296769.1,0.0
ENSG00000296770.1,0.0
ENSG00000296771.1,0.0
ENSG00000296772.1,0.0
ENSG00000296773.1,0.0
ENSG00000296774.1,0.0
ENSG00000296775.1,0.198637
ENSG00000296776.1,0.0
ENSG00000296777.1,0.0
ENSG00000296778.1,0.0
ENSG00000296779.1,0.0
ENSG00000296780.1,0.0
ENSG00000296781.1,0.0
ENSG00000296782.1,0.0
ENSG00000296783.2,0.0
ENSG00000296784.1,0.0
ENSG00000296785.1,0.592463
ENSG00000296786.1,0.0
ENSG00000296787.1,0.0
ENSG00000296788.1,0.0
ENSG00000296789.1,0.0
ENSG00000296790.2,0.132259
ENSG00000296791.1,0.0
ENSG00000296792.1,0.0
ENSG00000296793.1,0.0
ENSG00000296794.1,0.0
ENSG00000296795.1,0.0
ENSG00000296796.1,0.0
ENSG00000296797.1,0.0
ENSG00000296798.1,0.0
ENSG00000296799.1,0.0
ENSG00000296800.1,0.0
ENSG00000296801.1,0.0
ENSG00000296802.1,0.0
ENSG00000296803.1,0.0
ENSG00000296804.1,0.0
ENSG00000296805.1,0.0
ENSG00000296806.1,0.0
ENSG00000296807.1,0.0
ENSG00000296808.1,0.0
ENSG00000296809.1,0.0
ENSG00000296810.1,0.0
ENSG00000296811.1,0.0
ENSG00000296812.1,0.0
ENSG00000296813.1,0.0
ENSG00000296814.1,1.498731
ENSG00000296815.1,0.0
ENSG00000296816.1,0.847956
ENSG00000296817.1,0.0
ENSG00000296818.1,0.0
ENSG00000296819.1,0.0
ENSG00000296820.1,0.0
ENSG00000296821.1,0.0
ENSG00000296822.1,0.0
ENSG00000296823.1,0.295968
ENSG00000296824.1,0.0
ENSG00000296825.1,0.0
ENSG00000296826.1,0.0
ENSG00000296827.1,0.0
ENSG00000296828.1,0.0
ENSG00000296829.1,0.0
ENSG00000296830.1,0.0
ENSG00000296831.1,0.0
ENSG00000296832.1,0.0
ENSG00000296833.1,0.0
ENSG00000296834.1,0.0
ENSG00000296835.1,0.0
ENSG00000296836.1,0.0
ENSG00000296837.1,0.0
ENSG00000296838.1,0.0
ENSG00000296839.1,0.0
ENSG00000296840.1,0.0
ENSG00000296841.1,0.0
ENSG00000296842.1,0.0
ENSG00000296843.1,0.0
ENSG00000296844.1,0.0
ENSG00000296845.1,0.0
ENSG00000296846.1,0.0
ENSG00000296847.1,0.0
ENSG00000296848.1,0.0
ENSG00000296849.1,0.0
ENSG00000296850.1,0.0
ENSG00000296851.1,0.0
ENSG00000296852.1,0.0
ENSG00000296853.1,0.0
ENSG00000296854.1,0.0
ENSG00000296855.1,0.0
ENSG00000296856.1,0.0
ENSG00000296857.1,0.0
ENSG00000296858.1,0.0
ENSG00000296859.1,0.0
ENSG00000296860.1,0.0
ENSG00000296861.1,0.0
ENSG00000296862.1,0.0
ENSG00000296863.1,0.0
ENSG00000296864.1,0.0
ENSG00000296865.1,0.0
ENSG00000296866.1,0.0
ENSG00000296867.1,0.385205
ENSG00000296868.1,0.0
ENSG00000296869.1,0.0
ENSG00000296870.1,1.411433
ENSG00000296871.1,0.0
ENSG00000296872.1,0.0
ENSG00000296873.1,0.0
ENSG00000296874.1,0.0
ENSG00000296875.1,0.0
ENSG00000296876.1,0.0
ENSG00000296877.1,0.0
ENSG00000296878.1,0.0
ENSG00000296879.1,0.0
ENSG00000296880.1,0.0
ENSG00000296881.1,0.0
ENSG00000296882.1,0.0
ENSG00000296883.1,0.0
ENSG00000296884.1,0.688159
ENSG00000296885.1,0.0
ENSG00000296886.1,0.496705
ENSG00000296887.1,0.0
ENSG00000296888.1,0.468875
ENSG00000296889.1,0.0
ENSG00000296890.1,0.0
ENSG00000296891.1,0.0
ENSG00000296892.1,0.0
ENSG00000296893.1,0.0
ENSG00000296894.1,0.0
ENSG00000296895.1,0.0
ENSG00000296896.1,0.0
ENSG00000296897.1,0.0
ENSG00000296898.1,0.0
ENSG00000296899.1,0.0
ENSG00000296900.1,0.0
ENSG00000296901.1,0.0
ENSG00000296902.1,0.0
ENSG00000296903.1,0.0
ENSG00000296904.1,0.0
ENSG00000296905.1,0.85756
ENSG00000296906.1,0.0
ENSG00000296907.1,0.0
ENSG00000296908.1,0.0
ENSG00000296909.1,0.0
ENSG00000296910.1,0.0
ENSG00000296911.1,0.478011
ENSG00000296912.1,2.556875
ENSG00000296913.1,0.0
ENSG00000296914.1,0.0
ENSG00000296915.1,0.0
ENSG00000296916.1,0.0
ENSG00000296917.1,0.0
ENSG00000296918.1,0.0
ENSG00000296919.1,0.0
ENSG00000296920.1,0.0
ENSG00000296921.1,3.558924
ENSG00000296922.1,0.0
ENSG00000296923.1,1.353797
ENSG00000296924.1,0.0
ENSG00000296925.1,0.0
ENSG00000296926.1,0.0
ENSG00000296927.1,0.0
ENSG00000296928.1,0.0
ENSG00000296929.1,0.0
ENSG00000296930.1,0.0
ENSG00000296931.1,0.0
ENSG00000296932.1,0.245067
ENSG00000296933.1,0.0
ENSG00000296934.1,0.0
ENSG00000296935.1,0.0
ENSG00000296936.1,0.0
ENSG00000296937.1,0.0
ENSG00000296938.1,0.0
ENSG00000296939.1,0.0
ENSG00000296940.1,0.0
ENSG00000296941.1,0.0
ENSG00000296942.1,0.0
ENSG00000296943.1,0.234715
ENSG00000296944.1,0.0
ENSG00000296945.1,0.0
ENSG00000296946.1,0.0
ENSG00000296947.1,0.0
ENSG00000296948.1,0.0
ENSG00000296949.1,0.0
ENSG00000296950.1,0.0
ENSG00000296951.1,0.0
ENSG00000296952.1,0.0
ENSG00000296953.1,0.0
ENSG00000296954.1,0.0
ENSG00000296955.1,0.0
ENSG00000296956.1,0.0
ENSG00000296957.1,0.0
ENSG00000296958.1,0.0
ENSG00000296959.1,0.0
ENSG00000296960.1,0.0
ENSG00000296961.1,0.0
ENSG00000296962.1,0.436651
ENSG00000296963.1,0.0
ENSG00000296964.1,0.0
ENSG00000296965.1,0.0
ENSG00000296966.1,0.0
ENSG00000296967.1,0.0
ENSG00000296968.1,0.0
ENSG00000296969.1,0.0
ENSG00000296970.1,0.0
ENSG00000296971.1,0.0
ENSG00000296972.1,0.313941
ENSG00000296973.1,0.0
ENSG00000296974.1,0.0
ENSG00000296975.1,0.0
ENSG00000296976.1,0.0
ENSG00000296977.1,0.0
ENSG00000296978.1,0.0
ENSG00000296979.1,0.0
ENSG00000296980.1,0.0
ENSG00000296981.1,0.0
ENSG00000296982.1,0.0
ENSG00000296983.1,0.0
ENSG00000296984.1,0.0
ENSG00000296985.1,0.0
ENSG00000296986.1,0.325431
ENSG00000296987.1,0.0
ENSG00000296988.1,0.0
ENSG00000296989.1,0.0
ENSG00000296990.1,0.453573
ENSG00000296991.1,0.0
ENSG00000296992.1,0.0
ENSG00000296993.1,0.0
ENSG00000296994.1,0.788756
ENSG00000296995.1,0.0
ENSG00000296996.1,0.0
ENSG00000296997.1,0.0
ENSG00000296998.1,0.86408
ENSG00000296999.1,0.0
ENSG00000297000.1,0.0
ENSG00000297001.1,0.0
ENSG00000297002.1,0.342476
ENSG00000297003.1,0.0
ENSG00000297004.1,0.0
ENSG00000297005.1,0.0
ENSG00000297006.1,0.0
ENSG00000297007.1,0.471255
ENSG00000297008.1,0.0
ENSG00000297009.1,0.0
ENSG00000297010.1,0.0
ENSG00000297011.1,0.338822
ENSG00000297012.1,0.0
ENSG00000297013.1,0.0
ENSG00000297014.1,0.0
ENSG00000297015.1,0.0
ENSG00000297016.1,0.0
ENSG00000297017.1,0.0
ENSG00000297018.1,0.0
ENSG00000297019.1,0.0
ENSG00000297020.1,0.0
ENSG00000297021.1,0.0
ENSG00000297022.1,0.0
ENSG00000297023.1,0.0
ENSG00000297024.1,0.0
ENSG00000297025.1,0.0
ENSG00000297026.1,0.0
ENSG00000297027.1,0.787093
ENSG00000297028.1,0.0
ENSG00000297029.1,0.0
ENSG00000297030.1,0.0
ENSG00000297031.1,0.0
ENSG00000297032.1,0.0
ENSG00000297033.1,0.0
ENSG00000297034.1,0.0
ENSG00000297035.1,0.0
ENSG00000297036.1,0.0
ENSG00000297037.1,0.0
ENSG00000297038.1,0.0
ENSG00000297039.1,0.0
ENSG00000297040.1,0.0
ENSG00000297041.1,0.0
ENSG00000297042.1,0.0
ENSG00000297043.1,0.0
ENSG00000297044.1,0.0
ENSG00000297045.1,2.10947
ENSG00000297046.1,0.0
ENSG00000297047.1,0.0
ENSG00000297048.1,0.0
ENSG00000297049.1,0.0
ENSG00000297050.1,0.0
ENSG00000297051.1,0.0
ENSG00000297052.1,0.0
ENSG00000297053.1,0.785382
ENSG00000297054.1,2.63127
ENSG00000297055.1,0.0
ENSG00000297056.1,0.0
ENSG00000297057.1,0.0
ENSG00000297058.1,0.0
ENSG00000297059.1,0.0
ENSG00000297060.1,0.0
ENSG00000297061.1,0.382554
ENSG00000297062.1,0.0
ENSG00000297063.1,0.0
ENSG00000297064.1,0.0
ENSG00000297065.1,0.0
ENSG00000297066.1,0.0
ENSG00000297067.1,0.0
ENSG00000297068.1,0.0
ENSG00000297069.1,0.0
ENSG00000297070.1,0.0
ENSG00000297071.1,0.0
ENSG00000297072.1,0.191122
ENSG00000297073.1,0.0
ENSG00000297074.1,0.0
ENSG00000297075.1,0.0
ENSG00000297076.1,0.0
ENSG00000297077.1,0.0
ENSG00000297078.1,0.0
ENSG00000297079.1,0.0
ENSG00000297080.1,0.0
ENSG00000297081.1,0.0
ENSG00000297082.1,0.0
ENSG00000297083.1,0.404112
ENSG00000297084.1,0.0
ENSG00000297085.1,0.0
ENSG00000297086.1,0.0
ENSG00000297087.1,0.0
ENSG00000297088.1,0.0
ENSG00000297089.1,0.0
ENSG00000297090.1,0.0
ENSG00000297091.1,0.0
ENSG00000297092.1,0.0
ENSG00000297093.1,0.0
ENSG00000297094.1,0.0
ENSG00000297095.1,0.0
ENSG00000297096.1,0.0
ENSG00000297097.1,0.0
ENSG00000297098.1,0.0
ENSG00000297099.1,0.0
ENSG00000297100.1,0.0
ENSG00000297101.1,0.0
ENSG00000297102.1,0.0
ENSG00000297103.1,0.0
ENSG00000297104.1,0.0
ENSG00000297105.1,0.0
ENSG00000297106.1,0.326281
ENSG00000297107.1,0.0
ENSG00000297108.1,0.0
ENSG00000297109.1,0.0
ENSG00000297110.1,0.0
ENSG00000297111.1,0.808536
ENSG00000297112.1,0.0
ENSG00000297113.1,0.0
ENSG00000297114.1,0.0
ENSG00000297115.1,0.0
ENSG00000297116.1,0.0
ENSG00000297117.1,0.0
ENSG00000297118.1,0.0
ENSG00000297119.1,0.0
ENSG00000297120.1,0.0
ENSG00000297121.1,0.0
ENSG00000297122.1,0.0
ENSG00000297123.1,0.0
ENSG00000297124.1,0.0
ENSG00000297125.1,0.0
ENSG00000297126.1,0.0
ENSG00000297127.1,0.0
ENSG00000297128.1,0.0
ENSG00000297129.1,0.0
ENSG00000297130.1,0.0
ENSG00000297131.1,0.0
ENSG00000297132.1,0.0
ENSG00000297133.1,0.0
ENSG00000297134.1,2.863715
ENSG00000297135.1,0.0
ENSG00000297136.1,0.0
ENSG00000297137.1,0.0
ENSG00000297138.1,0.0
ENSG00000297139.1,0.0
ENSG00000297140.1,0.377863
ENSG00000297141.1,0.0
ENSG00000297143.1,0.574348
ENSG00000297144.1,0.0
ENSG00000297145.1,0.0
ENSG00000297146.1,0.590891
ENSG00000297147.1,0.0
ENSG00000297148.1,0.0
ENSG00000297149.1,0.0
ENSG00000297150.1,0.0
ENSG00000297151.1,0.0
ENSG00000297152.1,0.0
ENSG00000297153.1,0.0
ENSG00000297154.1,0.0
ENSG00000297155.1,0.0
ENSG00000297156.1,0.184003
ENSG00000297157.1,0.0
ENSG00000297158.1,1.478656
ENSG00000297159.1,0.0
ENSG00000297160.1,0.0
ENSG00000297161.1,0.0
ENSG00000297162.1,0.0
ENSG00000297163.1,0.0
ENSG00000297164.1,0.0
ENSG00000297165.1,0.361407
ENSG00000297166.1,0.0
ENSG00000297167.1,0.774436
ENSG00000297168.1,0.0
ENSG00000297169.1,0.0
ENSG00000297170.1,0.0
ENSG00000297171.1,0.0
ENSG00000297172.1,0.0
ENSG00000297173.1,0.0
ENSG00000297174.1,0.0
ENSG00000297175.1,0.0
ENSG00000297176.1,0.0
ENSG00000297177.1,0.640056
ENSG00000297178.1,0.0
ENSG00000297179.1,0.0
ENSG00000297180.1,0.0
ENSG00000297181.1,0.0
ENSG00000297182.1,0.0
ENSG00000297183.1,0.0
ENSG00000297184.1,0.0
ENSG00000297185.1,1.012462
ENSG00000297186.1,0.0
ENSG00000297187.1,0.0
ENSG00000297188.1,0.667473
ENSG00000297189.1,0.0
ENSG00000297190.1,0.65163
ENSG00000297191.1,0.0
ENSG00000297192.1,0.0
ENSG00000297193.1,0.0
ENSG00000297194.1,0.0
ENSG00000297195.1,0.0
ENSG00000297196.1,0.0
ENSG00000297197.1,0.0
ENSG00000297198.1,0.0
ENSG00000297199.1,0.0
ENSG00000297200.1,0.0
ENSG00000297201.1,0.0
ENSG00000297202.1,0.0
ENSG00000297203.1,0.0
ENSG00000297204.1,0.0
ENSG00000297205.1,0.0
ENSG00000297206.1,0.0
ENSG00000297207.1,0.0
ENSG00000297208.1,0.0
ENSG00000297209.1,0.0
ENSG00000297210.1,0.0
ENSG00000297211.1,0.0
ENSG00000297212.1,0.0
ENSG00000297213.1,0.0
ENSG00000297214.1,0.0
ENSG00000297215.1,0.0
ENSG00000297216.1,0.0
ENSG00000297217.1,0.0
ENSG00000297218.1,0.0
ENSG00000297219.1,0.0
ENSG00000297220.1,0.0
ENSG00000297221.1,0.0
ENSG00000297222.1,0.0
ENSG00000297223.1,0.0
ENSG00000297224.1,0.361827
ENSG00000297225.1,0.0
ENSG00000297226.1,0.0
ENSG00000297227.1,0.0
ENSG00000297228.1,0.0
ENSG00000297230.1,0.0
ENSG00000297231.1,0.0
ENSG00000297232.1,0.0
ENSG00000297233.1,0.0
ENSG00000297234.1,0.0
ENSG00000297235.1,0.0
ENSG00000297236.1,0.122129
ENSG00000297237.1,0.0
ENSG00000297238.1,0.0
ENSG00000297239.1,0.0
ENSG00000297240.1,0.0
ENSG00000297241.1,0.0
ENSG00000297242.1,0.0
ENSG00000297243.1,0.0
ENSG00000297244.1,8.039133
ENSG00000297245.1,0.0
ENSG00000297246.1,0.0
ENSG00000297247.1,0.0
ENSG00000297248.1,0.0
ENSG00000297249.1,0.0
ENSG00000297250.1,0.181597
ENSG00000297251.1,0.0
ENSG00000297252.1,19.000543
ENSG00000297253.1,0.0
ENSG00000297254.1,0.0
ENSG00000297255.1,0.0
ENSG00000297256.1,0.0
ENSG00000297257.1,0.0
ENSG00000297258.1,0.0
ENSG00000297259.1,0.0
ENSG00000297260.1,0.0
ENSG00000297261.1,0.0
ENSG00000297262.1,0.0
ENSG00000297263.1,0.0
ENSG00000297264.1,0.0
ENSG00000297265.1,0.0
ENSG00000297266.1,0.0
ENSG00000297267.1,0.0
ENSG00000297268.1,0.516813
ENSG00000297269.1,0.0
ENSG00000297270.1,1.605574
ENSG00000297271.1,0.0
ENSG00000297272.1,0.0
ENSG00000297273.1,0.0
ENSG00000297274.1,0.0
ENSG00000297275.1,0.0
ENSG00000297276.1,0.0
ENSG00000297277.1,0.0
ENSG00000297278.1,0.0
ENSG00000297279.1,0.0
ENSG00000297280.1,0.0
ENSG00000297281.1,0.0
ENSG00000297282.1,0.0
ENSG00000297283.1,0.0
ENSG00000297284.1,0.0
ENSG00000297285.1,0.195493
ENSG00000297286.1,0.0
ENSG00000297287.1,0.0
ENSG00000297288.1,0.0
ENSG00000297289.1,0.0
ENSG00000297290.1,0.0
ENSG00000297291.1,0.0
ENSG00000297292.1,0.0
ENSG00000297293.1,0.0
ENSG00000297294.1,0.0
ENSG00000297295.1,0.0
ENSG00000297296.1,0.0
ENSG00000297297.1,0.0
ENSG00000297298.1,0.0
ENSG00000297299.1,0.0
ENSG00000297300.1,0.0
ENSG00000297301.1,0.0
ENSG00000297302.1,0.0
ENSG00000297303.1,0.0
ENSG00000297304.1,0.0
ENSG00000297305.1,0.0
ENSG00000297306.1,0.0
ENSG00000297307.1,0.0
ENSG00000297308.1,0.0
ENSG00000297309.1,0.0
ENSG00000297310.1,0.481637
ENSG00000297311.1,0.0
ENSG00000297312.1,0.0
ENSG00000297313.1,0.0
ENSG00000297314.1,0.0
ENSG00000297315.1,0.0
ENSG00000297316.1,0.0
ENSG00000297317.1,0.0
ENSG00000297318.1,0.0
ENSG00000297319.1,0.0
ENSG00000297320.1,0.0
ENSG00000297321.1,0.0
ENSG00000297322.1,0.0
ENSG00000297323.1,0.0
ENSG00000297324.1,0.0
ENSG00000297325.1,0.0
ENSG00000297326.1,0.0
ENSG00000297327.1,0.0
ENSG00000297328.1,0.0
ENSG00000297329.1,0.0
ENSG00000297330.1,0.0
ENSG00000297331.1,0.0
ENSG00000297332.1,0.0
ENSG00000297333.1,0.0
ENSG00000297334.1,0.0
ENSG00000297335.1,0.0
ENSG00000297336.1,0.0
ENSG00000297337.1,0.0
ENSG00000297338.1,0.0
ENSG00000297339.1,0.0
ENSG00000297340.1,0.0
ENSG00000297341.1,0.0
ENSG00000297342.1,0.0
ENSG00000297343.1,0.494967
ENSG00000297344.1,0.0
ENSG00000297345.1,0.0
ENSG00000297346.1,0.210687
ENSG00000297347.1,0.0
ENSG00000297348.1,0.0
ENSG00000297349.1,0.0
ENSG00000297350.1,0.0
ENSG00000297351.1,0.0
ENSG00000297352.1,0.0
ENSG00000297353.1,0.0
ENSG00000297354.1,0.0
ENSG00000297355.1,0.0
ENSG00000297356.1,0.0
ENSG00000297357.1,0.0
ENSG00000297358.1,0.0
ENSG00000297359.1,0.0
ENSG00000297360.1,0.0
ENSG00000297361.1,0.0
ENSG00000297362.1,0.0
ENSG00000297363.1,0.0
ENSG00000297364.1,0.0
ENSG00000297365.1,0.0
ENSG00000297366.1,0.0
ENSG00000297367.1,1.388474
ENSG00000297368.1,0.0
ENSG00000297369.1,0.0
ENSG00000297370.1,0.0
ENSG00000297371.1,0.0
ENSG00000297372.1,0.0
ENSG00000297373.1,1.106001
ENSG00000297374.1,0.0
ENSG00000297375.1,0.0
ENSG00000297376.1,0.0
ENSG00000297377.1,0.0
ENSG00000297378.1,0.0
ENSG00000297379.1,0.0
ENSG00000297380.1,1.338853
ENSG00000297381.1,0.0
ENSG00000297382.1,0.0
ENSG00000297383.1,3.024493
ENSG00000297384.1,0.0
ENSG00000297385.1,0.0
ENSG00000297386.1,0.0
ENSG00000297387.1,0.0
ENSG00000297388.1,0.973442
ENSG00000297389.1,0.0
ENSG00000297390.1,0.0
ENSG00000297391.1,0.0
ENSG00000297392.1,0.525357
ENSG00000297393.1,0.0
ENSG00000297394.1,0.0
ENSG00000297395.1,0.0
ENSG00000297396.1,0.0
ENSG00000297397.1,0.0
ENSG00000297398.1,0.0
ENSG00000297399.1,0.0
ENSG00000297400.1,0.0
ENSG00000297401.1,0.0
ENSG00000297402.1,0.0
ENSG00000297403.1,0.0
ENSG00000297404.1,0.0
ENSG00000297405.1,0.0
ENSG00000297406.1,0.0
ENSG00000297407.1,0.0
ENSG00000297408.1,0.0
ENSG00000297409.1,0.0
ENSG00000297410.1,0.0
ENSG00000297411.1,0.0
ENSG00000297412.1,0.0
ENSG00000297413.1,0.0
ENSG00000297414.1,0.0
ENSG00000297415.1,0.0
ENSG00000297416.1,0.0
ENSG00000297417.1,0.0
ENSG00000297418.1,0.154144
ENSG00000297419.1,0.0
ENSG00000297420.1,0.0
ENSG00000297421.1,0.0
ENSG00000297422.1,0.0
ENSG00000297423.1,1.615184
ENSG00000297424.1,2.71711
ENSG00000297425.1,0.0
ENSG00000297426.1,0.0
ENSG00000297427.1,0.0
ENSG00000297428.1,0.0
ENSG00000297429.1,0.0
ENSG00000297430.1,0.0
ENSG00000297431.1,0.0
ENSG00000297432.1,0.0
ENSG00000297433.1,0.0
ENSG00000297434.1,0.0
ENSG00000297435.1,0.0
ENSG00000297436.1,0.0
ENSG00000297437.1,0.0
ENSG00000297438.1,0.0
ENSG00000297439.1,0.0
ENSG00000297440.1,0.0
ENSG00000297441.1,0.0
ENSG00000297442.1,0.0
ENSG00000297443.1,0.0
ENSG00000297444.1,0.0
ENSG00000297445.1,0.0
ENSG00000297446.1,0.0
ENSG00000297447.1,0.0
ENSG00000297448.1,0.0
ENSG00000297449.1,0.0
ENSG00000297450.1,0.0
ENSG00000297451.1,5.769252
ENSG00000297452.1,0.0
ENSG00000297453.1,0.0
ENSG00000297454.1,0.0
ENSG00000297455.1,0.0
ENSG00000297456.1,3.144911
ENSG00000297457.1,0.0
ENSG00000297458.1,0.0
ENSG00000297459.1,0.0
ENSG00000297460.1,0.605333
ENSG00000297461.1,0.0
ENSG00000297462.1,0.0
ENSG00000297463.1,0.0
ENSG00000297464.1,0.0
ENSG00000297465.1,0.0
ENSG00000297466.1,0.0
ENSG00000297467.1,0.0
ENSG00000297468.1,0.0
ENSG00000297469.1,0.0
ENSG00000297470.1,0.0
ENSG00000297471.1,0.0
ENSG00000297472.1,0.0
ENSG00000297473.1,0.0
ENSG00000297474.1,0.0
ENSG00000297475.1,0.0
ENSG00000297476.1,0.0
ENSG00000297477.1,0.0
ENSG00000297478.1,0.0
ENSG00000297479.1,0.0
ENSG00000297480.1,0.0
ENSG00000297481.1,0.0
ENSG00000297482.1,0.0
ENSG00000297483.1,0.0
ENSG00000297484.1,0.0
ENSG00000297485.1,0.0
ENSG00000297486.1,0.0
ENSG00000297487.1,0.0
ENSG00000297488.1,0.0
ENSG00000297489.1,0.0
ENSG00000297490.1,0.0
ENSG00000297491.1,0.0
ENSG00000297492.1,0.0
ENSG00000297493.1,0.0
ENSG00000297494.1,0.0
ENSG00000297495.1,0.0
ENSG00000297496.1,0.0
ENSG00000297497.1,0.0
ENSG00000297498.1,0.0
ENSG00000297499.1,0.0
ENSG00000297500.1,0.0
ENSG00000297501.1,0.0
ENSG00000297502.1,0.432064
ENSG00000297504.1,0.0
ENSG00000297505.1,0.0
ENSG00000297506.1,0.0
ENSG00000297507.1,0.0
ENSG00000297508.1,0.0
ENSG00000297509.1,0.0
ENSG00000297510.1,0.0
ENSG00000297511.1,0.0
ENSG00000297512.1,0.0
ENSG00000297513.1,0.0
ENSG00000297514.1,0.0
ENSG00000297515.1,0.0
ENSG00000297516.1,0.0
ENSG00000297517.1,0.0
ENSG00000297518.1,0.0
ENSG00000297519.1,0.0
ENSG00000297520.1,0.0
ENSG00000297521.1,0.0
ENSG00000297522.1,0.0
ENSG00000297523.1,0.0
ENSG00000297524.1,0.0
ENSG00000297525.1,0.0
ENSG00000297526.1,0.0
ENSG00000297527.1,0.0
ENSG00000297528.1,0.0
ENSG00000297529.1,0.0
ENSG00000297530.1,0.0
ENSG00000297531.1,0.0
ENSG00000297532.1,0.0
ENSG00000297533.1,0.0
ENSG00000297534.1,0.0
ENSG00000297535.1,0.0
ENSG00000297536.1,0.0
ENSG00000297537.1,0.0
ENSG00000297538.1,0.0
ENSG00000297539.1,0.0
ENSG00000297540.1,0.0
ENSG00000297541.1,0.0
ENSG00000297542.1,0.0
ENSG00000297543.1,0.0
ENSG00000297544.1,0.0
ENSG00000297545.1,0.0
ENSG00000297546.1,0.0
ENSG00000297547.1,0.0
ENSG00000297548.1,0.0
ENSG00000297549.1,0.0
ENSG00000297550.1,0.0
ENSG00000297551.1,0.0
ENSG00000297552.1,0.0
ENSG00000297553.1,0.0
ENSG00000297555.1,0.0
ENSG00000297556.1,0.0
ENSG00000297557.1,0.0
ENSG00000297558.1,0.0
ENSG00000297559.1,0.0
ENSG00000297560.1,0.0
ENSG00000297561.1,0.0
ENSG00000297562.1,0.0
ENSG00000297563.1,0.0
ENSG00000297564.1,0.0
ENSG00000297565.1,0.944847
ENSG00000297566.1,0.0
ENSG00000297567.1,0.400472
ENSG00000297568.1,0.0
ENSG00000297569.1,1.045181
ENSG00000297570.1,0.0
ENSG00000297571.1,0.0
ENSG00000297572.1,0.0
ENSG00000297573.1,0.0
ENSG00000297574.1,0.0
ENSG00000297575.1,1.614945
ENSG00000297576.1,3.1132050000000002
ENSG00000297577.1,0.0
ENSG00000297579.1,0.0
ENSG00000297580.1,0.0
ENSG00000297581.1,0.0
ENSG00000297582.1,0.0
ENSG00000297583.1,0.0
ENSG00000297584.1,0.0
ENSG00000297585.1,0.0
ENSG00000297586.1,0.0
ENSG00000297587.1,0.0
ENSG00000297588.1,0.0
ENSG00000297589.1,0.0
ENSG00000297590.1,0.0
ENSG00000297591.1,0.147789
ENSG00000297592.1,0.0
ENSG00000297593.1,0.0
ENSG00000297594.1,0.0
ENSG00000297595.1,0.0
ENSG00000297596.1,0.274414
ENSG00000297598.1,0.0
ENSG00000297599.1,0.879428
ENSG00000297600.1,0.0
ENSG00000297601.1,0.0
ENSG00000297602.1,0.0
ENSG00000297603.1,0.0
ENSG00000297604.1,0.0
ENSG00000297605.1,0.0
ENSG00000297606.1,0.0
ENSG00000297607.1,0.0
ENSG00000297608.1,0.0
ENSG00000297609.1,0.0
ENSG00000297610.1,0.0
ENSG00000297611.1,0.0
ENSG00000297612.1,0.0
ENSG00000297613.1,0.0
ENSG00000297614.1,0.0
ENSG00000297615.1,0.0
ENSG00000297616.1,0.0
ENSG00000297617.1,0.223617
ENSG00000297618.1,0.0
ENSG00000297619.1,0.0
ENSG00000297620.1,0.0
ENSG00000297621.1,0.0
ENSG00000297622.1,0.0
ENSG00000297623.1,0.0
ENSG00000297624.1,0.0
ENSG00000297625.1,0.0
ENSG00000297626.1,0.0
ENSG00000297627.1,0.0
ENSG00000297628.1,0.0
ENSG00000297629.1,0.343719
ENSG00000297630.1,0.0
ENSG00000297631.1,0.0
ENSG00000297632.1,0.0
ENSG00000297633.1,0.0
ENSG00000297634.1,0.0
ENSG00000297635.1,0.0
ENSG00000297636.1,0.0
ENSG00000297637.1,0.0
ENSG00000297638.1,0.0
ENSG00000297639.1,0.0
ENSG00000297640.1,0.0
ENSG00000297641.1,0.0
ENSG00000297642.1,0.0
ENSG00000297643.1,0.0
ENSG00000297644.1,0.0
ENSG00000297645.1,0.0
ENSG00000297646.1,0.0
ENSG00000297647.1,0.0
ENSG00000297648.1,0.0
ENSG00000297649.1,25.776359
ENSG00000297650.1,0.0
ENSG00000297651.1,0.0
ENSG00000297652.1,0.21749
ENSG00000297653.1,0.0
ENSG00000297654.1,0.0
ENSG00000297655.1,0.0
ENSG00000297656.1,0.0
ENSG00000297657.1,0.0
ENSG00000297658.1,0.0
ENSG00000297659.1,0.0
ENSG00000297660.1,0.820736
ENSG00000297661.1,0.0
ENSG00000297662.1,0.0
ENSG00000297663.1,0.0
ENSG00000297664.1,0.459193
ENSG00000297665.1,0.0
ENSG00000297666.1,0.0
ENSG00000297667.1,0.0
ENSG00000297668.1,0.0
ENSG00000297669.1,0.0
ENSG00000297670.1,0.0
ENSG00000297671.1,0.0
ENSG00000297672.1,0.0
ENSG00000297673.1,0.0
ENSG00000297674.1,0.0
ENSG00000297675.1,0.0
ENSG00000297676.1,1.184415
ENSG00000297677.1,0.0
ENSG00000297678.1,0.0
ENSG00000297679.1,0.0
ENSG00000297680.1,0.0
ENSG00000297681.1,0.0
ENSG00000297682.1,0.0
ENSG00000297683.1,0.0
ENSG00000297684.1,0.0
ENSG00000297685.1,1.057163
ENSG00000297686.1,1.635723
ENSG00000297687.1,0.0
ENSG00000297688.1,0.0
ENSG00000297689.1,0.792707
ENSG00000297690.1,0.0
ENSG00000297691.1,0.0
ENSG00000297692.1,0.0
ENSG00000297693.1,0.0
ENSG00000297694.1,0.0
ENSG00000297695.1,0.0
ENSG00000297696.1,0.0
ENSG00000297697.1,0.0
ENSG00000297698.1,0.0
ENSG00000297699.1,0.0
ENSG00000297700.1,0.0
ENSG00000297701.1,0.0
ENSG00000297702.1,0.0
ENSG00000297703.1,0.0
ENSG00000297704.1,0.0
ENSG00000297705.1,0.0
ENSG00000297706.1,0.0
ENSG00000297707.1,0.0
ENSG00000297708.1,0.0
ENSG00000297709.1,0.0
ENSG00000297710.1,0.0
ENSG00000297711.1,0.0
ENSG00000297712.1,0.0
ENSG00000297713.1,0.0
ENSG00000297714.1,0.0
ENSG00000297715.1,0.0
ENSG00000297716.1,0.0
ENSG00000297717.1,0.0
ENSG00000297718.1,0.0
ENSG00000297719.1,0.0
ENSG00000297720.1,0.0
ENSG00000297721.1,0.0
ENSG00000297722.1,0.0
ENSG00000297723.1,0.0
ENSG00000297724.1,0.0
ENSG00000297725.1,0.0
ENSG00000297726.1,0.0
ENSG00000297727.1,0.0
ENSG00000297728.1,0.0
ENSG00000297729.1,0.0
ENSG00000297730.1,0.0
ENSG00000297731.1,0.0
ENSG00000297732.1,1.088975
ENSG00000297733.1,0.0
ENSG00000297734.1,0.0
ENSG00000297735.1,0.0
ENSG00000297736.1,0.0
ENSG00000297737.1,0.0
ENSG00000297738.1,0.0
ENSG00000297739.1,0.0
ENSG00000297740.1,0.0
ENSG00000297741.1,0.0
ENSG00000297742.1,0.0
ENSG00000297743.1,0.506231
ENSG00000297744.1,0.0
ENSG00000297745.1,0.0
ENSG00000297746.1,0.0
ENSG00000297747.1,0.0
ENSG00000297748.1,0.0
ENSG00000297749.1,0.0
ENSG00000297750.1,0.0
ENSG00000297751.1,0.0
ENSG00000297752.1,0.0
ENSG00000297753.1,0.0
ENSG00000297754.1,0.0
ENSG00000297755.1,0.0
ENSG00000297756.1,0.0
ENSG00000297757.1,0.0
ENSG00000297758.1,0.0
ENSG00000297759.1,0.0
ENSG00000297760.1,0.0
ENSG00000297761.1,0.0
ENSG00000297762.1,0.0
ENSG00000297763.1,0.0
ENSG00000297764.1,0.0
ENSG00000297765.1,0.0
ENSG00000297766.1,0.0
ENSG00000297767.1,0.0
ENSG00000297768.1,0.0
ENSG00000297769.1,0.0
ENSG00000297770.1,0.0
ENSG00000297771.1,0.0
ENSG00000297772.1,0.0
ENSG00000297773.1,0.0
ENSG00000297774.1,0.0
ENSG00000297775.1,0.0
ENSG00000297776.1,0.0
ENSG00000297777.1,0.0
ENSG00000297778.1,0.0
ENSG00000297779.1,0.0
ENSG00000297780.1,0.0
ENSG00000297781.1,0.0
ENSG00000297782.1,0.0
ENSG00000297783.1,0.28136
ENSG00000297784.1,0.0
ENSG00000297785.1,0.0
ENSG00000297786.1,0.0
ENSG00000297787.1,0.0
ENSG00000297788.1,0.0
ENSG00000297789.1,0.0
ENSG00000297790.1,0.0
ENSG00000297791.1,0.0
ENSG00000297792.1,0.0
ENSG00000297793.1,0.0
ENSG00000297794.1,0.0
ENSG00000297795.1,0.0
ENSG00000297796.1,0.0
ENSG00000297797.1,0.0
ENSG00000297798.1,0.0
ENSG00000297799.1,0.0
ENSG00000297800.1,0.0
ENSG00000297801.1,0.0
ENSG00000297802.1,0.0
ENSG00000297803.1,0.0
ENSG00000297804.1,0.0
ENSG00000297805.1,0.999326
ENSG00000297806.1,0.0
ENSG00000297807.1,0.0
ENSG00000297808.1,0.0
ENSG00000297809.1,0.0
ENSG00000297810.1,0.0
ENSG00000297811.1,0.0
ENSG00000297812.1,0.0
ENSG00000297813.1,0.575836
ENSG00000297814.1,0.0
ENSG00000297815.1,0.0
ENSG00000297816.1,0.0
ENSG00000297817.1,0.0
ENSG00000297818.1,0.0
ENSG00000297819.1,0.0
ENSG00000297820.1,0.0
ENSG00000297821.1,0.0
ENSG00000297822.1,0.0
ENSG00000297823.1,0.0
ENSG00000297824.1,0.0
ENSG00000297825.1,0.0
ENSG00000297826.1,0.0
ENSG00000297827.1,0.0
ENSG00000297828.1,0.0
ENSG00000297829.1,0.0
ENSG00000297830.1,0.0
ENSG00000297831.1,0.631011
ENSG00000297832.1,0.0
ENSG00000297833.1,0.805296
ENSG00000297834.1,0.0
ENSG00000297835.1,0.0
ENSG00000297836.1,0.0
ENSG00000297837.1,0.0
ENSG00000297838.1,0.0
ENSG00000297839.1,0.0
ENSG00000297840.1,1.826099
ENSG00000297841.1,0.0
ENSG00000297842.1,0.0
ENSG00000297843.1,0.0
ENSG00000297844.1,0.0
ENSG00000297845.1,0.0
ENSG00000297846.1,0.0
ENSG00000297847.1,0.312616
ENSG00000297848.1,0.675609
ENSG00000297849.1,0.0
ENSG00000297850.1,0.0
ENSG00000297851.1,0.0
ENSG00000297852.1,0.0
ENSG00000297853.1,0.0
ENSG00000297854.1,0.0
ENSG00000297856.1,0.0
ENSG00000297857.1,0.0
ENSG00000297858.1,0.0
ENSG00000297859.1,0.0
ENSG00000297860.1,0.0
ENSG00000297861.1,0.0
ENSG00000297862.1,0.232749
ENSG00000297863.1,0.0
ENSG00000297865.1,0.783281
ENSG00000297866.1,0.0
ENSG00000297867.1,0.0
ENSG00000297868.1,0.0
ENSG00000297869.1,0.0
ENSG00000297870.1,0.0
ENSG00000297871.1,0.0
ENSG00000297872.1,0.0
ENSG00000297873.1,0.0
ENSG00000297874.1,0.0
ENSG00000297875.1,0.0
ENSG00000297876.1,0.0
ENSG00000297877.1,0.0
ENSG00000297878.1,0.0
ENSG00000297879.1,0.0
ENSG00000297880.1,0.0
ENSG00000297881.1,0.0
ENSG00000297882.1,0.0
ENSG00000297883.1,0.0
ENSG00000297884.1,0.0
ENSG00000297885.1,0.087821
ENSG00000297886.1,0.0
ENSG00000297887.1,0.0
ENSG00000297888.1,0.0
ENSG00000297889.1,0.0
ENSG00000297890.1,0.0
ENSG00000297891.1,0.0
ENSG00000297892.1,0.0
ENSG00000297893.1,0.0
ENSG00000297894.1,0.0
ENSG00000297895.1,0.0
ENSG00000297896.1,0.0
ENSG00000297897.1,0.0
ENSG00000297898.1,0.0
ENSG00000297899.1,0.0
ENSG00000297900.1,0.0
ENSG00000297901.1,0.0
ENSG00000297902.1,0.0
ENSG00000297903.1,0.0
ENSG00000297904.1,0.0
ENSG00000297905.1,0.0
ENSG00000297906.1,0.0
ENSG00000297907.1,0.0
ENSG00000297908.1,0.0
ENSG00000297909.1,0.0
ENSG00000297910.1,0.0
ENSG00000297911.1,0.0
ENSG00000297912.1,0.0
ENSG00000297913.1,0.0
ENSG00000297914.1,0.0
ENSG00000297915.1,0.0
ENSG00000297916.1,0.0
ENSG00000297917.1,0.0
ENSG00000297918.1,0.0
ENSG00000297919.1,0.0
ENSG00000297920.1,0.0
ENSG00000297921.1,0.0
ENSG00000297922.1,0.0
ENSG00000297923.1,0.0
ENSG00000297924.1,0.0
ENSG00000297925.1,0.0
ENSG00000297926.1,0.0
ENSG00000297927.1,0.0
ENSG00000297928.1,0.0
ENSG00000297929.1,0.0
ENSG00000297930.1,1.556512
ENSG00000297931.1,0.0
ENSG00000297932.1,0.0
ENSG00000297933.1,0.0
ENSG00000297934.1,0.0
ENSG00000297935.1,0.65955
ENSG00000297936.1,0.0
ENSG00000297937.1,0.0
ENSG00000297938.1,0.0
ENSG00000297939.1,0.0
ENSG00000297940.1,0.0
ENSG00000297941.1,0.0
ENSG00000297942.1,0.0
ENSG00000297943.1,0.0
ENSG00000297944.1,1.132075
ENSG00000297945.1,0.0
ENSG00000297946.1,0.0
ENSG00000297947.1,0.0
ENSG00000297948.1,0.0
ENSG00000297950.1,0.0
ENSG00000297951.1,0.0
ENSG00000297952.1,0.0
ENSG00000297953.1,0.0
ENSG00000297954.1,0.0
ENSG00000297955.1,0.0
ENSG00000297956.1,0.0
ENSG00000297957.1,0.0
ENSG00000297958.1,0.0
ENSG00000297959.1,0.0
ENSG00000297960.1,0.0
ENSG00000297962.1,0.0
ENSG00000297963.1,0.0
ENSG00000297964.1,0.0
ENSG00000297965.1,0.0
ENSG00000297966.1,0.0
ENSG00000297967.1,0.0
ENSG00000297968.1,0.0
ENSG00000297969.1,0.0
ENSG00000297970.1,0.0
ENSG00000297971.1,0.0
ENSG00000297972.1,0.0
ENSG00000297973.1,0.0
ENSG00000297974.1,0.0
ENSG00000297975.1,0.0
ENSG00000297976.1,0.0
ENSG00000297977.1,0.0
ENSG00000297978.1,0.0
ENSG00000297979.1,0.0
ENSG00000297980.1,0.0
ENSG00000297981.1,0.0
ENSG00000297982.1,0.0
ENSG00000297983.1,0.0
ENSG00000297984.1,0.0
ENSG00000297985.1,0.0
ENSG00000297986.1,0.0
ENSG00000297987.1,0.0
ENSG00000297988.1,0.0
ENSG00000297989.1,0.0
ENSG00000297990.1,0.0
ENSG00000297991.1,0.0
ENSG00000297992.1,0.0
ENSG00000297993.1,0.0
ENSG00000297994.1,0.0
ENSG00000297995.1,0.0
ENSG00000297996.1,0.0
ENSG00000297997.1,0.0
ENSG00000297998.1,0.0
ENSG00000297999.1,0.0
ENSG00000298000.1,0.401581
ENSG00000298001.1,0.0
ENSG00000298002.1,0.0
ENSG00000298003.1,0.0
ENSG00000298004.1,0.0
ENSG00000298005.1,0.0
ENSG00000298006.1,0.0
ENSG00000298007.1,0.0
ENSG00000298008.1,0.0
ENSG00000298009.1,0.0
ENSG00000298010.1,0.0
ENSG00000298011.1,0.0
ENSG00000298012.1,0.309138
ENSG00000298013.1,0.0
ENSG00000298014.1,0.0
ENSG00000298015.1,0.0
ENSG00000298016.1,0.0
ENSG00000298017.1,0.291317
ENSG00000298018.1,0.0
ENSG00000298019.1,0.0
ENSG00000298020.1,0.0
ENSG00000298021.1,3.511876
ENSG00000298022.1,0.0
ENSG00000298023.1,0.0
ENSG00000298024.1,0.0
ENSG00000298025.1,0.0
ENSG00000298026.1,0.0
ENSG00000298027.1,0.0
ENSG00000298028.1,0.0
ENSG00000298029.1,0.0
ENSG00000298030.1,0.0
ENSG00000298031.1,0.0
ENSG00000298032.1,0.0
ENSG00000298033.1,0.0
ENSG00000298034.1,0.0
ENSG00000298035.1,0.0
ENSG00000298036.1,0.0
ENSG00000298037.1,0.0
ENSG00000298038.1,0.0
ENSG00000298039.1,0.0
ENSG00000298040.1,0.0
ENSG00000298041.1,0.0
ENSG00000298042.1,0.0
ENSG00000298043.1,0.0
ENSG00000298044.1,0.0
ENSG00000298045.1,0.0
ENSG00000298046.1,0.0
ENSG00000298047.1,0.0
ENSG00000298048.1,0.0
ENSG00000298049.1,0.0
ENSG00000298050.1,0.0
ENSG00000298051.1,0.0
ENSG00000298052.1,0.0
ENSG00000298053.1,0.0
ENSG00000298054.1,1.579798
ENSG00000298055.1,0.290936
ENSG00000298056.1,0.0
ENSG00000298057.1,0.0
ENSG00000298058.1,0.0
ENSG00000298059.1,0.0
ENSG00000298060.1,0.0
ENSG00000298061.1,0.0
ENSG00000298062.1,0.0
ENSG00000298063.1,0.0
ENSG00000298064.1,0.0
ENSG00000298065.1,0.0
ENSG00000298066.1,0.0
ENSG00000298067.1,0.0
ENSG00000298068.1,0.0
ENSG00000298069.1,0.0
ENSG00000298070.1,0.0
ENSG00000298071.1,0.0
ENSG00000298072.1,0.0
ENSG00000298073.1,0.0
ENSG00000298074.1,1.246644
ENSG00000298075.1,0.0
ENSG00000298076.1,0.0
ENSG00000298077.1,0.0
ENSG00000298078.1,0.0
ENSG00000298079.1,0.0
ENSG00000298080.1,0.0
ENSG00000298081.1,0.0
ENSG00000298082.1,0.0
ENSG00000298083.1,0.0
ENSG00000298084.1,0.0
ENSG00000298085.1,0.0
ENSG00000298086.1,0.0
ENSG00000298087.1,0.0
ENSG00000298088.1,0.0
ENSG00000298089.1,2.191101
ENSG00000298090.1,0.0
ENSG00000298091.1,0.0
ENSG00000298092.1,0.0
ENSG00000298093.1,0.0
ENSG00000298094.1,0.0
ENSG00000298095.1,0.0
ENSG00000298096.1,0.0
ENSG00000298097.1,0.0
ENSG00000298098.1,0.0
ENSG00000298099.1,0.0
ENSG00000298100.1,0.0
ENSG00000298101.1,0.0
ENSG00000298102.1,0.0
ENSG00000298103.1,0.0
ENSG00000298104.1,1.120062
ENSG00000298105.1,0.0
ENSG00000298106.1,0.0
ENSG00000298107.1,0.0
ENSG00000298108.1,0.0
ENSG00000298109.1,0.0
ENSG00000298110.1,0.0
ENSG00000298111.1,0.0
ENSG00000298112.1,0.0
ENSG00000298113.1,0.0
ENSG00000298114.1,0.0
ENSG00000298115.1,0.0
ENSG00000298116.1,0.0
ENSG00000298117.1,0.0
ENSG00000298118.1,0.0
ENSG00000298119.1,0.0
ENSG00000298120.1,0.0
ENSG00000298121.1,0.0
ENSG00000298122.1,0.0
ENSG00000298123.1,0.0
ENSG00000298124.1,0.0
ENSG00000298125.1,0.0
ENSG00000298126.1,0.0
ENSG00000298127.1,0.0
ENSG00000298128.1,0.0
ENSG00000298129.1,0.0
ENSG00000298130.1,0.0
ENSG00000298131.1,0.0
ENSG00000298132.1,0.0
ENSG00000298133.1,0.0
ENSG00000298134.1,0.0
ENSG00000298135.1,0.0
ENSG00000298136.1,0.446874
ENSG00000298137.1,0.0
ENSG00000298138.1,0.0
ENSG00000298139.1,0.0
ENSG00000298140.1,0.0
ENSG00000298141.1,0.0
ENSG00000298142.1,0.0
ENSG00000298143.1,0.0
ENSG00000298144.1,0.0
ENSG00000298145.1,0.0
ENSG00000298146.1,0.0
ENSG00000298147.1,0.0
ENSG00000298148.1,0.0
ENSG00000298149.1,0.0
ENSG00000298150.1,0.0
ENSG00000298151.1,0.0
ENSG00000298152.1,0.0
ENSG00000298153.1,0.0
ENSG00000298154.1,0.0
ENSG00000298155.1,0.0
ENSG00000298156.1,0.0
ENSG00000298157.1,0.0
ENSG00000298158.1,0.0
ENSG00000298159.1,0.0
ENSG00000298160.1,0.0
ENSG00000298161.1,0.0
ENSG00000298162.1,0.0
ENSG00000298163.1,0.0
ENSG00000298164.1,0.0
ENSG00000298165.1,0.0
ENSG00000298166.1,0.0
ENSG00000298167.1,0.0
ENSG00000298168.1,0.0
ENSG00000298169.1,0.243066
ENSG00000298170.1,0.0
ENSG00000298171.1,0.443622
ENSG00000298172.1,0.0
ENSG00000298173.1,0.0
ENSG00000298174.1,0.0
ENSG00000298175.1,0.0
ENSG00000298176.1,0.0
ENSG00000298177.1,0.0
ENSG00000298178.1,0.0
ENSG00000298179.1,0.0
ENSG00000298180.1,0.0
ENSG00000298181.1,0.0
ENSG00000298182.1,0.0
ENSG00000298183.1,0.0
ENSG00000298184.1,0.0
ENSG00000298185.1,0.0
ENSG00000298186.1,0.0
ENSG00000298187.1,0.0
ENSG00000298188.1,0.0
ENSG00000298189.1,0.0
ENSG00000298190.1,0.0
ENSG00000298191.1,0.0
ENSG00000298192.1,0.0
ENSG00000298193.1,0.0
ENSG00000298194.1,0.0
ENSG00000298195.1,0.0
ENSG00000298196.1,0.0
ENSG00000298197.1,0.0
ENSG00000298198.1,0.0
ENSG00000298199.1,0.194297
ENSG00000298200.1,0.0
ENSG00000298201.1,0.0
ENSG00000298202.1,0.0
ENSG00000298203.1,0.0
ENSG00000298204.1,0.0
ENSG00000298205.1,0.0
ENSG00000298206.1,0.0
ENSG00000298207.1,0.0
ENSG00000298208.1,0.0
ENSG00000298209.1,0.0
ENSG00000298210.1,0.0
ENSG00000298211.1,0.0
ENSG00000298212.1,0.0
ENSG00000298213.1,0.0
ENSG00000298214.1,0.0
ENSG00000298215.1,0.0
ENSG00000298216.1,0.0
ENSG00000298217.1,0.0
ENSG00000298218.1,0.0
ENSG00000298219.1,0.676898
ENSG00000298220.1,0.0
ENSG00000298221.1,0.0
ENSG00000298222.1,0.0
ENSG00000298223.1,0.0
ENSG00000298224.1,0.0
ENSG00000298225.1,0.0
ENSG00000298226.1,0.0
ENSG00000298227.1,1.930963
ENSG00000298228.1,0.0
ENSG00000298229.1,0.0
ENSG00000298230.1,0.0
ENSG00000298231.1,0.0
ENSG00000298232.1,0.0
ENSG00000298233.1,0.0
ENSG00000298234.1,0.0
ENSG00000298235.1,0.0
ENSG00000298236.1,0.0
ENSG00000298237.1,0.0
ENSG00000298238.1,0.0
ENSG00000298239.1,0.0
ENSG00000298240.1,0.0
ENSG00000298241.1,0.0
ENSG00000298242.1,0.0
ENSG00000298243.1,0.0
ENSG00000298244.1,0.0
ENSG00000298245.1,0.0
ENSG00000298246.1,0.0
ENSG00000298247.1,0.0
ENSG00000298248.1,0.0
ENSG00000298249.1,0.0
ENSG00000298250.1,0.0
ENSG00000298251.1,0.0
ENSG00000298252.1,0.0
ENSG00000298253.1,0.0
ENSG00000298254.1,0.0
ENSG00000298255.1,0.0
ENSG00000298256.1,0.0
ENSG00000298257.1,0.0
ENSG00000298258.1,0.89119
ENSG00000298259.1,0.353927
ENSG00000298260.1,0.0
ENSG00000298261.1,3.299946
ENSG00000298262.1,0.0
ENSG00000298263.1,0.0
ENSG00000298264.1,0.0
ENSG00000298265.1,0.0
ENSG00000298266.1,0.417783
ENSG00000298267.1,0.0
ENSG00000298268.1,0.0
ENSG00000298269.1,0.0
ENSG00000298270.1,0.0
ENSG00000298271.1,0.0
ENSG00000298272.1,0.0
ENSG00000298273.1,0.0
ENSG00000298274.1,0.0
ENSG00000298275.1,0.0
ENSG00000298276.1,0.0
ENSG00000298277.1,0.0
ENSG00000298278.1,0.0
ENSG00000298279.1,0.0
ENSG00000298280.1,0.0
ENSG00000298281.1,0.351132
ENSG00000298282.1,0.0
ENSG00000298283.1,0.0
ENSG00000298284.1,0.0
ENSG00000298285.1,0.0
ENSG00000298286.1,0.0
ENSG00000298287.1,0.0
ENSG00000298288.1,0.0
ENSG00000298289.1,0.0
ENSG00000298290.1,0.0
ENSG00000298291.1,0.468867
ENSG00000298292.1,0.0
ENSG00000298293.1,0.0
ENSG00000298294.1,0.0
ENSG00000298295.1,0.0
ENSG00000298296.1,0.0
ENSG00000298297.1,0.287918
ENSG00000298298.1,0.0
ENSG00000298299.1,0.0
ENSG00000298300.1,0.0
ENSG00000298301.1,0.0
ENSG00000298302.1,0.0
ENSG00000298303.1,0.0
ENSG00000298304.1,0.0
ENSG00000298305.1,0.0
ENSG00000298306.1,0.0
ENSG00000298307.1,0.0
ENSG00000298308.1,0.0
ENSG00000298309.1,0.0
ENSG00000298310.1,0.0
ENSG00000298311.1,0.0
ENSG00000298312.1,0.0
ENSG00000298313.1,0.0
ENSG00000298314.1,0.0
ENSG00000298315.1,0.0
ENSG00000298316.1,0.0
ENSG00000298317.1,0.0
ENSG00000298318.1,0.0
ENSG00000298319.1,0.0
ENSG00000298320.1,0.0
ENSG00000298321.1,0.0
ENSG00000298322.1,0.0
ENSG00000298323.1,0.0
ENSG00000298324.1,1.109922
ENSG00000298325.1,0.0
ENSG00000298326.1,0.0
ENSG00000298327.1,0.0
ENSG00000298328.1,0.0
ENSG00000298329.1,0.0
ENSG00000298330.1,0.0
ENSG00000298331.1,0.0
ENSG00000298332.1,0.0
ENSG00000298333.1,0.0
ENSG00000298334.1,0.0
ENSG00000298335.1,0.0
ENSG00000298336.1,5.63379
ENSG00000298337.1,0.0
ENSG00000298338.1,0.0
ENSG00000298339.1,0.357915
ENSG00000298340.1,0.0
ENSG00000298341.1,0.0
ENSG00000298342.1,0.0
ENSG00000298343.1,0.0
ENSG00000298344.1,0.0
ENSG00000298345.1,0.0
ENSG00000298346.1,0.0
ENSG00000298347.1,0.0
ENSG00000298348.1,0.0
ENSG00000298349.1,0.0
ENSG00000298350.1,0.0
ENSG00000298351.1,0.0
ENSG00000298352.1,0.0
ENSG00000298354.1,0.0
ENSG00000298355.1,0.0
ENSG00000298356.1,0.0
ENSG00000298357.1,0.0
ENSG00000298358.1,0.0
ENSG00000298359.1,0.0
ENSG00000298360.1,0.0
ENSG00000298361.1,0.0
ENSG00000298362.1,0.0
ENSG00000298363.1,0.0
ENSG00000298364.1,0.0
ENSG00000298365.1,0.0
ENSG00000298366.1,0.0
ENSG00000298367.1,2.145592
ENSG00000298368.1,0.0
ENSG00000298369.1,0.0
ENSG00000298370.1,0.0
ENSG00000298371.1,0.0
ENSG00000298372.1,0.0
ENSG00000298373.1,0.0
ENSG00000298374.1,0.0
ENSG00000298375.1,0.0
ENSG00000298376.1,3.305659
ENSG00000298377.1,0.0
ENSG00000298378.1,0.0
ENSG00000298379.1,0.0
ENSG00000298380.1,0.0
ENSG00000298381.1,0.0
ENSG00000298382.1,0.0
ENSG00000298383.1,0.0
ENSG00000298384.1,0.0
ENSG00000298385.1,0.0
ENSG00000298386.1,0.0
ENSG00000298387.1,0.0
ENSG00000298388.1,0.0
ENSG00000298389.1,0.0
ENSG00000298390.1,0.0
ENSG00000298391.1,0.0
ENSG00000298392.1,0.0
ENSG00000298393.1,0.0
ENSG00000298394.1,0.0
ENSG00000298395.1,0.0
ENSG00000298396.1,0.0
ENSG00000298397.1,0.0
ENSG00000298398.1,0.0
ENSG00000298399.1,0.0
ENSG00000298400.1,0.0
ENSG00000298401.1,0.0
ENSG00000298402.1,0.0
ENSG00000298403.1,0.0
ENSG00000298404.1,0.0
ENSG00000298405.1,0.0
ENSG00000298406.1,0.0
ENSG00000298407.1,0.0
ENSG00000298408.1,0.0
ENSG00000298409.1,0.0
ENSG00000298410.1,0.0
ENSG00000298411.1,0.0
ENSG00000298412.1,0.0
ENSG00000298413.1,0.0
ENSG00000298414.1,1.535738
ENSG00000298415.1,0.0
ENSG00000298416.1,0.0
ENSG00000298417.1,0.0
ENSG00000298418.1,0.0
ENSG00000298419.1,0.0
ENSG00000298420.1,0.0
ENSG00000298421.1,0.0
ENSG00000298422.1,0.0
ENSG00000298423.1,0.0
ENSG00000298424.1,0.0
ENSG00000298425.1,0.0
ENSG00000298426.1,0.0
ENSG00000298427.1,0.0
ENSG00000298428.1,0.0
ENSG00000298429.1,0.0
ENSG00000298430.1,0.0
ENSG00000298431.1,0.0
ENSG00000298432.1,0.0
ENSG00000298433.1,0.0
ENSG00000298434.1,0.0
ENSG00000298435.1,0.0
ENSG00000298436.1,0.0
ENSG00000298437.1,0.0
ENSG00000298438.1,0.312339
ENSG00000298439.1,0.0
ENSG00000298440.1,0.0
ENSG00000298441.1,0.0
ENSG00000298442.1,1.995459
ENSG00000298443.1,0.0
ENSG00000298444.1,0.0
ENSG00000298445.1,0.0
ENSG00000298446.1,0.0
ENSG00000298447.1,0.0
ENSG00000298448.1,0.0
ENSG00000298449.1,0.0
ENSG00000298450.1,0.0
ENSG00000298451.1,0.0
ENSG00000298452.1,0.0
ENSG00000298453.1,0.0
ENSG00000298454.1,0.0
ENSG00000298455.1,0.0
ENSG00000298456.1,0.0
ENSG00000298457.1,0.0
ENSG00000298458.1,0.0
ENSG00000298459.1,0.0
ENSG00000298461.1,0.0
ENSG00000298462.1,0.0
ENSG00000298463.1,0.0
ENSG00000298464.1,0.0
ENSG00000298465.1,0.0
ENSG00000298466.1,0.0
ENSG00000298467.1,0.0
ENSG00000298468.1,0.0
ENSG00000298469.1,0.0
ENSG00000298470.1,0.529103
ENSG00000298471.1,0.0
ENSG00000298472.1,0.0
ENSG00000298473.1,0.0
ENSG00000298474.1,0.0
ENSG00000298475.1,0.0
ENSG00000298476.1,0.0
ENSG00000298477.1,0.0
ENSG00000298478.1,0.0
ENSG00000298479.1,0.0
ENSG00000298480.1,0.0
ENSG00000298481.1,0.0
ENSG00000298482.1,0.0
ENSG00000298483.1,0.0
ENSG00000298484.1,0.0
ENSG00000298485.1,17.773912
ENSG00000298486.1,0.0
ENSG00000298487.1,0.0
ENSG00000298488.1,0.0
ENSG00000298489.1,0.0
ENSG00000298490.1,0.0
ENSG00000298491.1,0.0
ENSG00000298492.1,0.0
ENSG00000298493.1,0.0
ENSG00000298494.1,0.0
ENSG00000298495.1,0.0
ENSG00000298496.1,0.0
ENSG00000298497.1,0.0
ENSG00000298498.1,0.0
ENSG00000298499.1,0.0
ENSG00000298500.1,0.0
ENSG00000298501.1,0.0
ENSG00000298502.1,0.142942
ENSG00000298503.1,0.0
ENSG00000298504.1,0.0
ENSG00000298505.1,0.0
ENSG00000298506.1,0.0
ENSG00000298507.1,0.0
ENSG00000298508.1,0.0
ENSG00000298509.1,0.0
ENSG00000298510.1,7.642392
ENSG00000298511.1,0.0
ENSG00000298512.1,0.0
ENSG00000298513.1,0.0
ENSG00000298514.1,0.0
ENSG00000298515.1,0.0
ENSG00000298516.1,0.0
ENSG00000298517.1,0.0
ENSG00000298518.1,0.0
ENSG00000298519.1,0.0
ENSG00000298520.1,0.0
ENSG00000298521.1,0.0
ENSG00000298522.1,0.0
ENSG00000298523.1,0.0
ENSG00000298524.1,3.680376
ENSG00000298525.1,0.0
ENSG00000298526.1,0.0
ENSG00000298527.1,0.0
ENSG00000298528.1,0.0
ENSG00000298530.1,0.0
ENSG00000298531.1,0.0
ENSG00000298532.1,0.0
ENSG00000298533.1,0.0
ENSG00000298534.1,0.0
ENSG00000298535.1,0.0
ENSG00000298536.1,0.0
ENSG00000298537.1,0.0
ENSG00000298538.1,0.0
ENSG00000298539.1,0.453573
ENSG00000298540.1,0.0
ENSG00000298541.1,0.0
ENSG00000298542.1,0.0
ENSG00000298543.1,0.0
ENSG00000298544.1,0.0
ENSG00000298545.1,0.0
ENSG00000298546.1,0.0
ENSG00000298547.1,0.0
ENSG00000298548.1,0.0
ENSG00000298549.1,0.0
ENSG00000298550.1,0.0
ENSG00000298551.1,0.0
ENSG00000298552.1,0.0
ENSG00000298553.1,1.190456
ENSG00000298554.1,0.0
ENSG00000298555.1,0.0
ENSG00000298556.1,0.0
ENSG00000298557.1,0.0
ENSG00000298558.1,0.0
ENSG00000298559.1,0.0
ENSG00000298560.1,0.0
ENSG00000298561.1,1.20846
ENSG00000298562.1,0.0
ENSG00000298563.1,0.0
ENSG00000298564.1,0.0
ENSG00000298565.1,0.0
ENSG00000298566.1,0.0
ENSG00000298567.1,0.0
ENSG00000298568.1,0.0
ENSG00000298569.1,0.0
ENSG00000298570.1,0.0
ENSG00000298571.1,0.0
ENSG00000298572.1,0.0
ENSG00000298573.1,0.0
ENSG00000298574.1,0.0
ENSG00000298575.1,0.0
ENSG00000298576.1,0.0
ENSG00000298577.1,0.0
ENSG00000298578.1,0.0
ENSG00000298579.1,0.0
ENSG00000298580.1,0.0
ENSG00000298581.1,0.0
ENSG00000298582.1,0.0
ENSG00000298583.1,0.0
ENSG00000298584.1,0.0
ENSG00000298585.1,1.113809
ENSG00000298586.1,0.0
ENSG00000298587.1,0.0
ENSG00000298588.1,0.0
ENSG00000298589.1,0.0
ENSG00000298590.1,0.0
ENSG00000298591.1,0.0
ENSG00000298592.1,0.0
ENSG00000298593.1,0.0
ENSG00000298594.1,0.0
ENSG00000298595.1,0.0
ENSG00000298596.1,0.0
ENSG00000298597.1,0.0
ENSG00000298598.1,0.0
ENSG00000298599.1,0.0
ENSG00000298600.1,0.512454
ENSG00000298601.1,0.0
ENSG00000298602.1,0.0
ENSG00000298603.1,0.0
ENSG00000298604.1,0.0
ENSG00000298605.1,0.0
ENSG00000298606.1,0.0
ENSG00000298607.1,0.0
ENSG00000298608.1,0.0
ENSG00000298609.1,0.0
ENSG00000298610.1,0.0
ENSG00000298611.1,0.0
ENSG00000298612.1,0.0
ENSG00000298613.1,0.0
ENSG00000298614.1,0.0
ENSG00000298615.1,0.0
ENSG00000298616.1,1.328214
ENSG00000298617.1,0.0
ENSG00000298618.1,0.0
ENSG00000298619.1,0.0
ENSG00000298620.1,0.0
ENSG00000298621.1,0.0
ENSG00000298622.1,0.0
ENSG00000298623.1,0.0
ENSG00000298624.1,0.194807
ENSG00000298625.1,0.0
ENSG00000298626.1,0.0
ENSG00000298627.1,0.0
ENSG00000298628.1,0.0
ENSG00000298629.1,0.0
ENSG00000298630.1,0.0
ENSG00000298631.1,0.0
ENSG00000298632.1,0.0
ENSG00000298633.1,0.0
ENSG00000298634.1,1.395033
ENSG00000298635.1,0.0
ENSG00000298636.1,0.0
ENSG00000298637.1,0.0
ENSG00000298638.1,0.0
ENSG00000298639.1,0.0
ENSG00000298640.1,0.0
ENSG00000298641.1,0.0
ENSG00000298642.1,0.0
ENSG00000298643.1,0.0
ENSG00000298644.1,0.0
ENSG00000298645.1,0.0
ENSG00000298646.1,0.0
ENSG00000298647.1,0.0
ENSG00000298648.1,0.0
ENSG00000298649.1,0.0
ENSG00000298650.1,0.0
ENSG00000298651.1,0.0
ENSG00000298652.1,0.0
ENSG00000298653.1,0.0
ENSG00000298654.1,0.0
ENSG00000298655.1,0.0
ENSG00000298656.1,0.0
ENSG00000298657.1,0.0
ENSG00000298658.1,0.0
ENSG00000298659.1,0.0
ENSG00000298660.1,0.0
ENSG00000298661.1,0.0
ENSG00000298662.1,0.0
ENSG00000298663.1,0.0
ENSG00000298664.1,0.0
ENSG00000298665.1,0.0
ENSG00000298666.1,0.0
ENSG00000298667.1,0.0
ENSG00000298668.1,0.0
ENSG00000298669.1,1.654735
ENSG00000298670.1,0.0
ENSG00000298671.1,0.0
ENSG00000298672.1,0.0
ENSG00000298673.1,0.0
ENSG00000298674.1,0.0
ENSG00000298675.1,0.0
ENSG00000298676.1,0.0
ENSG00000298677.1,0.0
ENSG00000298678.1,0.539285
ENSG00000298679.1,0.0
ENSG00000298680.1,0.0
ENSG00000298681.1,0.504026
ENSG00000298682.1,0.0
ENSG00000298683.1,0.0
ENSG00000298684.1,0.0
ENSG00000298685.1,0.0
ENSG00000298686.1,0.0
ENSG00000298687.1,0.0
ENSG00000298688.1,0.0
ENSG00000298689.1,0.0
ENSG00000298690.1,0.0
ENSG00000298691.1,0.0
ENSG00000298692.1,0.0
ENSG00000298693.1,0.0
ENSG00000298694.1,0.0
ENSG00000298695.1,0.0
ENSG00000298696.1,0.0
ENSG00000298697.1,0.0
ENSG00000298698.1,0.0
ENSG00000298699.1,0.0
ENSG00000298700.1,0.0
ENSG00000298701.1,0.0
ENSG00000298702.1,0.0
ENSG00000298703.1,0.0
ENSG00000298704.1,0.0
ENSG00000298705.1,0.0
ENSG00000298706.1,0.0
ENSG00000298707.1,0.0
ENSG00000298708.1,0.0
ENSG00000298709.1,0.729045
ENSG00000298710.1,2.147032
ENSG00000298711.1,0.0
ENSG00000298712.1,0.0
ENSG00000298713.1,0.0
ENSG00000298714.1,0.0
ENSG00000298715.1,0.0
ENSG00000298716.1,0.0
ENSG00000298717.1,0.0
ENSG00000298718.1,0.0
ENSG00000298719.1,0.0
ENSG00000298720.1,0.0
ENSG00000298721.1,0.0
ENSG00000298722.1,0.0
ENSG00000298723.1,0.0
ENSG00000298724.1,0.0
ENSG00000298725.1,0.0
ENSG00000298726.1,0.0
ENSG00000298727.1,0.0
ENSG00000298728.1,0.0
ENSG00000298729.1,0.0
ENSG00000298730.1,0.386545
ENSG00000298731.1,0.0
ENSG00000298732.1,0.0
ENSG00000298733.1,0.0
ENSG00000298734.1,0.0
ENSG00000298735.1,0.0
ENSG00000298736.1,0.0
ENSG00000298737.1,0.0
ENSG00000298738.1,0.0
ENSG00000298739.1,0.0
ENSG00000298740.1,0.0
ENSG00000298741.1,0.0
ENSG00000298742.1,0.0
ENSG00000298743.1,0.0
ENSG00000298744.1,0.0
ENSG00000298745.1,0.0
ENSG00000298746.1,0.0
ENSG00000298747.1,0.0
ENSG00000298748.1,0.0
ENSG00000298749.1,0.0
ENSG00000298750.1,0.0
ENSG00000298751.1,0.0
ENSG00000298752.1,0.0
ENSG00000298753.1,0.0
ENSG00000298754.1,0.0
ENSG00000298755.1,0.0
ENSG00000298756.1,0.0
ENSG00000298757.1,0.0
ENSG00000298758.1,2.634248
ENSG00000298759.1,0.0
ENSG00000298760.1,0.0
ENSG00000298761.1,0.0
ENSG00000298762.1,0.50062
ENSG00000298763.1,0.0
ENSG00000298764.1,0.0
ENSG00000298765.1,0.0
ENSG00000298767.1,0.0
ENSG00000298768.1,0.0
ENSG00000298769.1,0.0
ENSG00000298770.1,0.0
ENSG00000298771.1,0.0
ENSG00000298772.1,0.0
ENSG00000298773.1,0.0
ENSG00000298774.1,0.0
ENSG00000298775.1,1.455921
ENSG00000298776.1,0.0
ENSG00000298777.1,0.0
ENSG00000298778.1,0.0
ENSG00000298779.1,0.0
ENSG00000298780.1,0.0
ENSG00000298781.1,0.0
ENSG00000298782.1,0.0
ENSG00000298783.1,0.0
ENSG00000298784.1,0.0
ENSG00000298785.1,0.0
ENSG00000298786.1,0.0
ENSG00000298787.1,0.0
ENSG00000298788.1,0.0
ENSG00000298789.1,0.0
ENSG00000298790.1,0.0
ENSG00000298791.1,0.0
ENSG00000298792.1,0.0
ENSG00000298793.1,0.0
ENSG00000298794.1,0.0
ENSG00000298795.1,0.0
ENSG00000298796.1,0.0
ENSG00000298797.1,0.0
ENSG00000298798.1,0.0
ENSG00000298799.1,0.0
ENSG00000298800.1,0.0
ENSG00000298801.1,0.0
ENSG00000298802.1,0.0
ENSG00000298803.1,0.0
ENSG00000298804.1,0.24213
ENSG00000298805.1,0.0
ENSG00000298806.1,0.0
ENSG00000298807.1,0.0
ENSG00000298808.1,0.0
ENSG00000298809.1,0.0
ENSG00000298810.1,0.0
ENSG00000298811.1,0.0
ENSG00000298812.1,0.0
ENSG00000298813.1,0.0
ENSG00000298814.1,0.0
ENSG00000298815.1,0.0
ENSG00000298816.1,0.484123
ENSG00000298817.1,0.0
ENSG00000298818.1,0.0
ENSG00000298819.1,0.0
ENSG00000298820.1,0.0
ENSG00000298821.1,0.0
ENSG00000298822.1,0.0
ENSG00000298823.1,0.265562
ENSG00000298824.1,0.0
ENSG00000298825.1,0.0
ENSG00000298826.1,0.0
ENSG00000298827.1,0.0
ENSG00000298828.1,0.0
ENSG00000298829.1,0.0
ENSG00000298830.1,0.0
ENSG00000298831.1,1.102052
ENSG00000298832.1,0.0
ENSG00000298833.1,0.0
ENSG00000298834.1,0.0
ENSG00000298835.1,0.0
ENSG00000298836.1,0.0
ENSG00000298837.1,0.0
ENSG00000298838.1,0.0
ENSG00000298839.1,0.0
ENSG00000298840.1,0.0
ENSG00000298841.1,0.0
ENSG00000298842.1,0.0
ENSG00000298843.1,0.0
ENSG00000298844.1,0.0
ENSG00000298845.1,0.0
ENSG00000298846.1,0.0
ENSG00000298847.1,0.0
ENSG00000298849.1,0.0
ENSG00000298850.1,0.223842
ENSG00000298851.1,0.0
ENSG00000298852.1,0.0
ENSG00000298853.1,4.402761
ENSG00000298854.1,0.0
ENSG00000298855.1,0.0
ENSG00000298856.1,0.0
ENSG00000298857.1,0.0
ENSG00000298858.1,0.0
ENSG00000298859.1,0.0
ENSG00000298860.1,0.0
ENSG00000298861.1,0.0
ENSG00000298862.1,0.0
ENSG00000298863.1,0.0
ENSG00000298864.1,0.0
ENSG00000298865.1,0.0
ENSG00000298866.1,0.0
ENSG00000298868.1,0.0
ENSG00000298869.1,0.0
ENSG00000298870.1,0.0
ENSG00000298871.1,3.1854370000000003
ENSG00000298872.1,0.0
ENSG00000298873.1,0.0
ENSG00000298874.1,0.0
ENSG00000298875.1,0.329385
ENSG00000298876.1,0.0
ENSG00000298877.1,0.0
ENSG00000298878.1,0.0
ENSG00000298879.1,0.0
ENSG00000298880.1,0.0
ENSG00000298881.1,0.0
ENSG00000298882.1,0.0
ENSG00000298883.1,0.0
ENSG00000298884.1,0.0
ENSG00000298885.1,0.0
ENSG00000298886.1,0.0
ENSG00000298887.1,0.746872
ENSG00000298888.1,0.0
ENSG00000298889.1,0.0
ENSG00000298890.1,0.0
ENSG00000298891.1,0.0
ENSG00000298892.1,0.0
ENSG00000298893.1,0.0
ENSG00000298894.1,0.0
ENSG00000298895.1,0.0
ENSG00000298896.1,0.0
ENSG00000298897.1,0.0
ENSG00000298898.1,0.0
ENSG00000298899.1,0.0
ENSG00000298900.1,0.0
ENSG00000298901.1,0.0
ENSG00000298902.1,0.0
ENSG00000298903.1,0.0
ENSG00000298904.1,0.0
ENSG00000298905.1,0.0
ENSG00000298906.1,0.0
ENSG00000298907.1,0.274414
ENSG00000298908.1,0.0
ENSG00000298909.1,0.0
ENSG00000298910.1,0.0
ENSG00000298911.1,0.0
ENSG00000298912.1,0.0
ENSG00000298913.1,0.0
ENSG00000298914.1,0.0
ENSG00000298915.1,1.160234
ENSG00000298916.1,0.0
ENSG00000298917.1,0.0
ENSG00000298918.1,0.0
ENSG00000298919.1,0.0
ENSG00000298920.1,0.0
ENSG00000298921.1,0.0
ENSG00000298922.1,0.0
ENSG00000298923.1,0.0
ENSG00000298924.1,0.0
ENSG00000298925.1,0.0
ENSG00000298926.1,0.0
ENSG00000298927.1,0.0
ENSG00000298928.1,0.0
ENSG00000298929.1,0.0
ENSG00000298930.1,0.0
ENSG00000298931.1,0.0
ENSG00000298932.1,2.935225
ENSG00000298933.1,0.0
ENSG00000298934.1,0.0
ENSG00000298935.1,0.0
ENSG00000298936.1,0.0
ENSG00000298937.1,0.383213
ENSG00000298938.1,0.597224
ENSG00000298939.1,0.0
ENSG00000298940.1,0.474882
ENSG00000298941.1,0.0
ENSG00000298942.1,0.0
ENSG00000298943.1,0.0
ENSG00000298944.1,0.0
ENSG00000298945.1,1.151672
ENSG00000298946.1,0.0
ENSG00000298947.1,0.0
ENSG00000298948.1,0.0
ENSG00000298949.1,0.0
ENSG00000298950.1,0.0
ENSG00000298951.1,0.0
ENSG00000298952.1,0.0
ENSG00000298953.1,0.363789
ENSG00000298954.1,0.0
ENSG00000298955.1,0.0
ENSG00000298956.1,0.0
ENSG00000298957.1,0.0
ENSG00000298958.1,0.0
ENSG00000298959.1,0.0
ENSG00000298960.1,0.0
ENSG00000298961.1,0.0
ENSG00000298962.1,0.0
ENSG00000298964.1,0.0
ENSG00000298965.1,0.0
ENSG00000298966.1,0.0
ENSG00000298967.1,0.0
ENSG00000298968.1,0.0
ENSG00000298969.1,0.0
ENSG00000298970.1,0.0
ENSG00000298971.1,0.0
ENSG00000298972.1,0.0
ENSG00000298973.1,0.0
ENSG00000298974.1,0.0
ENSG00000298975.1,0.0
ENSG00000298976.1,0.0
ENSG00000298977.1,0.0
ENSG00000298978.1,0.0
ENSG00000298979.1,0.0
ENSG00000298980.1,0.0
ENSG00000298981.1,0.0
ENSG00000298982.1,0.0
ENSG00000298983.1,0.0
ENSG00000298984.1,0.0
ENSG00000298985.1,0.0
ENSG00000298986.1,0.0
ENSG00000298987.1,0.0
ENSG00000298988.1,0.0
ENSG00000298989.1,0.0
ENSG00000298990.1,0.0
ENSG00000298991.1,0.0
ENSG00000298992.1,0.482089
ENSG00000298993.1,0.0
ENSG00000298994.1,0.0
ENSG00000298995.1,0.0
ENSG00000298996.1,0.0
ENSG00000298997.1,0.0
ENSG00000298998.1,0.0
ENSG00000298999.1,0.0
ENSG00000299000.1,0.270243
ENSG00000299001.1,0.0
ENSG00000299002.1,0.0
ENSG00000299003.1,0.0
ENSG00000299004.1,0.278192
ENSG00000299005.1,0.0
ENSG00000299006.1,0.0
ENSG00000299007.1,0.0
ENSG00000299008.1,0.0
ENSG00000299009.1,0.0
ENSG00000299010.1,0.0
ENSG00000299011.1,0.0
ENSG00000299012.1,0.0
ENSG00000299013.1,0.0
ENSG00000299014.1,0.0
ENSG00000299015.1,0.0
ENSG00000299016.1,0.0
ENSG00000299017.1,0.0
ENSG00000299018.1,0.0
ENSG00000299019.1,0.0
ENSG00000299020.1,0.0
ENSG00000299021.1,0.0
ENSG00000299022.1,3.856617
ENSG00000299023.1,0.0
ENSG00000299024.1,0.0
ENSG00000299025.1,0.0
ENSG00000299026.1,0.0
ENSG00000299027.1,0.0
ENSG00000299028.1,0.237093
ENSG00000299029.1,0.0
ENSG00000299030.1,0.0
ENSG00000299031.1,0.0
ENSG00000299032.1,0.0
ENSG00000299033.1,0.0
ENSG00000299034.1,0.0
ENSG00000299035.1,0.0
ENSG00000299036.1,0.0
ENSG00000299037.1,0.0
ENSG00000299038.1,0.0
ENSG00000299039.1,0.0
ENSG00000299040.1,1.543264
ENSG00000299041.1,0.284141
ENSG00000299042.1,0.0
ENSG00000299043.1,0.0
ENSG00000299044.1,0.0
ENSG00000299045.1,0.0
ENSG00000299046.1,0.0
ENSG00000299047.1,0.711336
ENSG00000299048.1,0.0
ENSG00000299049.1,0.0
ENSG00000299050.1,0.0
ENSG00000299051.1,0.0
ENSG00000299052.1,0.171509
ENSG00000299053.1,0.0
ENSG00000299054.1,0.0
ENSG00000299055.1,0.617002
ENSG00000299056.1,0.0
ENSG00000299057.1,0.0
ENSG00000299058.1,0.0
ENSG00000299059.1,0.0
ENSG00000299060.1,0.0
ENSG00000299061.1,0.0
ENSG00000299062.1,0.0
ENSG00000299063.1,0.0
ENSG00000299064.1,0.0
ENSG00000299065.1,0.0
ENSG00000299066.1,0.0
ENSG00000299067.1,0.0
ENSG00000299068.1,0.0
ENSG00000299069.1,0.0
ENSG00000299070.1,0.0
ENSG00000299071.1,0.0
ENSG00000299072.1,0.0
ENSG00000299073.1,0.0
ENSG00000299074.1,1.782127
ENSG00000299075.1,0.0
ENSG00000299076.1,0.0
ENSG00000299077.1,3.232958
ENSG00000299078.1,0.0
ENSG00000299079.1,0.0
ENSG00000299080.1,0.0
ENSG00000299081.1,0.0
ENSG00000299082.1,0.0
ENSG00000299083.1,0.0
ENSG00000299084.1,0.0
ENSG00000299085.1,0.0
ENSG00000299086.1,0.0
ENSG00000299087.1,0.0
ENSG00000299088.1,0.0
ENSG00000299089.1,0.0
ENSG00000299090.1,0.0
ENSG00000299091.1,0.0
ENSG00000299092.1,0.0
ENSG00000299093.1,0.0
ENSG00000299094.1,0.0
ENSG00000299095.1,0.0
ENSG00000299096.1,0.0
ENSG00000299097.1,0.0
ENSG00000299098.1,0.0
ENSG00000299099.1,0.0
ENSG00000299100.1,0.0
ENSG00000299101.1,0.0
ENSG00000299102.1,0.0
ENSG00000299103.1,0.0
ENSG00000299104.1,0.0
ENSG00000299105.1,0.0
ENSG00000299106.1,0.0
ENSG00000299107.1,0.0
ENSG00000299108.1,0.0
ENSG00000299109.1,0.0
ENSG00000299110.1,0.0
ENSG00000299111.1,0.0
ENSG00000299112.1,0.0
ENSG00000299113.1,0.0
ENSG00000299114.1,0.0
ENSG00000299115.1,0.0
ENSG00000299116.1,0.0
ENSG00000299117.1,0.0
ENSG00000299118.1,0.0
ENSG00000299119.1,0.0
ENSG00000299120.1,0.0
ENSG00000299121.1,0.0
ENSG00000299122.1,0.0
ENSG00000299123.1,0.0
ENSG00000299124.1,0.0
ENSG00000299125.1,0.0
ENSG00000299126.1,0.0
ENSG00000299127.1,0.0
ENSG00000299128.1,0.0
ENSG00000299129.1,0.0
ENSG00000299130.1,0.291696
ENSG00000299131.1,0.0
ENSG00000299132.1,1.262022
ENSG00000299133.1,0.0
ENSG00000299134.1,0.0
ENSG00000299135.1,0.0
ENSG00000299136.1,0.0
ENSG00000299137.1,0.0
ENSG00000299138.1,0.0
ENSG00000299139.1,0.0
ENSG00000299140.1,0.176129
ENSG00000299141.1,0.0
ENSG00000299142.1,0.0
ENSG00000299143.1,0.0
ENSG00000299144.1,0.0
ENSG00000299145.1,0.0
ENSG00000299146.1,0.0
ENSG00000299147.1,0.317075
ENSG00000299148.1,0.0
ENSG00000299149.1,0.0
ENSG00000299150.1,0.0
ENSG00000299151.1,0.0
ENSG00000299152.1,0.0
ENSG00000299153.1,0.0
ENSG00000299154.1,0.0
ENSG00000299155.1,0.45265
ENSG00000299156.1,0.0
ENSG00000299157.1,0.0
ENSG00000299158.1,0.0
ENSG00000299159.1,0.0
ENSG00000299160.1,0.0
ENSG00000299161.1,0.0
ENSG00000299162.1,0.0
ENSG00000299163.1,0.0
ENSG00000299164.1,0.0
ENSG00000299165.1,0.0
ENSG00000299166.1,0.0
ENSG00000299167.1,0.0
ENSG00000299168.1,0.0
ENSG00000299169.1,0.0
ENSG00000299170.1,0.0
ENSG00000299171.1,0.0
ENSG00000299172.1,0.0
ENSG00000299173.1,0.0
ENSG00000299174.1,0.0
ENSG00000299175.1,0.0
ENSG00000299176.1,0.0
ENSG00000299177.1,0.0
ENSG00000299178.1,0.0
ENSG00000299179.1,0.0
ENSG00000299180.1,0.0
ENSG00000299181.1,0.0
ENSG00000299182.1,0.0
ENSG00000299183.1,0.0
ENSG00000299184.1,0.0
ENSG00000299185.1,0.0
ENSG00000299186.1,0.0
ENSG00000299187.1,0.0
ENSG00000299188.1,0.0
ENSG00000299189.1,0.0
ENSG00000299190.1,0.0
ENSG00000299191.1,0.0
ENSG00000299192.1,0.290932
ENSG00000299193.1,0.0
ENSG00000299194.1,0.0
ENSG00000299195.1,0.0
ENSG00000299196.1,0.0
ENSG00000299197.1,0.0
ENSG00000299198.1,0.0
ENSG00000299199.1,0.307481
ENSG00000299200.1,0.0
ENSG00000299201.1,0.0
ENSG00000299202.1,0.0
ENSG00000299203.1,0.0
ENSG00000299204.1,0.0
ENSG00000299205.1,0.0
ENSG00000299206.1,0.0
ENSG00000299207.1,0.0
ENSG00000299208.1,0.0
ENSG00000299209.1,2.770987
ENSG00000299210.1,0.0
ENSG00000299211.1,0.0
ENSG00000299212.1,0.0
ENSG00000299213.1,0.0
ENSG00000299214.1,0.0
ENSG00000299215.1,0.0
ENSG00000299216.1,0.0
ENSG00000299217.1,0.0
ENSG00000299218.1,0.0
ENSG00000299219.1,0.0
ENSG00000299220.1,0.0
ENSG00000299221.1,0.0
ENSG00000299222.1,0.0
ENSG00000299223.1,0.0
ENSG00000299224.1,0.0
ENSG00000299225.1,0.0
ENSG00000299226.1,0.0
ENSG00000299227.1,0.0
ENSG00000299228.1,0.0
ENSG00000299229.1,0.0
ENSG00000299230.1,0.0
ENSG00000299231.1,0.0
ENSG00000299232.1,0.0
ENSG00000299233.1,0.0
ENSG00000299234.1,0.0
ENSG00000299235.1,0.0
ENSG00000299236.1,0.0
ENSG00000299237.1,0.0
ENSG00000299238.1,0.0
ENSG00000299239.1,0.0
ENSG00000299240.1,0.0
ENSG00000299241.1,0.0
ENSG00000299242.1,0.0
ENSG00000299243.1,1.488213
ENSG00000299244.1,0.0
ENSG00000299245.1,0.0
ENSG00000299246.1,0.0
ENSG00000299247.1,0.0
ENSG00000299248.1,0.0
ENSG00000299249.1,0.0
ENSG00000299250.1,0.0
ENSG00000299251.1,1.068373
ENSG00000299252.1,0.0
ENSG00000299253.1,0.0
ENSG00000299254.1,0.0
ENSG00000299255.1,0.0
ENSG00000299256.1,0.0
ENSG00000299257.1,0.0
ENSG00000299258.1,0.0
ENSG00000299259.1,0.0
ENSG00000299260.1,0.501666
ENSG00000299261.1,0.0
ENSG00000299262.1,0.0
ENSG00000299263.1,0.0
ENSG00000299264.1,0.0
ENSG00000299265.1,0.0
ENSG00000299266.1,0.0
ENSG00000299267.1,0.0
ENSG00000299268.1,0.0
ENSG00000299269.1,0.0
ENSG00000299270.1,0.0
ENSG00000299271.1,0.0
ENSG00000299272.1,0.0
ENSG00000299273.1,0.297951
ENSG00000299274.1,0.0
ENSG00000299275.1,0.0
ENSG00000299276.1,0.0
ENSG00000299277.1,0.0
ENSG00000299278.1,6.0029390000000005
ENSG00000299279.1,0.0
ENSG00000299280.1,0.0
ENSG00000299281.1,0.0
ENSG00000299282.1,0.0
ENSG00000299283.1,0.0
ENSG00000299284.1,0.0
ENSG00000299285.1,0.0
ENSG00000299286.1,0.0
ENSG00000299287.1,0.0
ENSG00000299288.1,0.0
ENSG00000299289.1,0.0
ENSG00000299290.1,0.0
ENSG00000299291.1,0.0
ENSG00000299292.1,0.0
ENSG00000299293.1,0.0
ENSG00000299294.1,0.0
ENSG00000299295.1,0.0
ENSG00000299296.1,0.0
ENSG00000299297.1,0.0
ENSG00000299298.1,0.0
ENSG00000299299.1,0.0
ENSG00000299300.1,0.0
ENSG00000299301.1,0.0
ENSG00000299302.1,0.0
ENSG00000299303.1,0.0
ENSG00000299304.1,0.0
ENSG00000299305.1,0.0
ENSG00000299306.1,0.0
ENSG00000299307.1,0.0
ENSG00000299308.1,0.0
ENSG00000299309.1,0.0
ENSG00000299310.1,0.0
ENSG00000299311.1,0.0
ENSG00000299312.1,0.0
ENSG00000299313.1,0.0
ENSG00000299314.1,0.0
ENSG00000299315.1,0.0
ENSG00000299316.1,0.0
ENSG00000299317.1,0.0
ENSG00000299318.1,0.0
ENSG00000299319.1,0.0
ENSG00000299320.1,0.0
ENSG00000299321.1,0.868251
ENSG00000299322.1,0.379633
ENSG00000299323.1,0.0
ENSG00000299324.1,0.0
ENSG00000299325.1,0.0
ENSG00000299326.1,0.0
ENSG00000299327.1,0.0
ENSG00000299328.1,0.0
ENSG00000299329.1,0.722812
ENSG00000299330.1,3.437935
ENSG00000299331.1,0.0
ENSG00000299332.1,0.0
ENSG00000299333.1,0.0
ENSG00000299334.1,0.0
ENSG00000299335.1,0.0
ENSG00000299336.1,0.0
ENSG00000299337.1,0.0
ENSG00000299338.1,0.0
ENSG00000299339.1,0.0
ENSG00000299340.1,0.0
ENSG00000299341.1,0.0
ENSG00000299342.1,0.0
ENSG00000299343.1,0.0
ENSG00000299344.1,0.0
ENSG00000299345.1,0.0
ENSG00000299346.1,0.0
ENSG00000299347.1,0.0
ENSG00000299348.1,0.0
ENSG00000299349.1,0.0
ENSG00000299350.1,0.0
ENSG00000299351.1,0.0
ENSG00000299352.1,0.322605
ENSG00000299353.1,3.876394
ENSG00000299354.1,0.0
ENSG00000299355.1,0.0
ENSG00000299356.1,0.0
ENSG00000299357.1,0.0
ENSG00000299358.1,0.0
ENSG00000299359.1,0.0
ENSG00000299360.1,0.0
ENSG00000299361.1,0.410834
ENSG00000299362.1,0.0
ENSG00000299363.1,0.0
ENSG00000299364.1,0.0
ENSG00000299365.1,0.0
ENSG00000299366.1,0.0
ENSG00000299367.1,0.0
ENSG00000299368.1,0.0
ENSG00000299369.1,0.0
ENSG00000299370.1,0.0
ENSG00000299371.1,0.0
ENSG00000299372.1,0.0
ENSG00000299373.1,0.0
ENSG00000299374.1,0.0
ENSG00000299375.1,0.0
ENSG00000299376.1,1.654158
ENSG00000299377.1,0.0
ENSG00000299378.1,0.0
ENSG00000299379.1,0.0
ENSG00000299380.1,0.0
ENSG00000299381.1,0.0
ENSG00000299382.1,0.0
ENSG00000299383.1,0.0
ENSG00000299384.1,0.0
ENSG00000299385.1,0.0
ENSG00000299386.1,0.0
ENSG00000299387.1,0.0
ENSG00000299388.1,0.0
ENSG00000299389.1,6.430814
ENSG00000299390.1,0.192613
ENSG00000299391.1,0.0
ENSG00000299392.1,0.0
ENSG00000299393.1,0.0
ENSG00000299394.1,0.0
ENSG00000299395.1,0.0
ENSG00000299396.1,0.0
ENSG00000299397.1,0.0
ENSG00000299398.1,0.0
ENSG00000299399.1,0.0
ENSG00000299400.1,0.0
ENSG00000299401.1,0.0
ENSG00000299402.1,0.0
ENSG00000299403.1,0.0
ENSG00000299404.1,1.0358
ENSG00000299405.1,0.0
ENSG00000299406.1,0.0
ENSG00000299407.1,0.0
ENSG00000299408.1,0.0
ENSG00000299409.1,4.30946
ENSG00000299410.1,0.0
ENSG00000299411.1,0.0
ENSG00000299412.1,0.0
ENSG00000299413.1,0.0
ENSG00000299414.1,0.0
ENSG00000299415.1,0.0
ENSG00000299416.1,0.0
ENSG00000299417.1,0.0
ENSG00000299418.1,0.0
ENSG00000299419.1,0.0
ENSG00000299420.1,0.0
ENSG00000299421.1,0.0
ENSG00000299422.1,0.0
ENSG00000299423.1,0.0
ENSG00000299424.1,0.0
ENSG00000299425.1,0.0
ENSG00000299426.1,0.0
ENSG00000299427.1,0.0
ENSG00000299428.1,0.0
ENSG00000299429.1,0.0
ENSG00000299430.1,0.0
ENSG00000299431.1,0.0
ENSG00000299432.1,0.0
ENSG00000299433.1,0.0
ENSG00000299434.1,0.0
ENSG00000299435.1,0.0
ENSG00000299436.1,0.0
ENSG00000299437.1,0.0
ENSG00000299438.1,0.0
ENSG00000299439.1,0.0
ENSG00000299440.1,0.0
ENSG00000299441.1,0.0
ENSG00000299442.1,0.0
ENSG00000299443.1,0.0
ENSG00000299444.1,0.0
ENSG00000299445.1,0.0
ENSG00000299446.1,0.0
ENSG00000299447.1,0.0
ENSG00000299448.1,0.0
ENSG00000299449.1,0.0
ENSG00000299450.1,0.207346
ENSG00000299451.1,0.0
ENSG00000299452.1,0.0
ENSG00000299453.1,0.0
ENSG00000299454.1,0.0
ENSG00000299455.1,0.0
ENSG00000299456.1,0.0
ENSG00000299457.1,0.0
ENSG00000299458.1,0.0
ENSG00000299459.1,0.987148
ENSG00000299460.1,0.0
ENSG00000299461.1,0.0
ENSG00000299462.1,0.24399
ENSG00000299463.1,0.0
ENSG00000299464.1,0.0
ENSG00000299465.1,0.0
ENSG00000299466.1,0.0
ENSG00000299467.1,0.0
ENSG00000299468.1,0.0
ENSG00000299469.1,0.0
ENSG00000299470.1,0.0
ENSG00000299471.1,0.0
ENSG00000299472.1,0.0
ENSG00000299473.1,0.0
ENSG00000299474.1,0.0
ENSG00000299475.1,0.0
ENSG00000299476.1,0.0
ENSG00000299477.1,0.0
ENSG00000299478.1,0.0
ENSG00000299479.1,0.0
ENSG00000299480.1,0.0
ENSG00000299481.1,0.0
ENSG00000299482.1,0.0
ENSG00000299483.1,6.058305
ENSG00000299484.1,1.034273
ENSG00000299485.1,0.0
ENSG00000299486.1,0.0
ENSG00000299487.1,0.0
ENSG00000299488.1,0.0
ENSG00000299489.1,0.0
ENSG00000299490.1,0.0
ENSG00000299491.1,0.0
ENSG00000299492.1,0.0
ENSG00000299493.1,0.0
ENSG00000299494.1,0.0
ENSG00000299495.1,0.0
ENSG00000299496.1,0.0
ENSG00000299497.1,0.0
ENSG00000299498.1,0.0
ENSG00000299499.1,0.0
ENSG00000299500.1,0.0
ENSG00000299501.1,0.0
ENSG00000299502.1,0.0
ENSG00000299503.1,0.0
ENSG00000299504.1,0.0
ENSG00000299505.1,0.0
ENSG00000299506.1,0.0
ENSG00000299507.1,0.0
ENSG00000299508.1,0.0
ENSG00000299509.1,0.0
ENSG00000299510.1,0.0
ENSG00000299511.1,0.0
ENSG00000299512.1,0.0
ENSG00000299513.1,0.0
ENSG00000299514.1,0.0
ENSG00000299515.1,0.0
ENSG00000299516.1,0.0
ENSG00000299517.1,0.0
ENSG00000299518.1,0.0
ENSG00000299519.1,0.0
ENSG00000299520.1,0.0
ENSG00000299521.1,0.283512
ENSG00000299522.1,0.0
ENSG00000299523.1,0.0
ENSG00000299524.1,0.0
ENSG00000299525.1,0.0
ENSG00000299526.1,0.22635
ENSG00000299527.1,0.0
ENSG00000299528.1,0.0
ENSG00000299529.1,0.0
ENSG00000299530.1,0.0
ENSG00000299531.1,0.0
ENSG00000299532.1,0.0
ENSG00000299533.1,0.0
ENSG00000299534.1,0.0
ENSG00000299535.1,0.0
ENSG00000299536.1,0.0
ENSG00000299537.1,0.0
ENSG00000299538.1,0.0
ENSG00000299539.1,0.0
ENSG00000299540.1,0.0
ENSG00000299541.1,0.0
ENSG00000299542.1,0.0
ENSG00000299543.1,0.0
ENSG00000299544.1,0.0
ENSG00000299545.1,0.0
ENSG00000299546.1,0.0
ENSG00000299547.1,0.0
ENSG00000299548.1,0.0
ENSG00000299549.1,0.0
ENSG00000299550.1,0.574135
ENSG00000299551.1,0.0
ENSG00000299552.1,0.0
ENSG00000299553.1,0.0
ENSG00000299554.1,0.0
ENSG00000299555.1,0.239779
ENSG00000299556.1,0.0
ENSG00000299557.1,0.0
ENSG00000299558.1,0.0
ENSG00000299559.1,0.0
ENSG00000299560.1,0.0
ENSG00000299561.1,0.0
ENSG00000299562.1,0.724321
ENSG00000299563.1,0.0
ENSG00000299564.1,0.0
ENSG00000299565.1,0.0
ENSG00000299566.1,0.0
ENSG00000299567.1,0.0
ENSG00000299568.1,0.0
ENSG00000299569.1,0.0
ENSG00000299570.1,0.0
ENSG00000299571.1,0.0
ENSG00000299572.1,0.0
ENSG00000299573.1,0.0
ENSG00000299574.1,0.0
ENSG00000299575.1,0.0
ENSG00000299576.1,0.0
ENSG00000299577.1,0.0
ENSG00000299578.1,1.0728
ENSG00000299579.1,0.0
ENSG00000299580.1,0.0
ENSG00000299581.1,0.0
ENSG00000299582.1,0.0
ENSG00000299583.1,0.0
ENSG00000299584.1,0.0
ENSG00000299585.1,0.374813
ENSG00000299586.1,0.0
ENSG00000299587.1,0.0
ENSG00000299588.1,0.85756
ENSG00000299589.1,0.0
ENSG00000299590.1,0.0
ENSG00000299591.1,0.125225
ENSG00000299592.1,0.0
ENSG00000299593.1,0.0
ENSG00000299594.1,0.0
ENSG00000299595.1,28.507908
ENSG00000299596.1,0.0
ENSG00000299597.1,0.893143
ENSG00000299598.1,0.0
ENSG00000299599.1,0.0
ENSG00000299600.1,0.0
ENSG00000299601.1,0.171641
ENSG00000299602.1,0.0
ENSG00000299603.1,0.0
ENSG00000299604.1,0.0
ENSG00000299605.1,0.0
ENSG00000299606.1,0.0
ENSG00000299607.1,0.0
ENSG00000299608.1,0.0
ENSG00000299609.1,0.529227
ENSG00000299610.1,0.0
ENSG00000299611.1,0.0
ENSG00000299612.1,0.0
ENSG00000299613.1,0.702264
ENSG00000299614.1,0.0
ENSG00000299615.1,0.0
ENSG00000299616.1,0.0
ENSG00000299617.1,0.0
ENSG00000299618.1,0.0
ENSG00000299619.1,0.0
ENSG00000299620.1,0.0
ENSG00000299621.1,0.0
ENSG00000299622.1,0.0
ENSG00000299623.1,0.0
ENSG00000299624.1,0.0
ENSG00000299625.1,0.0
ENSG00000299626.1,0.0
ENSG00000299627.1,0.0
ENSG00000299628.1,0.0
ENSG00000299629.1,0.0
ENSG00000299630.1,0.0
ENSG00000299631.1,0.0
ENSG00000299632.1,0.0
ENSG00000299633.1,0.0
ENSG00000299634.1,0.0
ENSG00000299635.1,0.0
ENSG00000299636.1,0.0
ENSG00000299637.1,0.0
ENSG00000299638.1,0.0
ENSG00000299639.1,0.0
ENSG00000299640.1,0.0
ENSG00000299641.1,0.941719
ENSG00000299642.1,0.0
ENSG00000299643.1,0.0
ENSG00000299644.1,0.0
ENSG00000299645.1,0.0
ENSG00000299646.1,0.0
ENSG00000299647.1,0.0
ENSG00000299648.1,0.0
ENSG00000299649.1,0.0
ENSG00000299650.1,0.0
ENSG00000299651.1,0.0
ENSG00000299652.1,0.522887
ENSG00000299653.1,2.309389
ENSG00000299654.1,1.543495
ENSG00000299655.1,0.0
ENSG00000299656.1,0.21856
ENSG00000299657.1,0.0
ENSG00000299658.1,0.0
ENSG00000299659.1,0.0
ENSG00000299660.1,0.0
ENSG00000299661.1,0.0
ENSG00000299662.1,0.0
ENSG00000299663.1,0.0
ENSG00000299664.1,0.446711
ENSG00000299665.1,0.0
ENSG00000299666.1,0.830882
ENSG00000299667.1,0.0
ENSG00000299668.1,0.0
ENSG00000299669.1,0.0
ENSG00000299670.1,0.0
ENSG00000299671.1,0.0
ENSG00000299672.1,0.0
ENSG00000299673.1,0.0
ENSG00000299674.1,0.0
ENSG00000299675.1,1.330865
ENSG00000299676.1,0.0
ENSG00000299677.1,0.0
ENSG00000299678.1,0.0
ENSG00000299679.1,0.0
ENSG00000299680.1,0.0
ENSG00000299681.1,0.0
ENSG00000299682.1,0.0
ENSG00000299683.1,0.0
ENSG00000299684.1,0.0
ENSG00000299685.1,0.0
ENSG00000299686.1,0.0
ENSG00000299687.1,0.0
ENSG00000299688.1,0.0
ENSG00000299689.1,0.0
ENSG00000299690.1,0.0
ENSG00000299691.1,0.0
ENSG00000299692.1,0.0
ENSG00000299693.1,0.0
ENSG00000299694.1,0.0
ENSG00000299695.1,0.0
ENSG00000299696.1,0.0
ENSG00000299697.1,0.0
ENSG00000299698.1,0.0
ENSG00000299699.1,0.0
ENSG00000299700.1,0.0
ENSG00000299701.1,0.0
ENSG00000299702.1,0.0
ENSG00000299703.1,0.0
ENSG00000299704.1,0.0
ENSG00000299705.1,0.0
ENSG00000299706.1,0.0
ENSG00000299707.1,0.0
ENSG00000299708.1,0.0
ENSG00000299709.1,0.0
ENSG00000299710.1,0.0
ENSG00000299711.1,0.0
ENSG00000299712.1,0.0
ENSG00000299713.1,0.0
ENSG00000299714.1,0.0
ENSG00000299715.1,0.0
ENSG00000299716.1,0.0
ENSG00000299717.1,0.0
ENSG00000299718.1,0.0
ENSG00000299719.1,0.0
ENSG00000299720.1,0.0
ENSG00000299721.1,0.0
ENSG00000299722.1,0.0
ENSG00000299723.1,0.0
ENSG00000299724.1,0.0
ENSG00000299725.1,0.0
ENSG00000299726.1,0.0
ENSG00000299727.1,0.0
ENSG00000299728.1,0.0
ENSG00000299729.1,0.0
ENSG00000299730.1,0.0
ENSG00000299731.1,0.0
ENSG00000299732.1,0.0
ENSG00000299733.1,0.0
ENSG00000299734.1,0.0
ENSG00000299735.1,0.0
ENSG00000299736.1,0.0
ENSG00000299737.1,0.0
ENSG00000299738.1,0.0
ENSG00000299739.1,0.0
ENSG00000299740.1,0.0
ENSG00000299741.1,0.0
ENSG00000299742.1,0.0
ENSG00000299743.1,0.0
ENSG00000299744.1,0.0
ENSG00000299745.1,0.0
ENSG00000299746.1,0.0
ENSG00000299747.1,0.0
ENSG00000299748.1,0.0
ENSG00000299749.1,0.0
ENSG00000299750.1,0.0
ENSG00000299751.1,0.0
ENSG00000299752.1,0.0
ENSG00000299753.1,0.0
ENSG00000299754.1,0.315725
ENSG00000299755.1,0.0
ENSG00000299756.1,0.0
ENSG00000299757.1,0.0
ENSG00000299758.1,0.0
ENSG00000299759.1,0.0
ENSG00000299760.1,0.0
ENSG00000299761.1,0.0
ENSG00000299762.1,0.0
ENSG00000299763.1,0.0
ENSG00000299764.1,0.0
ENSG00000299765.1,0.0
ENSG00000299766.1,0.0
ENSG00000299767.1,0.0
ENSG00000299768.1,0.0
ENSG00000299769.1,0.0
ENSG00000299770.1,0.0
ENSG00000299771.1,0.0
ENSG00000299772.1,0.0
ENSG00000299773.1,0.0
ENSG00000299774.1,0.0
ENSG00000299775.1,0.0
ENSG00000299776.1,0.0
ENSG00000299777.1,0.328256
ENSG00000299778.1,0.0
ENSG00000299779.1,0.0
ENSG00000299780.1,0.0
ENSG00000299781.1,0.0
ENSG00000299782.1,0.0
ENSG00000299783.1,0.0
ENSG00000299784.1,0.0
ENSG00000299785.1,0.0
ENSG00000299786.1,0.0
ENSG00000299787.1,1.43934
ENSG00000299788.1,0.0
ENSG00000299789.1,0.0
ENSG00000299790.1,0.0
ENSG00000299791.1,0.0
ENSG00000299792.1,0.0
ENSG00000299793.1,0.0
ENSG00000299794.1,0.0
ENSG00000299795.1,0.0
ENSG00000299796.1,0.0
ENSG00000299797.1,0.0
ENSG00000299798.1,0.0
ENSG00000299799.1,0.0
ENSG00000299800.1,0.0
ENSG00000299801.1,0.0
ENSG00000299802.1,0.0
ENSG00000299803.1,0.0
ENSG00000299804.1,0.324481
ENSG00000299805.1,0.0
ENSG00000299806.1,0.741742
ENSG00000299807.1,0.0
ENSG00000299808.1,0.0
ENSG00000299809.1,1.058343
ENSG00000299810.1,0.0
ENSG00000299811.1,0.0
ENSG00000299812.1,0.0
ENSG00000299813.1,0.0
ENSG00000299814.1,0.0
ENSG00000299815.1,0.0
ENSG00000299816.1,0.0
ENSG00000299817.1,0.0
ENSG00000299818.1,0.958395
ENSG00000299819.1,0.0
ENSG00000299820.1,0.0
ENSG00000299821.1,0.0
ENSG00000299822.1,0.0
ENSG00000299823.1,0.0
ENSG00000299824.1,0.0
ENSG00000299825.1,0.0
ENSG00000299826.1,0.0
ENSG00000299827.1,1.676009
ENSG00000299828.1,0.0
ENSG00000299829.1,0.119118
ENSG00000299830.1,0.0
ENSG00000299831.1,0.0
ENSG00000299832.1,0.0
ENSG00000299833.1,0.0
ENSG00000299834.1,0.0
ENSG00000299835.1,0.0
ENSG00000299836.1,0.0
ENSG00000299837.1,0.0
ENSG00000299838.1,0.0
ENSG00000299839.1,0.0
ENSG00000299840.1,0.0
ENSG00000299841.1,0.0
ENSG00000299842.1,0.0
ENSG00000299843.1,0.0
ENSG00000299844.1,0.0
ENSG00000299845.1,0.0
ENSG00000299846.1,0.0
ENSG00000299847.1,0.0
ENSG00000299848.1,0.0
ENSG00000299849.1,0.0
ENSG00000299850.1,0.0
ENSG00000299851.1,0.0
ENSG00000299852.1,0.0
ENSG00000299853.1,0.0
ENSG00000299854.1,0.0
ENSG00000299855.1,0.0
ENSG00000299856.1,0.0
ENSG00000299857.1,0.0
ENSG00000299858.1,0.0
ENSG00000299859.1,0.0
ENSG00000299860.1,0.0
ENSG00000299861.1,0.0
ENSG00000299862.1,0.40377
ENSG00000299863.1,0.0
ENSG00000299864.1,0.0
ENSG00000299865.1,0.0
ENSG00000299866.1,0.0
ENSG00000299867.1,0.0
ENSG00000299868.1,0.0
ENSG00000299869.1,0.0
ENSG00000299870.1,0.0
ENSG00000299871.1,0.0
ENSG00000299872.1,0.0
ENSG00000299873.1,0.0
ENSG00000299874.1,0.0
ENSG00000299875.1,0.0
ENSG00000299876.1,0.0
ENSG00000299877.1,0.0
ENSG00000299878.1,0.0
ENSG00000299879.1,0.0
ENSG00000299880.1,0.0
ENSG00000299881.1,0.0
ENSG00000299882.1,0.0
ENSG00000299883.1,0.0
ENSG00000299884.1,0.0
ENSG00000299885.1,1.021136
ENSG00000299886.1,0.0
ENSG00000299887.1,0.0
ENSG00000299888.1,0.0
ENSG00000299889.1,0.0
ENSG00000299890.1,0.0
ENSG00000299891.1,0.0
ENSG00000299892.1,0.0
ENSG00000299893.1,0.0
ENSG00000299894.1,0.0
ENSG00000299895.1,0.0
ENSG00000299896.1,0.0
ENSG00000299897.1,0.0
ENSG00000299898.1,0.0
ENSG00000299899.1,0.0
ENSG00000299900.1,0.0
ENSG00000299901.1,0.0
ENSG00000299902.1,0.0
ENSG00000299903.1,0.0
ENSG00000299904.1,0.0
ENSG00000299905.1,0.0
ENSG00000299906.1,0.0
ENSG00000299907.1,0.0
ENSG00000299908.1,0.0
ENSG00000299909.1,0.0
ENSG00000299910.1,0.0
ENSG00000299911.1,0.0
ENSG00000299912.1,0.0
ENSG00000299913.1,0.0
ENSG00000299914.1,0.0
ENSG00000299915.1,0.0
ENSG00000299916.1,0.0
ENSG00000299917.1,0.0
ENSG00000299918.1,0.0
ENSG00000299919.1,0.0
ENSG00000299920.1,0.0
ENSG00000299921.1,0.0
ENSG00000299922.1,0.0
ENSG00000299923.1,0.0
ENSG00000299924.1,0.0
ENSG00000299925.1,0.0
ENSG00000299926.1,0.0
ENSG00000299927.1,0.0
ENSG00000299928.1,0.0
ENSG00000299929.1,0.0
ENSG00000299930.1,0.0
ENSG00000299931.1,0.0
ENSG00000299932.1,0.0
ENSG00000299933.1,0.442738
ENSG00000299934.1,0.0
ENSG00000299935.1,0.615707
ENSG00000299936.1,0.0
ENSG00000299937.1,0.0
ENSG00000299938.1,0.0
ENSG00000299939.1,0.0
ENSG00000299940.1,0.0
ENSG00000299941.1,0.0
ENSG00000299942.1,0.418569
ENSG00000299943.1,0.0
ENSG00000299944.1,0.0
ENSG00000299945.1,0.0
ENSG00000299946.1,0.0
ENSG00000299947.1,0.0
ENSG00000299948.1,0.0
ENSG00000299949.1,0.0
ENSG00000299950.1,0.0
ENSG00000299951.1,0.0
ENSG00000299952.1,0.0
ENSG00000299953.1,0.0
ENSG00000299954.1,0.0
ENSG00000299955.1,5.413294
ENSG00000299956.1,0.0
ENSG00000299957.1,0.0
ENSG00000299958.1,0.0
ENSG00000299959.1,0.0
ENSG00000299960.1,0.0
ENSG00000299961.1,0.0
ENSG00000299962.1,0.0
ENSG00000299963.1,1.202179
ENSG00000299964.1,0.0
ENSG00000299965.1,0.0
ENSG00000299966.1,0.0
ENSG00000299967.1,0.0
ENSG00000299968.1,0.0
ENSG00000299969.1,0.0
ENSG00000299970.1,0.351701
ENSG00000299972.1,0.0
ENSG00000299973.1,0.0
ENSG00000299974.1,0.0
ENSG00000299975.1,0.0
ENSG00000299976.1,0.0
ENSG00000299977.1,0.0
ENSG00000299978.1,0.544644
ENSG00000299979.1,0.0
ENSG00000299980.1,0.0
ENSG00000299981.1,0.0
ENSG00000299982.1,0.0
ENSG00000299983.1,0.0
ENSG00000299984.1,1.482745
ENSG00000299985.1,0.0
ENSG00000299986.1,0.0
ENSG00000299987.1,0.0
ENSG00000299988.1,0.0
ENSG00000299989.1,0.0
ENSG00000299990.1,0.0
ENSG00000299991.1,0.0
ENSG00000299992.1,0.0
ENSG00000299993.1,0.0
ENSG00000299994.1,0.0
ENSG00000299995.1,0.0
ENSG00000299996.1,0.0
ENSG00000299997.1,0.0
ENSG00000299998.1,0.0
ENSG00000299999.1,0.0
ENSG00000300000.1,0.0
ENSG00000300001.1,0.0
ENSG00000300002.1,0.483136
ENSG00000300003.1,0.0
ENSG00000300004.1,0.0
ENSG00000300005.1,0.0
ENSG00000300006.1,0.0
ENSG00000300007.1,0.0
ENSG00000300008.1,0.0
ENSG00000300009.1,0.0
ENSG00000300010.1,0.0
ENSG00000300011.1,0.0
ENSG00000300012.1,0.0
ENSG00000300013.1,0.0
ENSG00000300014.1,0.448996
ENSG00000300015.1,0.0
ENSG00000300016.1,0.0
ENSG00000300017.1,0.0
ENSG00000300018.1,0.0
ENSG00000300019.1,0.0
ENSG00000300020.1,0.0
ENSG00000300021.1,0.0
ENSG00000300022.1,3.973192
ENSG00000300023.1,0.0
ENSG00000300024.1,0.0
ENSG00000300025.1,0.0
ENSG00000300026.1,0.657258
ENSG00000300027.1,3.121304
ENSG00000300028.1,0.0
ENSG00000300029.1,0.0
ENSG00000300030.1,0.0
ENSG00000300031.1,0.0
ENSG00000300032.1,0.0
ENSG00000300033.1,0.0
ENSG00000300034.1,0.0
ENSG00000300035.1,0.0
ENSG00000300036.1,0.0
ENSG00000300037.1,0.0
ENSG00000300038.1,0.0
ENSG00000300039.1,0.0
ENSG00000300040.1,0.0
ENSG00000300041.1,0.0
ENSG00000300042.1,0.8467
ENSG00000300043.1,0.0
ENSG00000300044.1,0.0
ENSG00000300045.1,0.0
ENSG00000300046.1,0.0
ENSG00000300047.1,0.0
ENSG00000300048.1,0.0
ENSG00000300049.1,0.0
ENSG00000300050.1,1.018594
ENSG00000300051.1,0.0
ENSG00000300052.1,0.0
ENSG00000300053.1,0.0
ENSG00000300054.1,0.0
ENSG00000300055.1,0.0
ENSG00000300056.1,0.0
ENSG00000300057.1,0.0
ENSG00000300058.1,0.0
ENSG00000300059.1,0.0
ENSG00000300060.1,1.906102
ENSG00000300061.1,0.0
ENSG00000300062.1,0.0
ENSG00000300063.1,0.0
ENSG00000300064.1,0.0
ENSG00000300065.1,0.0
ENSG00000300066.1,0.0
ENSG00000300067.1,0.0
ENSG00000300068.1,0.0
ENSG00000300069.1,0.0
ENSG00000300070.1,0.0
ENSG00000300071.1,0.0
ENSG00000300072.1,0.0
ENSG00000300073.1,0.0
ENSG00000300074.1,0.0
ENSG00000300075.1,0.0
ENSG00000300076.1,0.0
ENSG00000300077.1,1.320538
ENSG00000300078.1,0.204405
ENSG00000300079.1,0.0
ENSG00000300080.1,0.0
ENSG00000300081.1,0.0
ENSG00000300082.1,0.0
ENSG00000300083.1,0.0
ENSG00000300084.1,0.0
ENSG00000300085.1,0.0
ENSG00000300086.1,0.0
ENSG00000300087.1,0.0
ENSG00000300088.1,0.0
ENSG00000300089.1,0.0
ENSG00000300090.1,0.0
ENSG00000300091.1,0.0
ENSG00000300092.1,0.0
ENSG00000300093.1,0.0
ENSG00000300094.1,1.175825
ENSG00000300095.1,0.0
ENSG00000300096.1,0.0
ENSG00000300097.1,0.0
ENSG00000300098.1,0.0
ENSG00000300099.1,1.113809
ENSG00000300100.1,0.0
ENSG00000300101.1,0.0
ENSG00000300102.1,0.0
ENSG00000300103.1,0.412002
ENSG00000300104.1,0.0
ENSG00000300105.1,0.0
ENSG00000300106.1,0.0
ENSG00000300107.1,0.0
ENSG00000300108.1,0.0
ENSG00000300109.1,4.786551
ENSG00000300110.1,0.0
ENSG00000300111.1,0.0
ENSG00000300112.1,0.0
ENSG00000300113.1,0.0
ENSG00000300114.1,1.457042
ENSG00000300115.1,0.0
ENSG00000300116.1,0.0
ENSG00000300117.1,0.0
ENSG00000300118.1,0.0
ENSG00000300119.1,0.0
ENSG00000300120.1,0.0
ENSG00000300121.1,0.0
ENSG00000300122.1,0.0
ENSG00000300123.1,0.0
ENSG00000300124.1,0.0
ENSG00000300125.1,0.0
ENSG00000300126.1,0.0
ENSG00000300127.1,0.0
ENSG00000300128.1,0.0
ENSG00000300129.1,0.0
ENSG00000300130.1,0.0
ENSG00000300131.1,0.0
ENSG00000300132.1,0.0
ENSG00000300133.1,0.478974
ENSG00000300134.1,0.0
ENSG00000300135.1,0.0
ENSG00000300136.1,0.0
ENSG00000300137.1,0.0
ENSG00000300138.1,0.0
ENSG00000300139.1,0.0
ENSG00000300140.1,0.0
ENSG00000300141.1,0.0
ENSG00000300142.1,0.0
ENSG00000300143.1,0.0
ENSG00000300144.1,0.0
ENSG00000300145.1,0.0
ENSG00000300146.1,0.0
ENSG00000300147.1,0.0
ENSG00000300148.1,0.0
ENSG00000300149.1,0.0
ENSG00000300150.1,0.120395
ENSG00000300151.1,0.0
ENSG00000300152.1,0.0
ENSG00000300153.1,0.0
ENSG00000300154.1,0.0
ENSG00000300155.1,0.0
ENSG00000300156.1,0.0
ENSG00000300157.1,0.0
ENSG00000300158.1,0.0
ENSG00000300159.1,0.0
ENSG00000300160.1,0.0
ENSG00000300161.1,0.0
ENSG00000300162.1,0.0
ENSG00000300163.1,0.0
ENSG00000300164.1,0.0
ENSG00000300165.1,0.0
ENSG00000300166.1,0.0
ENSG00000300167.1,0.0
ENSG00000300168.1,2.754226
ENSG00000300169.1,0.336769
ENSG00000300170.1,0.0
ENSG00000300171.1,0.0
ENSG00000300172.1,0.0
ENSG00000300173.1,0.0
ENSG00000300174.1,0.0
ENSG00000300175.1,0.0
ENSG00000300176.1,0.0
ENSG00000300177.1,0.0
ENSG00000300178.1,0.0
ENSG00000300179.1,0.0
ENSG00000300180.1,0.0
ENSG00000300181.1,0.0
ENSG00000300182.1,0.0
ENSG00000300183.1,0.0
ENSG00000300184.1,0.0
ENSG00000300185.1,0.0
ENSG00000300186.1,0.347836
ENSG00000300187.1,0.0
ENSG00000300188.1,0.0
ENSG00000300189.1,0.0
ENSG00000300190.1,0.0
ENSG00000300191.1,0.0
ENSG00000300192.1,0.0
ENSG00000300193.1,0.0
ENSG00000300194.1,0.0
ENSG00000300195.1,0.361701
ENSG00000300196.1,0.0
ENSG00000300197.1,0.0
ENSG00000300198.1,0.0
ENSG00000300199.1,0.0
ENSG00000300200.1,0.0
ENSG00000300201.1,0.0
ENSG00000300202.1,0.0
ENSG00000300203.1,0.0
ENSG00000300204.1,0.0
ENSG00000300205.1,0.0
ENSG00000300206.1,0.0
ENSG00000300207.1,0.0
ENSG00000300208.1,0.0
ENSG00000300209.1,0.0
ENSG00000300210.1,0.0
ENSG00000300211.1,0.0
ENSG00000300212.1,0.0
ENSG00000300213.1,0.0
ENSG00000300214.1,0.0
ENSG00000300215.1,0.0
ENSG00000300216.1,0.0
ENSG00000300217.1,0.0
ENSG00000300218.1,0.0
ENSG00000300219.1,0.0
ENSG00000300220.1,0.0
ENSG00000300221.1,0.0
ENSG00000300222.1,0.0
ENSG00000300223.1,0.0
ENSG00000300224.1,0.0
ENSG00000300225.1,0.0
ENSG00000300226.1,0.0
ENSG00000300227.1,0.0
ENSG00000300228.1,0.0
ENSG00000300229.1,0.0
ENSG00000300230.1,0.0
ENSG00000300231.1,0.0
ENSG00000300232.1,0.0
ENSG00000300233.1,0.0
ENSG00000300234.1,0.0
ENSG00000300235.1,0.0
ENSG00000300236.1,0.345672
ENSG00000300237.1,0.0
ENSG00000300238.1,0.0
ENSG00000300239.1,0.0
ENSG00000300240.1,0.0
ENSG00000300241.1,0.0
ENSG00000300242.1,0.0
ENSG00000300243.1,0.0
ENSG00000300244.1,0.0
ENSG00000300245.1,1.178072
ENSG00000300246.1,0.0
ENSG00000300247.1,0.0
ENSG00000300248.1,0.0
ENSG00000300249.1,0.0
ENSG00000300250.1,0.0
ENSG00000300251.1,0.0
ENSG00000300252.1,0.0
ENSG00000300253.1,0.0
ENSG00000300254.1,0.0
ENSG00000300255.1,0.0
ENSG00000300256.1,0.0
ENSG00000300257.1,0.0
ENSG00000300258.1,0.0
ENSG00000300259.1,0.0
ENSG00000300260.1,0.502506
ENSG00000300261.1,0.0
ENSG00000300262.1,0.0
ENSG00000300263.1,0.0
ENSG00000300264.1,0.0
ENSG00000300265.1,0.0
ENSG00000300266.1,0.0
ENSG00000300267.1,0.0
ENSG00000300268.1,0.0
ENSG00000300270.1,0.299558
ENSG00000300271.1,7.084002
ENSG00000300272.1,0.0
ENSG00000300273.1,0.0
ENSG00000300274.1,0.0
ENSG00000300275.1,0.0
ENSG00000300276.1,0.0
ENSG00000300277.1,0.0
ENSG00000300278.1,0.0
ENSG00000300279.1,0.0
ENSG00000300280.1,0.0
ENSG00000300281.1,0.0
ENSG00000300282.1,0.0
ENSG00000300283.1,0.0
ENSG00000300284.1,0.0
ENSG00000300285.1,0.0
ENSG00000300286.1,2.182516
ENSG00000300287.1,0.0
ENSG00000300288.1,1.898396
ENSG00000300289.1,0.0
ENSG00000300290.1,0.0
ENSG00000300291.1,0.0
ENSG00000300292.1,0.0
ENSG00000300293.2,0.0
ENSG00000300294.1,0.0
ENSG00000300295.1,0.0
ENSG00000300296.1,0.0
ENSG00000300297.1,0.0
ENSG00000300298.1,0.0
ENSG00000300299.1,0.0
ENSG00000300300.1,0.0
ENSG00000300301.1,0.0
ENSG00000300302.1,0.0
ENSG00000300303.1,0.339339
ENSG00000300304.1,0.399752
ENSG00000300305.1,0.0
ENSG00000300306.1,0.0
ENSG00000300307.1,0.79638
ENSG00000300308.1,0.0
ENSG00000300309.1,0.0
ENSG00000300310.1,0.0
ENSG00000300311.1,0.0
ENSG00000300312.1,0.0
ENSG00000300313.1,0.0
ENSG00000300314.1,0.0
ENSG00000300315.1,0.0
ENSG00000300316.1,0.0
ENSG00000300317.1,0.0
ENSG00000300318.1,0.0
ENSG00000300319.1,0.0
ENSG00000300320.1,0.0
ENSG00000300321.1,1.269137
ENSG00000300322.1,0.0
ENSG00000300323.1,0.0
ENSG00000300324.1,0.0
ENSG00000300325.1,0.0
ENSG00000300326.1,0.0
ENSG00000300327.1,0.0
ENSG00000300328.1,0.0
ENSG00000300329.1,0.0
ENSG00000300330.1,0.0
ENSG00000300331.1,0.0
ENSG00000300332.1,0.0
ENSG00000300333.1,0.0
ENSG00000300334.1,0.0
ENSG00000300335.1,0.0
ENSG00000300336.1,0.0
ENSG00000300337.1,0.0
ENSG00000300338.1,0.0
ENSG00000300339.1,0.0
ENSG00000300340.1,0.0
ENSG00000300341.1,0.0
ENSG00000300342.1,0.0
ENSG00000300343.1,0.0
ENSG00000300344.1,0.0
ENSG00000300345.1,0.0
ENSG00000300346.1,0.0
ENSG00000300347.1,0.0
ENSG00000300348.1,0.0
ENSG00000300349.1,0.0
ENSG00000300350.1,0.329775
ENSG00000300351.1,0.0
ENSG00000300352.1,0.0
ENSG00000300353.1,0.0
ENSG00000300354.1,0.0
ENSG00000300355.1,0.0
ENSG00000300356.1,0.0
ENSG00000300357.1,0.0
ENSG00000300358.1,0.0
ENSG00000300359.1,0.0
ENSG00000300360.1,0.0
ENSG00000300361.1,0.0
ENSG00000300362.1,0.0
ENSG00000300363.1,0.0
ENSG00000300364.1,0.0
ENSG00000300365.1,0.0
ENSG00000300366.1,0.0
ENSG00000300367.1,0.0
ENSG00000300368.1,0.0
ENSG00000300369.1,0.0
ENSG00000300370.1,0.0
ENSG00000300371.1,0.635965
ENSG00000300372.1,0.0
ENSG00000300373.1,0.0
ENSG00000300374.1,0.0
ENSG00000300375.1,0.0
ENSG00000300376.1,0.0
ENSG00000300377.1,0.0
ENSG00000300378.1,0.0
ENSG00000300379.1,0.545461
ENSG00000300380.1,0.0
ENSG00000300381.1,0.0
ENSG00000300382.1,0.0
ENSG00000300383.1,0.0
ENSG00000300384.1,0.0
ENSG00000300385.1,0.0
ENSG00000300386.1,0.0
ENSG00000300387.1,0.913943
ENSG00000300388.1,0.0
ENSG00000300389.1,0.0
ENSG00000300390.1,0.0
ENSG00000300391.1,0.362939
ENSG00000300392.1,0.0
ENSG00000300393.1,0.0
ENSG00000300394.1,1.527241
ENSG00000300395.1,0.0
ENSG00000300396.1,0.0
ENSG00000300397.1,0.0
ENSG00000300398.1,0.0
ENSG00000300399.1,0.319353
ENSG00000300400.1,0.0
ENSG00000300401.1,0.0
ENSG00000300402.1,0.0
ENSG00000300403.1,1.107913
ENSG00000300404.1,0.0
ENSG00000300405.1,0.0
ENSG00000300406.1,0.0
ENSG00000300407.1,0.0
ENSG00000300408.1,0.0
ENSG00000300409.1,0.0
ENSG00000300410.1,0.62088
ENSG00000300412.1,0.0
ENSG00000300413.1,0.0
ENSG00000300414.1,0.0
ENSG00000300415.1,0.0
ENSG00000300416.1,0.0
ENSG00000300417.1,0.0
ENSG00000300418.1,0.0
ENSG00000300419.1,0.0
ENSG00000300420.1,0.0
ENSG00000300421.1,0.0
ENSG00000300422.1,0.0
ENSG00000300423.1,0.0
ENSG00000300424.1,1.154222
ENSG00000300425.1,0.0
ENSG00000300426.1,0.0
ENSG00000300427.1,0.0
ENSG00000300428.1,0.963815
ENSG00000300429.1,0.0
ENSG00000300430.1,0.0
ENSG00000300431.1,0.0
ENSG00000300432.1,0.0
ENSG00000300433.1,0.0
ENSG00000300434.1,0.0
ENSG00000300435.1,0.0
ENSG00000300436.1,0.0
ENSG00000300437.1,0.0
ENSG00000300438.1,0.0
ENSG00000300439.1,0.0
ENSG00000300440.1,0.0
ENSG00000300441.1,0.0
ENSG00000300442.1,0.0
ENSG00000300443.1,0.0
ENSG00000300444.1,0.0
ENSG00000300445.1,0.0
ENSG00000300446.1,0.0
ENSG00000300447.1,0.0
ENSG00000300448.1,0.0
ENSG00000300449.1,0.0
ENSG00000300450.1,0.0
ENSG00000300451.1,0.0
ENSG00000300452.1,0.0
ENSG00000300453.1,0.0
ENSG00000300454.1,0.0
ENSG00000300455.1,0.0
ENSG00000300456.1,0.0
ENSG00000300457.1,0.0
ENSG00000300458.1,0.0
ENSG00000300459.1,0.0
ENSG00000300460.1,0.0
ENSG00000300461.1,1.106561
ENSG00000300462.1,0.0
ENSG00000300463.1,0.0
ENSG00000300464.1,0.0
ENSG00000300465.1,0.0
ENSG00000300466.1,0.0
ENSG00000300467.1,0.732339
ENSG00000300468.1,0.0
ENSG00000300469.1,0.0
ENSG00000300470.1,0.0
ENSG00000300471.1,0.0
ENSG00000300472.1,0.0
ENSG00000300473.1,0.0
ENSG00000300474.1,0.0
ENSG00000300475.1,0.0
ENSG00000300476.1,0.0
ENSG00000300477.1,0.0
ENSG00000300478.1,0.0
ENSG00000300479.1,0.0
ENSG00000300480.1,0.0
ENSG00000300481.1,0.0
ENSG00000300482.1,0.0
ENSG00000300483.1,0.0
ENSG00000300485.1,0.0
ENSG00000300486.1,0.0
ENSG00000300487.1,0.0
ENSG00000300488.1,0.0
ENSG00000300489.1,0.0
ENSG00000300490.1,0.0
ENSG00000300491.1,0.0
ENSG00000300492.1,0.0
ENSG00000300493.1,0.0
ENSG00000300494.1,0.0
ENSG00000300495.1,0.0
ENSG00000300496.1,0.0
ENSG00000300497.1,0.0
ENSG00000300498.1,0.0
ENSG00000300499.1,0.0
ENSG00000300500.1,0.0
ENSG00000300501.1,0.0
ENSG00000300502.1,0.0
ENSG00000300503.1,0.0
ENSG00000300504.1,0.0
ENSG00000300505.1,0.0
ENSG00000300506.1,0.80161
ENSG00000300507.1,0.0
ENSG00000300508.1,0.0
ENSG00000300509.1,0.0
ENSG00000300510.1,3.7446099999999998
ENSG00000300511.1,0.0
ENSG00000300512.1,0.0
ENSG00000300513.1,0.0
ENSG00000300514.1,0.0
ENSG00000300515.1,0.0
ENSG00000300516.1,0.0
ENSG00000300517.1,1.157621
ENSG00000300518.1,0.0
ENSG00000300519.1,0.0
ENSG00000300520.1,0.0
ENSG00000300521.1,0.0
ENSG00000300522.1,0.0
ENSG00000300523.1,0.0
ENSG00000300524.1,0.0
ENSG00000300525.1,0.0
ENSG00000300526.1,0.512053
ENSG00000300527.1,0.0
ENSG00000300528.1,0.0
ENSG00000300529.1,0.0
ENSG00000300530.1,0.0
ENSG00000300531.1,0.0
ENSG00000300532.1,0.0
ENSG00000300533.1,0.427418
ENSG00000300534.1,2.5748729999999997
ENSG00000300535.1,0.0
ENSG00000300536.1,0.0
ENSG00000300537.1,0.0
ENSG00000300538.1,0.0
ENSG00000300539.1,0.0
ENSG00000300540.1,0.0
ENSG00000300541.1,0.0
ENSG00000300542.1,0.0
ENSG00000300543.1,0.0
ENSG00000300544.1,0.0
ENSG00000300545.1,0.0
ENSG00000300546.1,0.0
ENSG00000300547.1,0.0
ENSG00000300548.1,0.0
ENSG00000300549.1,0.0
ENSG00000300550.1,0.0
ENSG00000300551.1,0.0
ENSG00000300552.1,0.0
ENSG00000300553.1,0.0
ENSG00000300554.1,0.0
ENSG00000300555.1,0.0
ENSG00000300556.1,0.0
ENSG00000300557.1,0.602371
ENSG00000300558.1,0.184614
ENSG00000300559.1,0.0
ENSG00000300560.1,0.0
ENSG00000300561.1,0.0
ENSG00000300562.1,0.0
ENSG00000300563.1,0.0
ENSG00000300564.1,0.0
ENSG00000300565.1,5.991869
ENSG00000300566.1,0.0
ENSG00000300567.1,0.0
ENSG00000300568.1,0.0
ENSG00000300569.1,0.0
ENSG00000300570.1,0.0
ENSG00000300571.1,0.0
ENSG00000300572.1,0.0
ENSG00000300573.1,0.0
ENSG00000300574.1,0.0
ENSG00000300575.1,0.0
ENSG00000300576.1,0.0
ENSG00000300577.1,0.18901
ENSG00000300578.1,0.0
ENSG00000300579.1,0.0
ENSG00000300580.1,1.092098
ENSG00000300581.1,0.0
ENSG00000300582.1,0.0
ENSG00000300583.1,0.0
ENSG00000300584.1,0.0
ENSG00000300585.1,0.0
ENSG00000300586.1,0.0
ENSG00000300587.1,0.0
ENSG00000300588.1,0.0
ENSG00000300589.1,0.503938
ENSG00000300590.1,0.0
ENSG00000300591.1,0.0
ENSG00000300592.1,0.0
ENSG00000300593.1,0.0
ENSG00000300594.1,0.0
ENSG00000300595.1,0.0
ENSG00000300596.1,0.0
ENSG00000300597.1,0.0
ENSG00000300598.1,0.0
ENSG00000300599.1,0.0
ENSG00000300600.1,0.0
ENSG00000300601.1,2.673905
ENSG00000300602.1,0.0
ENSG00000300603.1,0.0
ENSG00000300604.1,0.0
ENSG00000300605.1,0.0
ENSG00000300606.1,0.0
ENSG00000300607.1,0.0
ENSG00000300608.1,0.0
ENSG00000300609.1,0.0
ENSG00000300610.1,0.34675
ENSG00000300611.1,0.0
ENSG00000300612.1,0.0
ENSG00000300613.1,0.0
ENSG00000300614.1,0.161303
ENSG00000300615.1,0.0
ENSG00000300616.1,0.0
ENSG00000300617.1,0.0
ENSG00000300619.1,0.0
ENSG00000300620.1,0.0
ENSG00000300621.1,0.149564
ENSG00000300622.1,0.0
ENSG00000300623.1,0.0
ENSG00000300624.1,0.0
ENSG00000300625.1,0.535603
ENSG00000300626.1,0.0
ENSG00000300627.1,0.0
ENSG00000300628.1,0.0
ENSG00000300629.1,0.0
ENSG00000300630.1,0.0
ENSG00000300631.1,0.0
ENSG00000300632.1,0.0
ENSG00000300633.1,0.0
ENSG00000300634.1,0.309206
ENSG00000300635.1,0.0
ENSG00000300636.1,0.0
ENSG00000300637.1,0.0
ENSG00000300638.1,0.0
ENSG00000300640.1,0.0
ENSG00000300641.1,0.0
ENSG00000300642.1,0.0
ENSG00000300643.1,0.0
ENSG00000300644.1,0.0
ENSG00000300645.1,0.0
ENSG00000300646.1,0.0
ENSG00000300647.1,0.0
ENSG00000300648.1,0.0
ENSG00000300649.1,0.0
ENSG00000300650.1,0.0
ENSG00000300651.1,0.0
ENSG00000300652.1,0.0
ENSG00000300653.1,0.0
ENSG00000300654.1,0.0
ENSG00000300655.1,0.0
ENSG00000300657.1,0.0
ENSG00000300658.1,0.0
ENSG00000300659.1,0.0
ENSG00000300660.1,0.0
ENSG00000300661.1,0.0
ENSG00000300662.1,0.0
ENSG00000300663.1,0.0
ENSG00000300664.1,0.0
ENSG00000300665.1,0.0
ENSG00000300666.1,0.974962
ENSG00000300667.1,0.0
ENSG00000300668.1,0.0
ENSG00000300669.1,0.0
ENSG00000300670.1,0.0
ENSG00000300671.1,0.0
ENSG00000300672.1,0.0
ENSG00000300673.1,0.0
ENSG00000300674.1,0.0
ENSG00000300675.1,0.0
ENSG00000300676.1,0.0
ENSG00000300677.1,0.304482
ENSG00000300678.1,0.0
ENSG00000300679.1,0.0
ENSG00000300680.1,0.0
ENSG00000300681.1,0.0
ENSG00000300682.1,0.0
ENSG00000300683.1,0.0
ENSG00000300684.1,0.0
ENSG00000300685.1,0.0
ENSG00000300686.1,0.0
ENSG00000300687.1,0.0
ENSG00000300688.1,0.559182
ENSG00000300689.1,0.276118
ENSG00000300690.1,0.561115
ENSG00000300691.1,0.0
ENSG00000300692.1,0.0
ENSG00000300693.1,0.315284
ENSG00000300694.1,0.0
ENSG00000300695.1,0.249467
ENSG00000300696.1,0.0
ENSG00000300697.1,0.0
ENSG00000300698.1,0.0
ENSG00000300699.1,0.0
ENSG00000300700.1,1.381177
ENSG00000300701.1,0.0
ENSG00000300702.1,0.0
ENSG00000300703.1,0.0
ENSG00000300704.1,0.0
ENSG00000300705.1,0.0
ENSG00000300706.1,0.0
ENSG00000300707.1,0.0
ENSG00000300708.1,0.0
ENSG00000300709.1,0.0
ENSG00000300710.1,0.0
ENSG00000300711.1,0.0
ENSG00000300712.1,0.0
ENSG00000300713.1,0.0
ENSG00000300714.1,0.0
ENSG00000300715.1,0.0
ENSG00000300716.1,0.0
ENSG00000300717.1,0.0
ENSG00000300718.1,0.0
ENSG00000300719.1,0.0
ENSG00000300720.1,0.0
ENSG00000300722.1,0.0
ENSG00000300723.1,0.0
ENSG00000300724.1,0.0
ENSG00000300725.1,0.0
ENSG00000300726.1,0.0
ENSG00000300727.1,0.0
ENSG00000300728.1,0.741239
ENSG00000300729.1,0.0
ENSG00000300730.1,0.0
ENSG00000300731.1,0.0
ENSG00000300732.1,0.0
ENSG00000300733.1,0.602063
ENSG00000300734.1,0.0
ENSG00000300735.1,0.0
ENSG00000300736.1,0.0
ENSG00000300737.1,0.0
ENSG00000300738.1,0.0
ENSG00000300739.1,4.75826
ENSG00000300740.1,0.0
ENSG00000300741.1,0.0
ENSG00000300742.1,0.0
ENSG00000300743.1,0.0
ENSG00000300744.1,0.0
ENSG00000300745.1,0.0
ENSG00000300746.1,0.0
ENSG00000300747.1,0.0
ENSG00000300748.1,0.0
ENSG00000300749.1,0.0
ENSG00000300750.1,0.0
ENSG00000300751.1,0.0
ENSG00000300752.1,0.0
ENSG00000300753.1,0.0
ENSG00000300754.1,0.0
ENSG00000300755.1,0.759506
ENSG00000300756.1,0.0
ENSG00000300757.1,0.0
ENSG00000300758.1,0.0
ENSG00000300759.1,0.0
ENSG00000300760.1,0.0
ENSG00000300761.1,0.0
ENSG00000300762.1,0.0
ENSG00000300763.1,0.0
ENSG00000300764.1,0.0
ENSG00000300765.1,0.0
ENSG00000300766.1,0.0
ENSG00000300767.1,0.319812
ENSG00000300768.1,0.0
ENSG00000300769.1,0.0
ENSG00000300770.1,0.0
ENSG00000300771.1,0.0
ENSG00000300772.1,0.0
ENSG00000300773.1,0.0
ENSG00000300774.1,0.0
ENSG00000300775.1,0.0
ENSG00000300776.1,0.0
ENSG00000300777.1,0.0
ENSG00000300778.1,0.0
ENSG00000300779.1,0.0
ENSG00000300780.1,0.0
ENSG00000300781.1,0.0
ENSG00000300782.1,0.0
ENSG00000300783.1,0.0
ENSG00000300784.1,0.0
ENSG00000300785.1,0.0
ENSG00000300786.1,0.0
ENSG00000300787.2,0.0
ENSG00000300788.1,0.0
ENSG00000300789.1,0.0
ENSG00000300790.1,0.0
ENSG00000300791.1,0.0
ENSG00000300792.1,0.0
ENSG00000300793.1,1.802795
ENSG00000300794.1,0.0
ENSG00000300795.1,0.0
ENSG00000300796.1,0.0
ENSG00000300797.1,0.0
ENSG00000300798.1,0.0
ENSG00000300799.1,0.0
ENSG00000300800.1,0.0
ENSG00000300801.1,0.0
ENSG00000300802.1,0.0
ENSG00000300803.1,0.0
ENSG00000300804.1,0.16477
ENSG00000300805.1,0.0
ENSG00000300806.1,0.0
ENSG00000300807.1,0.479558
ENSG00000300808.1,0.0
ENSG00000300809.1,1.726858
ENSG00000300810.1,0.0
ENSG00000300811.1,0.102148
ENSG00000300812.1,0.0
ENSG00000300813.1,0.0
ENSG00000300814.1,0.829315
ENSG00000300815.1,0.0
ENSG00000300816.1,0.0
ENSG00000300817.1,0.0
ENSG00000300818.1,0.0
ENSG00000300819.1,0.0
ENSG00000300820.1,0.0
ENSG00000300821.1,0.0
ENSG00000300822.1,0.0
ENSG00000300823.1,0.0
ENSG00000300824.1,2.831484
ENSG00000300825.1,0.0
ENSG00000300826.1,0.392691
ENSG00000300827.1,0.0
ENSG00000300828.1,0.0
ENSG00000300829.1,0.0
ENSG00000300830.1,0.0
ENSG00000300831.1,0.0
ENSG00000300832.1,0.0
ENSG00000300833.1,0.0
ENSG00000300834.1,0.0
ENSG00000300835.1,0.0
ENSG00000300836.1,0.0
ENSG00000300837.1,0.0
ENSG00000300838.1,0.0
ENSG00000300839.1,0.0
ENSG00000300840.1,0.0
ENSG00000300841.1,0.0
ENSG00000300842.1,0.0
ENSG00000300843.1,0.0
ENSG00000300844.1,0.0
ENSG00000300845.1,0.0
ENSG00000300846.1,0.0
ENSG00000300847.1,0.0
ENSG00000300848.1,0.0
ENSG00000300849.1,0.0
ENSG00000300850.1,0.0
ENSG00000300851.1,0.0
ENSG00000300852.1,0.0
ENSG00000300853.1,0.0
ENSG00000300854.1,0.0
ENSG00000300855.1,0.0
ENSG00000300856.1,0.0
ENSG00000300857.1,0.0
ENSG00000300858.1,0.0
ENSG00000300859.1,0.0
ENSG00000300860.1,0.0
ENSG00000300861.1,0.0
ENSG00000300862.1,0.0
ENSG00000300863.1,0.0
ENSG00000300864.1,0.0
ENSG00000300865.1,0.0
ENSG00000300866.1,1.534391
ENSG00000300867.1,0.0
ENSG00000300868.1,0.0
ENSG00000300869.1,0.0
ENSG00000300870.1,0.0
ENSG00000300871.1,0.0
ENSG00000300872.1,0.0
ENSG00000300873.1,0.0
ENSG00000300874.1,0.0
ENSG00000300875.1,0.0
ENSG00000300876.1,0.0
ENSG00000300877.1,0.0
ENSG00000300878.1,0.0
ENSG00000300879.1,0.0
ENSG00000300880.1,0.0
ENSG00000300881.1,0.0
ENSG00000300882.1,0.0
ENSG00000300883.1,0.0
ENSG00000300884.1,0.990825
ENSG00000300885.1,0.0
ENSG00000300886.1,0.0
ENSG00000300887.1,0.0
ENSG00000300888.1,0.0
ENSG00000300889.1,0.0
ENSG00000300890.1,0.0
ENSG00000300891.1,0.0
ENSG00000300892.1,0.0
ENSG00000300893.1,0.0
ENSG00000300894.1,0.0
ENSG00000300895.1,0.0
ENSG00000300896.1,0.0
ENSG00000300897.1,0.0
ENSG00000300898.1,0.0
ENSG00000300899.1,0.0
ENSG00000300900.1,0.0
ENSG00000300901.1,0.0
ENSG00000300902.1,0.0
ENSG00000300903.1,0.0
ENSG00000300904.1,0.0
ENSG00000300905.1,0.0
ENSG00000300906.1,0.0
ENSG00000300907.1,0.0
ENSG00000300908.1,0.0
ENSG00000300909.1,0.0
ENSG00000300910.1,0.0
ENSG00000300911.1,0.0
ENSG00000300912.1,0.0
ENSG00000300913.1,0.0
ENSG00000300914.1,0.0
ENSG00000300915.1,0.0
ENSG00000300916.1,0.0
ENSG00000300917.1,0.0
ENSG00000300918.1,0.0
ENSG00000300920.1,0.0
ENSG00000300921.1,0.0
ENSG00000300922.1,0.0
ENSG00000300923.1,0.0
ENSG00000300924.1,0.0
ENSG00000300925.1,0.0
ENSG00000300926.1,0.0
ENSG00000300927.1,0.0
ENSG00000300928.1,0.0
ENSG00000300929.1,0.0
ENSG00000300930.1,0.0
ENSG00000300931.1,0.0
ENSG00000300932.1,0.0
ENSG00000300933.1,0.0
ENSG00000300934.1,0.0
ENSG00000300935.1,0.0
ENSG00000300936.1,0.0
ENSG00000300937.1,0.0
ENSG00000300938.1,0.0
ENSG00000300939.1,0.0
ENSG00000300940.1,0.0
ENSG00000300941.2,0.0
ENSG00000300942.1,0.0
ENSG00000300943.1,0.0
ENSG00000300944.1,0.0
ENSG00000300945.1,0.0
ENSG00000300946.1,0.0
ENSG00000300947.1,0.0
ENSG00000300948.1,0.0
ENSG00000300949.1,0.0
ENSG00000300950.1,0.0
ENSG00000300951.1,0.0
ENSG00000300952.1,0.0
ENSG00000300953.1,0.0
ENSG00000300954.1,0.0
ENSG00000300955.1,0.0
ENSG00000300956.1,0.0
ENSG00000300957.1,0.0
ENSG00000300958.1,0.0
ENSG00000300959.1,0.0
ENSG00000300960.1,0.0
ENSG00000300961.1,0.0
ENSG00000300962.1,0.0
ENSG00000300963.1,0.0
ENSG00000300964.1,0.0
ENSG00000300965.1,0.0
ENSG00000300966.1,0.0
ENSG00000300967.1,0.0
ENSG00000300968.1,0.0
ENSG00000300969.1,0.0
ENSG00000300970.1,0.0
ENSG00000300971.1,0.0
ENSG00000300972.1,0.0
ENSG00000300973.1,0.0
ENSG00000300974.1,0.0
ENSG00000300975.1,0.0
ENSG00000300976.1,0.0
ENSG00000300977.1,0.0
ENSG00000300978.1,0.0
ENSG00000300979.1,0.0
ENSG00000300980.1,0.0
ENSG00000300981.1,0.0
ENSG00000300982.1,0.0
ENSG00000300983.1,0.0
ENSG00000300984.1,0.0
ENSG00000300985.1,0.0
ENSG00000300986.1,0.0
ENSG00000300987.1,0.0
ENSG00000300988.1,0.0
ENSG00000300989.1,0.0
ENSG00000300990.1,0.0
ENSG00000300991.1,0.0
ENSG00000300992.1,0.0
ENSG00000300993.1,0.0
ENSG00000300994.1,0.0
ENSG00000300995.1,0.0
ENSG00000300996.1,0.0
ENSG00000300997.1,0.0
ENSG00000300998.1,0.0
ENSG00000300999.1,0.0
ENSG00000301000.1,0.0
ENSG00000301001.1,0.0
ENSG00000301002.1,0.0
ENSG00000301003.1,0.0
ENSG00000301004.1,0.0
ENSG00000301005.1,0.0
ENSG00000301006.1,0.475899
ENSG00000301007.1,0.0
ENSG00000301008.1,0.0
ENSG00000301009.1,0.0
ENSG00000301010.1,0.0
ENSG00000301011.1,0.0
ENSG00000301012.1,0.0
ENSG00000301013.1,0.0
ENSG00000301014.1,0.0
ENSG00000301015.1,0.0
ENSG00000301016.1,0.0
ENSG00000301017.1,0.0
ENSG00000301018.1,0.434943
ENSG00000301019.1,0.0
ENSG00000301020.1,0.0
ENSG00000301021.1,0.0
ENSG00000301022.1,0.867379
ENSG00000301023.1,0.0
ENSG00000301024.1,0.0
ENSG00000301025.1,0.0
ENSG00000301026.1,0.0
ENSG00000301027.1,0.0
ENSG00000301028.1,0.0
ENSG00000301029.1,0.0
ENSG00000301030.1,0.0
ENSG00000301031.1,0.0
ENSG00000301032.1,0.0
ENSG00000301033.1,0.0
ENSG00000301034.1,0.0
ENSG00000301035.1,0.0
ENSG00000301036.1,0.0
ENSG00000301037.1,0.720484
ENSG00000301038.1,2.996486
ENSG00000301039.1,0.0
ENSG00000301040.1,0.0
ENSG00000301041.1,0.0
ENSG00000301042.1,0.0
ENSG00000301043.1,0.0
ENSG00000301044.1,0.0
ENSG00000301045.1,0.0
ENSG00000301046.1,0.30658
ENSG00000301047.1,0.0
ENSG00000301048.1,0.0
ENSG00000301049.1,0.0
ENSG00000301050.1,0.0
ENSG00000301051.1,0.0
ENSG00000301052.1,0.0
ENSG00000301053.1,0.0
ENSG00000301054.1,0.0
ENSG00000301055.1,0.0
ENSG00000301056.1,1.0216370000000001
ENSG00000301057.1,0.0
ENSG00000301058.1,0.0
ENSG00000301059.1,0.0
ENSG00000301061.1,0.0
ENSG00000301062.1,0.0
ENSG00000301063.1,0.0
ENSG00000301064.1,0.0
ENSG00000301065.1,0.0
ENSG00000301066.1,0.0
ENSG00000301067.1,4.920919
ENSG00000301068.1,0.0
ENSG00000301069.1,0.0
ENSG00000301070.1,0.0
ENSG00000301071.1,0.0
ENSG00000301072.1,0.0
ENSG00000301073.1,0.0
ENSG00000301074.1,0.0
ENSG00000301075.1,0.0
ENSG00000301076.1,0.0
ENSG00000301077.1,0.0
ENSG00000301078.1,0.0
ENSG00000301079.1,0.0
ENSG00000301080.1,0.0
ENSG00000301081.1,0.0
ENSG00000301082.1,0.0
ENSG00000301083.1,0.0
ENSG00000301084.1,0.0
ENSG00000301085.1,0.0
ENSG00000301086.1,0.0
ENSG00000301087.1,0.0
ENSG00000301088.1,0.0
ENSG00000301089.1,0.0
ENSG00000301090.1,0.0
ENSG00000301091.1,0.0
ENSG00000301092.1,0.0
ENSG00000301093.1,0.0
ENSG00000301094.1,0.0
ENSG00000301095.1,0.0
ENSG00000301096.1,0.0
ENSG00000301098.1,0.0
ENSG00000301099.1,0.0
ENSG00000301100.1,0.631448
ENSG00000301101.1,0.0
ENSG00000301102.1,0.0
ENSG00000301103.1,0.0
ENSG00000301104.1,0.0
ENSG00000301105.1,0.0
ENSG00000301106.1,0.0
ENSG00000301107.1,0.0
ENSG00000301108.1,0.0
ENSG00000301109.1,0.0
ENSG00000301110.1,0.0
ENSG00000301111.1,0.0
ENSG00000301112.1,0.0
ENSG00000301113.1,0.0
ENSG00000301114.1,0.0
ENSG00000301115.1,0.0
ENSG00000301116.1,0.0
ENSG00000301117.1,0.0
ENSG00000301119.1,0.0
ENSG00000301120.1,0.0
ENSG00000301121.1,0.0
ENSG00000301122.1,0.272039
ENSG00000301123.1,0.0
ENSG00000301124.1,0.0
ENSG00000301125.1,0.0
ENSG00000301126.1,0.0
ENSG00000301127.1,0.0
ENSG00000301128.1,0.0
ENSG00000301129.1,0.0
ENSG00000301130.1,0.0
ENSG00000301131.1,0.0
ENSG00000301132.1,0.0
ENSG00000301133.1,0.0
ENSG00000301134.1,0.0
ENSG00000301135.1,0.0
ENSG00000301136.1,0.0
ENSG00000301137.1,0.0
ENSG00000301139.1,0.0
ENSG00000301141.1,0.0
ENSG00000301142.1,0.0
ENSG00000301143.1,0.0
ENSG00000301144.1,0.0
ENSG00000301145.1,0.0
ENSG00000301146.1,0.0
ENSG00000301147.1,0.0
ENSG00000301148.1,0.0
ENSG00000301149.1,0.0
ENSG00000301150.1,0.0
ENSG00000301151.1,0.0
ENSG00000301152.1,0.0
ENSG00000301153.1,0.0
ENSG00000301154.1,0.0
ENSG00000301155.1,0.0
ENSG00000301156.1,0.0
ENSG00000301157.1,0.0
ENSG00000301158.1,0.0
ENSG00000301159.1,0.0
ENSG00000301160.1,0.0
ENSG00000301161.1,0.0
ENSG00000301163.1,0.328314
ENSG00000301164.1,0.0
ENSG00000301165.1,0.0
ENSG00000301166.1,0.0
ENSG00000301167.1,0.0
ENSG00000301168.1,0.0
ENSG00000301169.1,0.0
ENSG00000301170.1,0.0
ENSG00000301171.1,0.0
ENSG00000301172.1,0.0
ENSG00000301173.1,0.0
ENSG00000301174.1,0.0
ENSG00000301175.1,0.0
ENSG00000301176.1,0.0
ENSG00000301177.1,0.0
ENSG00000301178.1,0.0
ENSG00000301179.1,0.0
ENSG00000301181.1,0.0
ENSG00000301182.1,0.0
ENSG00000301183.1,0.0
ENSG00000301184.1,0.0
ENSG00000301185.1,0.0
ENSG00000301186.1,0.0
ENSG00000301187.1,0.0
ENSG00000301188.1,0.0
ENSG00000301189.1,0.0
ENSG00000301190.1,0.0
ENSG00000301192.1,0.0
ENSG00000301193.1,0.0
ENSG00000301194.1,0.0
ENSG00000301195.1,0.0
ENSG00000301196.1,0.0
ENSG00000301197.1,0.354491
ENSG00000301198.1,0.0
ENSG00000301199.1,0.0
ENSG00000301200.1,0.0
ENSG00000301201.1,0.0
ENSG00000301202.1,0.0
ENSG00000301203.1,1.289436
ENSG00000301204.1,0.0
ENSG00000301205.1,0.0
ENSG00000301207.1,0.0
ENSG00000301208.1,0.0
ENSG00000301209.1,0.0
ENSG00000301210.1,0.0
ENSG00000301211.1,0.0
ENSG00000301212.1,1.0838999999999999
ENSG00000301213.1,0.236463
ENSG00000301214.1,0.0
ENSG00000301215.1,0.0
ENSG00000301216.1,0.0
ENSG00000301217.1,0.416999
ENSG00000301218.1,0.0
ENSG00000301219.1,0.666472
ENSG00000301220.1,0.0
ENSG00000301221.1,0.975962
ENSG00000301222.1,0.0
ENSG00000301223.1,0.0
ENSG00000301224.1,0.0
ENSG00000301225.1,0.0
ENSG00000301226.1,0.0
ENSG00000301227.1,0.0
ENSG00000301228.1,0.0
ENSG00000301229.1,0.0
ENSG00000301230.1,0.0
ENSG00000301231.1,0.0
ENSG00000301232.1,0.0
ENSG00000301233.1,0.0
ENSG00000301234.1,4.198685
ENSG00000301235.1,0.0
ENSG00000301236.1,0.0
ENSG00000301237.1,0.0
ENSG00000301238.1,0.0
ENSG00000301239.1,0.0
ENSG00000301240.1,0.362586
ENSG00000301241.1,0.0
ENSG00000301242.1,0.0
ENSG00000301243.1,0.0
ENSG00000301244.1,0.0
ENSG00000301245.1,0.0
ENSG00000301246.1,0.0
ENSG00000301247.1,0.0
ENSG00000301248.1,0.0
ENSG00000301249.1,0.0
ENSG00000301250.1,0.0
ENSG00000301251.1,0.0
ENSG00000301252.1,0.0
ENSG00000301253.1,0.0
ENSG00000301254.1,0.0
ENSG00000301255.1,0.0
ENSG00000301256.1,0.0
ENSG00000301257.1,0.0
ENSG00000301258.1,0.0
ENSG00000301259.1,0.0
ENSG00000301260.1,0.0
ENSG00000301261.1,0.0
ENSG00000301262.1,0.0
ENSG00000301263.1,0.0
ENSG00000301264.1,0.0
ENSG00000301265.1,0.0
ENSG00000301266.1,0.0
ENSG00000301267.1,0.0
ENSG00000301268.1,0.0
ENSG00000301269.1,0.0
ENSG00000301270.1,0.0
ENSG00000301271.1,0.0
ENSG00000301272.1,0.0
ENSG00000301273.1,0.0
ENSG00000301274.1,0.0
ENSG00000301275.1,0.0
ENSG00000301276.1,0.0
ENSG00000301277.1,0.0
ENSG00000301278.1,0.0
ENSG00000301279.1,0.356195
ENSG00000301280.1,0.0
ENSG00000301281.1,0.0
ENSG00000301282.1,0.0
ENSG00000301283.1,0.0
ENSG00000301284.1,0.0
ENSG00000301285.1,0.0
ENSG00000301286.1,0.0
ENSG00000301287.1,0.0
ENSG00000301288.1,0.0
ENSG00000301289.1,0.0
ENSG00000301290.1,0.0
ENSG00000301291.1,0.0
ENSG00000301292.1,0.406328
ENSG00000301293.1,0.0
ENSG00000301294.1,0.0
ENSG00000301295.1,0.0
ENSG00000301296.1,0.0
ENSG00000301297.1,0.0
ENSG00000301298.1,0.0
ENSG00000301299.1,0.0
ENSG00000301300.1,0.0
ENSG00000301301.1,0.0
ENSG00000301302.1,0.0
ENSG00000301303.1,0.0
ENSG00000301304.1,0.0
ENSG00000301305.1,0.0
ENSG00000301306.1,0.0
ENSG00000301307.1,0.0
ENSG00000301308.1,0.0
ENSG00000301309.1,0.0
ENSG00000301310.1,0.0
ENSG00000301311.1,0.0
ENSG00000301312.1,0.0
ENSG00000301313.1,0.0
ENSG00000301314.1,0.0
ENSG00000301315.1,0.0
ENSG00000301316.1,0.0
ENSG00000301317.1,0.0
ENSG00000301318.1,0.0
ENSG00000301319.1,0.0
ENSG00000301320.1,0.0
ENSG00000301321.1,0.0
ENSG00000301322.1,0.0
ENSG00000301323.1,0.0
ENSG00000301324.1,0.0
ENSG00000301325.1,0.0
ENSG00000301326.1,0.0
ENSG00000301327.1,0.0
ENSG00000301328.1,0.0
ENSG00000301329.1,0.0
ENSG00000301330.1,0.0
ENSG00000301331.1,0.0
ENSG00000301332.1,0.0
ENSG00000301333.1,0.0
ENSG00000301334.1,0.0
ENSG00000301335.1,0.0
ENSG00000301336.1,0.0
ENSG00000301337.1,0.0
ENSG00000301338.1,0.0
ENSG00000301339.1,0.0
ENSG00000301340.1,0.0
ENSG00000301341.1,0.17204
ENSG00000301342.1,0.0
ENSG00000301343.1,0.0
ENSG00000301344.1,0.0
ENSG00000301345.1,0.0
ENSG00000301346.1,0.0
ENSG00000301347.1,0.0
ENSG00000301348.1,0.0
ENSG00000301349.1,0.0
ENSG00000301350.1,0.0
ENSG00000301351.1,0.0
ENSG00000301352.1,0.0
ENSG00000301353.1,0.0
ENSG00000301354.1,0.0
ENSG00000301355.1,0.0
ENSG00000301356.1,0.0
ENSG00000301357.1,0.0
ENSG00000301358.1,0.0
ENSG00000301359.1,0.0
ENSG00000301360.1,0.0
ENSG00000301361.1,0.0
ENSG00000301362.1,0.0
ENSG00000301363.1,0.0
ENSG00000301364.1,0.0
ENSG00000301365.1,0.0
ENSG00000301366.1,0.0
ENSG00000301367.1,0.0
ENSG00000301368.1,0.0
ENSG00000301369.1,0.231579
ENSG00000301370.1,0.0
ENSG00000301371.1,0.0
ENSG00000301372.1,0.0
ENSG00000301373.1,0.0
ENSG00000301374.1,0.0
ENSG00000301375.1,0.0
ENSG00000301376.1,0.0
ENSG00000301377.1,0.0
ENSG00000301378.1,0.0
ENSG00000301379.1,0.0
ENSG00000301380.1,0.0
ENSG00000301381.1,0.0
ENSG00000301382.1,0.0
ENSG00000301383.1,0.0
ENSG00000301384.1,0.0
ENSG00000301385.1,0.0
ENSG00000301386.1,0.0
ENSG00000301387.1,0.0
ENSG00000301388.1,0.0
ENSG00000301389.1,0.964178
ENSG00000301390.1,0.0
ENSG00000301391.1,0.0
ENSG00000301392.1,0.0
ENSG00000301393.1,0.0
ENSG00000301394.1,0.0
ENSG00000301395.1,0.0
ENSG00000301396.1,0.0
ENSG00000301397.1,0.0
ENSG00000301398.1,0.0
ENSG00000301399.1,0.387894
ENSG00000301400.1,0.0
ENSG00000301401.1,0.0
ENSG00000301402.1,0.0
ENSG00000301403.1,0.0
ENSG00000301404.1,0.0
ENSG00000301405.1,0.0
ENSG00000301406.1,0.0
ENSG00000301407.1,0.0
ENSG00000301408.1,0.0
ENSG00000301409.1,0.0
ENSG00000301410.1,0.0
ENSG00000301411.1,0.0
ENSG00000301412.1,4.101483
ENSG00000301413.1,0.0
ENSG00000301414.1,0.0
ENSG00000301415.1,0.0
ENSG00000301416.1,0.0
ENSG00000301417.1,0.0
ENSG00000301418.1,0.0
ENSG00000301419.1,0.0
ENSG00000301420.1,0.0
ENSG00000301421.1,0.0
ENSG00000301422.1,0.564463
ENSG00000301423.1,0.0
ENSG00000301424.1,0.0
ENSG00000301425.1,0.0
ENSG00000301426.1,0.0
ENSG00000301427.1,0.0
ENSG00000301428.1,0.0
ENSG00000301429.1,0.0
ENSG00000301430.1,0.0
ENSG00000301431.1,0.0
ENSG00000301432.1,0.0
ENSG00000301433.1,0.0
ENSG00000301434.1,0.0
ENSG00000301435.1,0.0
ENSG00000301436.1,0.0
ENSG00000301437.1,0.0
ENSG00000301438.1,0.0
ENSG00000301439.1,0.0
ENSG00000301440.1,0.0
ENSG00000301441.1,0.0
ENSG00000301442.1,0.0
ENSG00000301443.1,0.0
ENSG00000301444.1,0.0
ENSG00000301445.1,0.0
ENSG00000301446.1,0.0
ENSG00000301447.1,0.0
ENSG00000301448.1,0.0
ENSG00000301449.1,0.0
ENSG00000301450.1,4.247991
ENSG00000301451.1,0.0
ENSG00000301452.1,1.667729
ENSG00000301453.1,0.0
ENSG00000301454.1,0.0
ENSG00000301455.1,0.169805
ENSG00000301456.1,0.0
ENSG00000301457.1,0.0
ENSG00000301458.1,0.0
ENSG00000301459.1,0.0
ENSG00000301460.1,0.0
ENSG00000301461.1,0.0
ENSG00000301462.1,0.0
ENSG00000301463.1,0.0
ENSG00000301464.1,0.0
ENSG00000301465.1,0.0
ENSG00000301466.1,0.0
ENSG00000301467.1,0.0
ENSG00000301468.1,0.0
ENSG00000301469.1,0.0
ENSG00000301470.1,0.0
ENSG00000301471.1,0.974006
ENSG00000301472.1,0.0
ENSG00000301473.1,0.0
ENSG00000301474.1,0.0
ENSG00000301475.1,0.0
ENSG00000301476.1,0.841892
ENSG00000301477.1,0.0
ENSG00000301478.1,0.0
ENSG00000301479.1,0.382554
ENSG00000301480.1,0.0
ENSG00000301481.1,0.0
ENSG00000301482.1,0.0
ENSG00000301483.1,0.0
ENSG00000301484.1,0.0
ENSG00000301485.1,0.0
ENSG00000301486.1,0.0
ENSG00000301487.1,0.0
ENSG00000301488.1,0.0
ENSG00000301489.1,0.0
ENSG00000301490.1,0.0
ENSG00000301491.1,0.0
ENSG00000301492.1,0.945725
ENSG00000301493.1,0.0
ENSG00000301494.1,0.0
ENSG00000301495.1,0.0
ENSG00000301496.1,0.0
ENSG00000301497.1,0.0
ENSG00000301498.1,0.0
ENSG00000301499.1,0.672818
ENSG00000301500.1,2.170188
ENSG00000301501.1,0.0
ENSG00000301502.1,0.0
ENSG00000301503.1,0.0
ENSG00000301504.1,0.0
ENSG00000301505.1,0.0
ENSG00000301506.1,0.0
ENSG00000301507.1,0.0
ENSG00000301508.1,0.12908
ENSG00000301509.1,0.0
ENSG00000301510.1,0.0
ENSG00000301511.1,0.0
ENSG00000301512.1,0.0
ENSG00000301513.1,0.0
ENSG00000301514.1,0.0
ENSG00000301515.1,0.0
ENSG00000301516.1,0.339858
ENSG00000301517.1,0.0
ENSG00000301518.1,0.0
ENSG00000301519.1,0.0
ENSG00000301520.1,0.0
ENSG00000301521.1,0.0
ENSG00000301522.1,0.0
ENSG00000301523.1,0.0
ENSG00000301524.1,0.0
ENSG00000301525.1,1.469519
ENSG00000301526.1,0.0
ENSG00000301527.1,0.0
ENSG00000301528.1,0.0
ENSG00000301529.1,1.988546
ENSG00000301530.1,0.0
ENSG00000301531.1,0.0
ENSG00000301532.1,0.0
ENSG00000301533.1,0.0
ENSG00000301534.1,0.0
ENSG00000301535.1,0.0
ENSG00000301536.1,0.0
ENSG00000301537.1,0.0
ENSG00000301538.1,0.0
ENSG00000301539.1,0.0
ENSG00000301540.1,0.0
ENSG00000301541.1,0.0
ENSG00000301542.1,0.0
ENSG00000301543.1,0.0
ENSG00000301544.1,0.0
ENSG00000301545.1,0.0
ENSG00000301546.1,0.0
ENSG00000301547.1,0.0
ENSG00000301548.1,0.881347
ENSG00000301549.1,0.0
ENSG00000301550.1,0.0
ENSG00000301551.1,0.0
ENSG00000301552.1,0.0
ENSG00000301553.1,0.0
ENSG00000301554.1,2.211019
ENSG00000301555.1,0.0
ENSG00000301556.1,0.0
ENSG00000301557.1,0.0
ENSG00000301558.1,0.0
ENSG00000301559.1,0.0
ENSG00000301560.1,0.0
ENSG00000301561.1,0.0
ENSG00000301562.1,0.0
ENSG00000301563.1,0.0
ENSG00000301564.1,7.478952
ENSG00000301565.1,18.523441
ENSG00000301566.1,0.0
ENSG00000301567.1,0.0
ENSG00000301568.1,0.0
ENSG00000301569.1,0.0
ENSG00000301570.1,0.0
ENSG00000301571.1,0.0
ENSG00000301572.1,0.0
ENSG00000301573.1,1.9886659999999998
ENSG00000301574.1,0.0
ENSG00000301575.1,0.0
ENSG00000301576.1,0.0
ENSG00000301577.1,0.0
ENSG00000301578.1,0.0
ENSG00000301579.1,0.0
ENSG00000301580.1,0.0
ENSG00000301581.1,0.0
ENSG00000301582.1,0.0
ENSG00000301583.1,0.0
ENSG00000301584.1,0.0
ENSG00000301585.1,0.0
ENSG00000301586.1,0.0
ENSG00000301587.1,0.0
ENSG00000301588.1,0.0
ENSG00000301589.1,0.0
ENSG00000301590.1,0.0
ENSG00000301591.1,0.0
ENSG00000301592.1,0.0
ENSG00000301593.1,0.0
ENSG00000301594.1,0.0
ENSG00000301595.1,0.0
ENSG00000301596.1,0.0
ENSG00000301597.1,0.0
ENSG00000301598.1,0.0
ENSG00000301599.1,0.0
ENSG00000301600.1,0.0
ENSG00000301601.1,0.0
ENSG00000301602.1,0.0
ENSG00000301603.1,0.0
ENSG00000301604.1,0.0
ENSG00000301605.1,0.321199
ENSG00000301606.1,0.0
ENSG00000301607.1,0.0
ENSG00000301608.1,0.0
ENSG00000301609.1,0.0
ENSG00000301610.1,0.0
ENSG00000301611.1,0.0
ENSG00000301612.1,0.433247
ENSG00000301613.1,0.0
ENSG00000301614.1,0.0
ENSG00000301615.1,0.0
ENSG00000301616.1,0.0
ENSG00000301617.1,0.0
ENSG00000301618.1,0.0
ENSG00000301619.1,0.0
ENSG00000301620.1,0.0
ENSG00000301621.1,0.0
ENSG00000301622.1,0.0
ENSG00000301623.1,0.0
ENSG00000301624.1,0.0
ENSG00000301625.1,0.0
ENSG00000301626.1,0.0
ENSG00000301627.1,0.0
ENSG00000301628.1,0.0
ENSG00000301629.1,0.0
ENSG00000301630.1,0.0
ENSG00000301631.1,0.0
ENSG00000301632.1,0.0
ENSG00000301633.1,0.0
ENSG00000301634.1,0.0
ENSG00000301635.1,0.0
ENSG00000301636.1,0.0
ENSG00000301637.1,0.0
ENSG00000301638.1,0.0
ENSG00000301639.1,0.0
ENSG00000301640.1,0.0
ENSG00000301641.1,0.0
ENSG00000301642.1,0.0
ENSG00000301643.1,0.0
ENSG00000301644.1,0.0
ENSG00000301645.1,0.0
ENSG00000301646.1,1.078958
ENSG00000301647.1,0.0
ENSG00000301648.1,0.327347
ENSG00000301649.1,0.0
ENSG00000301650.1,0.0
ENSG00000301651.1,0.0
ENSG00000301652.1,0.0
ENSG00000301653.1,0.0
ENSG00000301654.1,0.0
ENSG00000301655.1,0.0
ENSG00000301656.1,0.0
ENSG00000301657.1,0.0
ENSG00000301658.1,0.0
ENSG00000301659.1,0.0
ENSG00000301660.1,0.0
ENSG00000301661.1,0.0
ENSG00000301662.1,0.0
ENSG00000301663.1,0.0
ENSG00000301664.1,0.0
ENSG00000301665.1,0.0
ENSG00000301666.1,0.0
ENSG00000301667.1,0.0
ENSG00000301668.1,0.0
ENSG00000301669.1,0.0
ENSG00000301670.1,0.0
ENSG00000301671.1,0.0
ENSG00000301672.1,0.0
ENSG00000301673.1,0.0
ENSG00000301674.1,0.0
ENSG00000301675.1,0.0
ENSG00000301676.1,0.0
ENSG00000301677.1,0.0
ENSG00000301678.1,0.0
ENSG00000301679.1,0.0
ENSG00000301680.1,0.0
ENSG00000301681.1,0.0
ENSG00000301682.1,0.0
ENSG00000301683.1,0.0
ENSG00000301684.1,0.0
ENSG00000301685.1,0.0
ENSG00000301686.1,0.0
ENSG00000301687.1,0.0
ENSG00000301688.1,0.0
ENSG00000301689.1,0.0
ENSG00000301690.1,0.0
ENSG00000301691.1,0.498654
ENSG00000301692.1,0.0
ENSG00000301693.1,0.0
ENSG00000301694.1,1.100321
ENSG00000301695.1,0.0
ENSG00000301696.1,0.0
ENSG00000301697.1,0.0
ENSG00000301698.1,0.0
ENSG00000301699.1,0.0
ENSG00000301700.1,0.0
ENSG00000301701.1,0.0
ENSG00000301702.1,0.0
ENSG00000301703.1,0.0
ENSG00000301704.1,0.0
ENSG00000301705.1,0.0
ENSG00000301706.1,0.0
ENSG00000301707.1,0.0
ENSG00000301708.1,0.0
ENSG00000301709.1,0.10324
ENSG00000301710.1,0.0
ENSG00000301711.1,0.0
ENSG00000301712.1,0.0
ENSG00000301713.1,0.0
ENSG00000301714.1,0.0
ENSG00000301715.1,0.0
ENSG00000301716.1,0.0
ENSG00000301717.1,0.0
ENSG00000301718.1,0.0
ENSG00000301719.1,0.463983
ENSG00000301720.1,0.0
ENSG00000301721.1,0.0
ENSG00000301722.1,0.0
ENSG00000301723.1,0.0
ENSG00000301724.1,0.0
ENSG00000301725.1,0.0
ENSG00000301726.1,0.0
ENSG00000301727.1,0.0
ENSG00000301728.1,0.0
ENSG00000301729.1,0.0
ENSG00000301730.1,0.0
ENSG00000301731.1,0.0
ENSG00000301732.1,0.0
ENSG00000301733.1,0.0
ENSG00000301734.1,0.0
ENSG00000301735.1,0.0
ENSG00000301736.1,0.0
ENSG00000301737.1,0.0
ENSG00000301738.1,0.0
ENSG00000301739.1,0.0
ENSG00000301740.1,0.0
ENSG00000301741.1,0.0
ENSG00000301742.1,3.690689
ENSG00000301743.1,0.0
ENSG00000301744.1,0.0
ENSG00000301745.1,0.543315
ENSG00000301746.1,0.0
ENSG00000301747.1,0.0
ENSG00000301748.1,0.0
ENSG00000301749.1,0.0
ENSG00000301750.1,0.0
ENSG00000301751.1,0.0
ENSG00000301752.1,0.0
ENSG00000301753.1,0.0
ENSG00000301754.1,0.368598
ENSG00000301755.1,0.0
ENSG00000301756.1,0.0
ENSG00000301757.1,0.0
ENSG00000301758.1,0.0
ENSG00000301759.1,0.0
ENSG00000301760.1,0.0
ENSG00000301761.1,4.299428
ENSG00000301762.1,0.0
ENSG00000301763.1,0.0
ENSG00000301764.1,0.0
ENSG00000301765.1,0.0
ENSG00000301766.1,0.0
ENSG00000301767.1,0.43751
ENSG00000301768.1,1.74427
ENSG00000301769.1,0.0
ENSG00000301770.1,0.0
ENSG00000301771.1,0.0
ENSG00000301772.1,0.0
ENSG00000301773.1,0.0
ENSG00000301774.1,0.0
ENSG00000301775.1,0.0
ENSG00000301776.1,0.30365
ENSG00000301777.1,0.0
ENSG00000301778.1,0.0
ENSG00000301779.1,0.0
ENSG00000301780.1,0.0
ENSG00000301781.1,0.0
ENSG00000301782.1,0.0
ENSG00000301783.1,0.0
ENSG00000301784.1,0.0
ENSG00000301785.1,0.0
ENSG00000301786.1,0.0
ENSG00000301787.1,0.0
ENSG00000301788.1,0.0
ENSG00000301789.1,0.0
ENSG00000301790.1,0.0
ENSG00000301791.1,0.0
ENSG00000301792.1,0.0
ENSG00000301793.1,0.0
ENSG00000301794.1,0.0
ENSG00000301795.1,0.0
ENSG00000301796.1,0.0
ENSG00000301797.1,0.0
ENSG00000301798.1,0.0
ENSG00000301799.1,0.0
ENSG00000301801.1,0.16563
ENSG00000301802.1,0.0
ENSG00000301803.1,0.0
ENSG00000301804.1,0.0
ENSG00000301805.1,0.0
ENSG00000301806.1,0.0
ENSG00000301807.1,0.47086
ENSG00000301808.1,0.339351
ENSG00000301809.1,0.0
ENSG00000301810.1,0.0
ENSG00000301811.1,0.0
ENSG00000301812.1,0.0
ENSG00000301813.1,0.0
ENSG00000301814.1,0.0
ENSG00000301815.1,0.0
ENSG00000301816.1,0.0
ENSG00000301817.1,0.0
ENSG00000301818.1,0.0
ENSG00000301819.1,0.0
ENSG00000301820.1,0.0
ENSG00000301821.1,0.0
ENSG00000301823.1,0.0
ENSG00000301824.1,0.0
ENSG00000301825.1,0.0
ENSG00000301826.1,0.0
ENSG00000301827.1,0.0
ENSG00000301828.1,0.0
ENSG00000301830.1,0.0
ENSG00000301831.1,0.0
ENSG00000301832.1,0.0
ENSG00000301833.1,0.0
ENSG00000301834.1,0.0
ENSG00000301835.1,0.0
ENSG00000301836.1,0.0
ENSG00000301837.1,0.0
ENSG00000301838.1,0.0
ENSG00000301839.1,0.0
ENSG00000301840.1,0.0
ENSG00000301841.1,0.0
ENSG00000301842.1,0.0
ENSG00000301843.1,0.0
ENSG00000301844.1,0.0
ENSG00000301845.1,0.0
ENSG00000301846.1,0.0
ENSG00000301847.1,0.0
ENSG00000301848.1,0.0
ENSG00000301849.1,0.0
ENSG00000301850.1,0.0
ENSG00000301851.1,0.0
ENSG00000301852.1,0.0
ENSG00000301853.1,0.0
ENSG00000301854.1,0.0
ENSG00000301855.1,0.0
ENSG00000301856.1,0.0
ENSG00000301857.1,0.0
ENSG00000301858.1,0.0
ENSG00000301859.1,0.0
ENSG00000301860.1,0.0
ENSG00000301861.1,0.0
ENSG00000301862.1,0.0
ENSG00000301863.1,0.0
ENSG00000301864.1,0.0
ENSG00000301865.1,0.0
ENSG00000301866.3,0.3446
ENSG00000301867.1,0.0
ENSG00000301868.1,0.0
ENSG00000301869.1,0.0
ENSG00000301870.1,0.0
ENSG00000301871.1,0.0
ENSG00000301872.1,0.0
ENSG00000301873.1,0.0
ENSG00000301874.1,0.0
ENSG00000301875.1,0.0
ENSG00000301876.1,0.0
ENSG00000301877.1,0.0
ENSG00000301878.1,0.282074
ENSG00000301879.1,0.0
ENSG00000301880.1,0.0
ENSG00000301881.1,0.0
ENSG00000301882.1,0.0
ENSG00000301883.1,1.269137
ENSG00000301884.1,0.0
ENSG00000301885.1,0.0
ENSG00000301886.1,0.0
ENSG00000301887.1,0.0
ENSG00000301888.1,0.0
ENSG00000301889.1,0.0
ENSG00000301891.1,0.0
ENSG00000301892.1,0.0
ENSG00000301893.1,0.0
ENSG00000301894.1,0.0
ENSG00000301895.1,0.0
ENSG00000301896.1,0.0
ENSG00000301897.1,0.0
ENSG00000301898.1,0.0
ENSG00000301899.1,0.0
ENSG00000301900.1,0.0
ENSG00000301901.1,0.0
ENSG00000301902.1,1.337585
ENSG00000301903.1,0.0
ENSG00000301904.1,0.0
ENSG00000301905.1,0.0
ENSG00000301906.1,0.0
ENSG00000301907.1,0.0
ENSG00000301908.1,0.0
ENSG00000301909.1,0.0
ENSG00000301910.1,0.0
ENSG00000301911.1,0.0
ENSG00000301912.1,0.0
ENSG00000301913.1,0.0
ENSG00000301914.1,0.0
ENSG00000301915.1,0.0
ENSG00000301916.1,0.0
ENSG00000301917.1,0.0
ENSG00000301918.1,0.0
ENSG00000301919.1,0.0
ENSG00000301920.1,0.0
ENSG00000301921.1,0.0
ENSG00000301922.1,0.0
ENSG00000301923.1,0.0
ENSG00000301924.1,0.0
ENSG00000301925.1,0.0
ENSG00000301926.1,0.0
ENSG00000301927.1,0.0
ENSG00000301928.1,0.0
ENSG00000301929.1,0.0
ENSG00000301930.1,0.0
ENSG00000301931.1,0.0
ENSG00000301932.1,0.0
ENSG00000301933.1,0.35564
ENSG00000301934.1,0.0
ENSG00000301935.1,0.0
ENSG00000301936.1,0.0
ENSG00000301937.1,0.0
ENSG00000301938.1,0.0
ENSG00000301939.1,0.0
ENSG00000301940.1,0.0
ENSG00000301941.1,0.0
ENSG00000301942.1,0.0
ENSG00000301943.1,0.0
ENSG00000301944.1,0.0
ENSG00000301945.1,0.0
ENSG00000301946.1,0.0
ENSG00000301947.1,0.0
ENSG00000301948.1,0.0
ENSG00000301949.1,6.218314
ENSG00000301950.1,0.0
ENSG00000301951.1,0.0
ENSG00000301952.1,0.0
ENSG00000301953.1,0.0
ENSG00000301954.1,0.0
ENSG00000301955.1,0.0
ENSG00000301956.1,0.0
ENSG00000301957.1,0.0
ENSG00000301958.1,0.0
ENSG00000301959.1,0.0
ENSG00000301960.1,0.0
ENSG00000301961.1,0.0
ENSG00000301962.1,0.0
ENSG00000301963.1,0.0
ENSG00000301964.1,0.0
ENSG00000301965.1,0.0
ENSG00000301966.1,0.0
ENSG00000301967.1,0.0
ENSG00000301968.1,0.0
ENSG00000301969.1,0.0
ENSG00000301970.1,0.0
ENSG00000301971.1,0.0
ENSG00000301972.1,3.316529
ENSG00000301973.1,0.0
ENSG00000301974.1,0.0
ENSG00000301975.1,0.0
ENSG00000301976.1,0.0
ENSG00000301977.1,0.0
ENSG00000301978.1,0.0
ENSG00000301979.1,0.187891
ENSG00000301980.1,0.0
ENSG00000301981.1,0.0
ENSG00000301982.1,0.0
ENSG00000301983.1,0.0
ENSG00000301984.1,0.0
ENSG00000301985.1,0.0
ENSG00000301986.1,0.0
ENSG00000301987.1,0.0
ENSG00000301988.1,0.0
ENSG00000301989.1,0.0
ENSG00000301990.1,0.597224
ENSG00000301991.1,0.0
ENSG00000301992.1,0.0
ENSG00000301993.1,0.0
ENSG00000301994.1,0.0
ENSG00000301995.1,0.0
ENSG00000301996.1,0.0
ENSG00000301997.1,0.0
ENSG00000301998.1,0.0
ENSG00000301999.1,0.0
ENSG00000302000.1,0.0
ENSG00000302001.1,0.0
ENSG00000302002.1,0.0
ENSG00000302003.1,0.0
ENSG00000302004.1,0.0
ENSG00000302005.1,0.0
ENSG00000302006.1,0.0
ENSG00000302007.1,0.0
ENSG00000302008.1,0.0
ENSG00000302009.1,0.0
ENSG00000302010.1,0.0
ENSG00000302011.1,0.0
ENSG00000302012.1,0.0
ENSG00000302013.1,0.0
ENSG00000302014.1,0.0
ENSG00000302015.1,0.0
ENSG00000302016.1,0.0
ENSG00000302017.1,0.0
ENSG00000302018.1,0.0
ENSG00000302019.1,0.0
ENSG00000302020.1,0.0
ENSG00000302021.1,0.0
ENSG00000302022.1,0.0
ENSG00000302023.1,0.0
ENSG00000302024.1,0.0
ENSG00000302025.1,0.0
ENSG00000302026.1,0.0
ENSG00000302027.1,0.0
ENSG00000302028.1,0.0
ENSG00000302029.1,0.0
ENSG00000302030.1,0.0
ENSG00000302031.1,0.0
ENSG00000302032.1,0.0
ENSG00000302033.1,0.0
ENSG00000302034.1,0.636876
ENSG00000302035.1,0.351687
ENSG00000302036.1,0.0
ENSG00000302037.1,0.0
ENSG00000302038.1,1.230841
ENSG00000302039.1,1.182315
ENSG00000302040.1,0.0
ENSG00000302041.1,0.0
ENSG00000302042.1,0.0
ENSG00000302043.1,0.0
ENSG00000302044.1,0.0
ENSG00000302045.1,0.0
ENSG00000302046.1,0.0
ENSG00000302047.1,0.0
ENSG00000302048.1,0.0
ENSG00000302049.1,0.0
ENSG00000302050.1,0.0
ENSG00000302051.1,0.0
ENSG00000302052.1,0.0
ENSG00000302053.1,0.0
ENSG00000302054.1,0.0
ENSG00000302055.1,0.0
ENSG00000302056.1,0.0
ENSG00000302057.1,0.0
ENSG00000302058.1,0.0
ENSG00000302059.1,0.0
ENSG00000302060.1,0.0
ENSG00000302061.1,0.0
ENSG00000302062.1,0.777186
ENSG00000302063.1,0.0
ENSG00000302064.1,0.0
ENSG00000302065.1,0.0
ENSG00000302066.1,0.0
ENSG00000302067.1,0.0
ENSG00000302068.1,0.0
ENSG00000302069.1,0.0
ENSG00000302070.1,0.610303
ENSG00000302071.1,0.0
ENSG00000302072.1,0.0
ENSG00000302073.1,0.0
ENSG00000302074.1,0.0
ENSG00000302075.1,0.0
ENSG00000302076.1,0.0
ENSG00000302077.1,0.0
ENSG00000302078.1,0.0
ENSG00000302079.1,0.0
ENSG00000302080.1,0.0
ENSG00000302081.1,0.0
ENSG00000302082.1,0.0
ENSG00000302083.1,0.0
ENSG00000302084.1,0.0
ENSG00000302085.1,0.0
ENSG00000302086.1,0.0
ENSG00000302087.1,0.0
ENSG00000302088.1,0.0
ENSG00000302089.1,0.0
ENSG00000302090.1,0.0
ENSG00000302091.1,0.0
ENSG00000302092.1,0.0
ENSG00000302093.1,0.0
ENSG00000302094.1,0.0
ENSG00000302095.1,0.0
ENSG00000302096.1,0.0
ENSG00000302097.1,0.0
ENSG00000302098.1,0.0
ENSG00000302099.1,0.0
ENSG00000302100.1,0.0
ENSG00000302101.1,0.0
ENSG00000302102.1,0.0
ENSG00000302103.1,0.0
ENSG00000302104.1,0.0
ENSG00000302105.1,0.0
ENSG00000302106.1,0.0
ENSG00000302107.1,0.0
ENSG00000302108.1,0.0
ENSG00000302109.1,0.0
ENSG00000302110.1,0.0
ENSG00000302111.1,0.0
ENSG00000302112.1,0.0
ENSG00000302113.1,0.0
ENSG00000302114.1,0.0
ENSG00000302115.1,0.0
ENSG00000302116.1,0.0
ENSG00000302117.1,0.0
ENSG00000302118.1,0.0
ENSG00000302119.1,0.0
ENSG00000302120.1,0.0
ENSG00000302121.1,0.0
ENSG00000302122.1,0.0
ENSG00000302123.1,0.0
ENSG00000302124.1,0.0
ENSG00000302125.1,0.0
ENSG00000302126.1,0.0
ENSG00000302127.1,0.0
ENSG00000302128.1,0.0
ENSG00000302129.1,0.0
ENSG00000302130.1,0.0
ENSG00000302131.1,0.0
ENSG00000302132.1,0.0
ENSG00000302133.1,0.0
ENSG00000302134.1,0.851136
ENSG00000302135.1,0.0
ENSG00000302136.1,0.0
ENSG00000302137.1,0.0
ENSG00000302138.1,0.0
ENSG00000302139.1,0.0
ENSG00000302140.1,0.0
ENSG00000302141.1,0.0
ENSG00000302142.1,0.0
ENSG00000302143.1,0.0
ENSG00000302144.1,0.0
ENSG00000302145.1,0.0
ENSG00000302146.1,0.0
ENSG00000302147.1,0.0
ENSG00000302148.1,0.0
ENSG00000302149.1,0.0
ENSG00000302150.1,0.0
ENSG00000302151.1,0.0
ENSG00000302152.1,0.0
ENSG00000302153.1,0.434981
ENSG00000302154.1,0.0
ENSG00000302155.1,0.0
ENSG00000302156.1,0.0
ENSG00000302157.1,0.0
ENSG00000302158.1,0.0
ENSG00000302159.1,0.0
ENSG00000302160.1,0.0
ENSG00000302161.1,0.0
ENSG00000302162.1,0.0
ENSG00000302164.1,0.0
ENSG00000302165.1,0.0
ENSG00000302166.1,0.0
ENSG00000302167.1,0.0
ENSG00000302168.1,0.0
ENSG00000302169.1,0.0
ENSG00000302170.1,0.0
ENSG00000302171.1,0.0
ENSG00000302172.1,0.586225
ENSG00000302173.1,0.942843
ENSG00000302174.1,0.0
ENSG00000302175.1,0.0
ENSG00000302176.1,0.0
ENSG00000302177.1,0.0
ENSG00000302178.1,0.0
ENSG00000302179.1,0.0
ENSG00000302180.1,0.0
ENSG00000302181.1,0.0
ENSG00000302182.1,0.0
ENSG00000302183.1,0.0
ENSG00000302184.1,0.0
ENSG00000302185.1,0.418569
ENSG00000302186.1,0.0
ENSG00000302187.1,0.0
ENSG00000302188.1,0.0
ENSG00000302189.1,0.0
ENSG00000302190.1,0.0
ENSG00000302191.1,0.0
ENSG00000302192.1,0.0
ENSG00000302193.1,0.0
ENSG00000302194.1,0.0
ENSG00000302195.1,0.8832
ENSG00000302196.1,0.0
ENSG00000302197.1,0.0
ENSG00000302198.1,0.0
ENSG00000302199.1,0.0
ENSG00000302200.1,0.0
ENSG00000302201.1,0.0
ENSG00000302202.1,0.0
ENSG00000302203.1,0.0
ENSG00000302204.1,0.0
ENSG00000302205.1,0.0
ENSG00000302206.1,51.415185
ENSG00000302207.1,0.0
ENSG00000302208.1,0.0
ENSG00000302209.1,0.0
ENSG00000302210.1,0.0
ENSG00000302211.1,0.0
ENSG00000302212.1,0.0
ENSG00000302214.1,0.0
ENSG00000302215.1,0.0
ENSG00000302216.1,0.0
ENSG00000302217.1,1.57202
ENSG00000302218.1,0.0
ENSG00000302219.1,0.0
ENSG00000302220.1,0.0
ENSG00000302221.1,0.0
ENSG00000302222.1,0.0
ENSG00000302223.1,0.0
ENSG00000302224.1,0.0
ENSG00000302225.1,0.0
ENSG00000302226.1,0.0
ENSG00000302227.1,0.0
ENSG00000302228.1,0.0
ENSG00000302229.1,0.0
ENSG00000302230.1,0.0
ENSG00000302231.1,0.0
ENSG00000302232.1,0.0
ENSG00000302233.1,0.0
ENSG00000302234.1,0.0
ENSG00000302235.1,0.0
ENSG00000302236.1,0.0
ENSG00000302237.1,0.0
ENSG00000302238.1,0.0
ENSG00000302239.1,0.0
ENSG00000302240.1,0.0
ENSG00000302241.1,0.0
ENSG00000302242.1,0.0
ENSG00000302243.1,0.0
ENSG00000302244.1,0.0
ENSG00000302245.1,0.0
ENSG00000302246.1,0.0
ENSG00000302247.1,0.0
ENSG00000302248.1,0.0
ENSG00000302249.1,0.0
ENSG00000302250.1,0.0
ENSG00000302251.1,0.0
ENSG00000302252.1,0.0
ENSG00000302253.1,0.0
ENSG00000302254.1,0.0
ENSG00000302255.1,0.0
ENSG00000302256.1,0.0
ENSG00000302257.1,0.0
ENSG00000302258.1,0.0
ENSG00000302259.1,0.0
ENSG00000302260.1,0.0
ENSG00000302261.1,0.0
ENSG00000302262.1,0.0
ENSG00000302263.1,0.0
ENSG00000302264.1,0.0
ENSG00000302265.1,0.489518
ENSG00000302266.1,0.0
ENSG00000302267.1,0.0
ENSG00000302268.1,0.0
ENSG00000302269.1,0.0
ENSG00000302270.1,0.0
ENSG00000302271.1,0.0
ENSG00000302272.1,0.0
ENSG00000302273.1,0.0
ENSG00000302274.1,0.0
ENSG00000302275.1,0.0
ENSG00000302276.1,0.0
ENSG00000302277.1,0.0
ENSG00000302278.1,0.0
ENSG00000302279.1,0.0
ENSG00000302280.1,0.0
ENSG00000302281.1,0.0
ENSG00000302282.1,0.0
ENSG00000302283.1,0.0
ENSG00000302284.1,0.0
ENSG00000302285.1,0.0
ENSG00000302286.1,0.0
ENSG00000302287.1,0.0
ENSG00000302288.1,0.0
ENSG00000302289.1,0.0
ENSG00000302290.1,0.0
ENSG00000302291.1,0.0
ENSG00000302292.1,0.0
ENSG00000302293.1,0.0
ENSG00000302294.1,0.0
ENSG00000302295.1,0.0
ENSG00000302296.1,0.0
ENSG00000302297.1,0.0
ENSG00000302298.1,0.0
ENSG00000302299.1,0.0
ENSG00000302300.1,0.0
ENSG00000302301.1,0.0
ENSG00000302302.1,0.0
ENSG00000302303.1,0.0
ENSG00000302304.1,0.0
ENSG00000302305.1,0.0
ENSG00000302306.1,0.0
ENSG00000302307.1,0.0
ENSG00000302308.1,0.0
ENSG00000302309.1,0.0
ENSG00000302310.1,0.0
ENSG00000302311.1,0.0
ENSG00000302312.1,0.0
ENSG00000302313.1,0.0
ENSG00000302314.1,0.0
ENSG00000302315.1,0.0
ENSG00000302316.1,0.0
ENSG00000302317.1,0.455949
ENSG00000302318.1,0.0
ENSG00000302319.1,0.717595
ENSG00000302320.1,0.0
ENSG00000302321.1,0.0
ENSG00000302322.1,0.0
ENSG00000302323.1,0.0
ENSG00000302324.1,0.0
ENSG00000302325.1,0.0
ENSG00000302326.1,0.0
ENSG00000302327.1,0.073045
ENSG00000302328.1,0.701737
ENSG00000302329.1,0.0
ENSG00000302330.1,0.0
ENSG00000302331.1,0.0
ENSG00000302332.1,0.0
ENSG00000302333.1,0.0
ENSG00000302334.1,0.0
ENSG00000302335.1,0.0
ENSG00000302336.1,0.0
ENSG00000302337.1,0.0
ENSG00000302338.1,0.0
ENSG00000302339.1,0.0
ENSG00000302340.1,0.0
ENSG00000302341.1,0.0
ENSG00000302342.1,0.0
ENSG00000302343.1,0.0
ENSG00000302344.1,0.519335
ENSG00000302345.1,0.0
ENSG00000302346.1,0.0
ENSG00000302347.1,0.0
ENSG00000302348.1,0.0
ENSG00000302349.1,0.0
ENSG00000302350.1,0.0
ENSG00000302351.1,4.14017
ENSG00000302352.1,0.0
ENSG00000302353.1,0.0
ENSG00000302354.1,0.0
ENSG00000302355.1,0.0
ENSG00000302356.1,0.0
ENSG00000302357.1,0.0
ENSG00000302358.1,0.0
ENSG00000302359.1,0.0
ENSG00000302360.1,0.0
ENSG00000302361.1,0.0
ENSG00000302362.1,0.0
ENSG00000302363.1,0.0
ENSG00000302364.1,0.0
ENSG00000302365.1,0.0
ENSG00000302366.1,0.0
ENSG00000302367.1,0.0
ENSG00000302368.1,0.0
ENSG00000302369.1,0.0
ENSG00000302370.1,0.0
ENSG00000302371.1,0.45265
ENSG00000302372.1,0.0
ENSG00000302373.1,0.0
ENSG00000302374.1,0.0
ENSG00000302375.1,0.0
ENSG00000302376.1,0.0
ENSG00000302377.1,0.518016
ENSG00000302378.1,0.0
ENSG00000302379.1,0.0
ENSG00000302380.1,0.0
ENSG00000302381.1,0.645606
ENSG00000302382.1,0.0
ENSG00000302383.1,0.0
ENSG00000302384.1,0.0
ENSG00000302385.1,0.0
ENSG00000302386.1,0.0
ENSG00000302387.1,0.0
ENSG00000302388.1,0.0
ENSG00000302389.1,0.640304
ENSG00000302390.1,0.0
ENSG00000302391.1,0.0
ENSG00000302392.1,0.0
ENSG00000302393.1,0.0
ENSG00000302394.1,0.0
ENSG00000302395.1,0.0
ENSG00000302396.1,0.544644
ENSG00000302397.1,0.0
ENSG00000302398.1,0.803013
ENSG00000302399.1,0.0
ENSG00000302400.1,0.0
ENSG00000302401.1,0.0
ENSG00000302402.1,0.0
ENSG00000302403.1,0.0
ENSG00000302404.1,0.0
ENSG00000302405.1,0.0
ENSG00000302406.1,0.0
ENSG00000302407.1,0.0
ENSG00000302408.1,0.0
ENSG00000302409.1,0.0
ENSG00000302410.1,0.0
ENSG00000302411.1,0.0
ENSG00000302412.1,0.0
ENSG00000302413.1,0.0
ENSG00000302414.1,0.780567
ENSG00000302415.1,0.0
ENSG00000302416.1,0.0
ENSG00000302417.1,0.0
ENSG00000302418.1,0.0
ENSG00000302419.1,0.0
ENSG00000302420.1,2.0576119999999998
ENSG00000302421.1,0.0
ENSG00000302422.1,0.0
ENSG00000302423.1,0.0
ENSG00000302424.1,0.0
ENSG00000302425.1,0.0
ENSG00000302426.1,0.0
ENSG00000302427.1,0.0
ENSG00000302428.1,0.0
ENSG00000302429.1,0.0
ENSG00000302430.1,0.0
ENSG00000302431.1,0.0
ENSG00000302432.1,0.0
ENSG00000302433.1,0.0
ENSG00000302434.1,0.0
ENSG00000302435.1,0.0
ENSG00000302436.1,0.0
ENSG00000302437.1,0.0
ENSG00000302438.1,0.0
ENSG00000302439.1,0.0
ENSG00000302440.1,0.0
ENSG00000302441.1,1.289691
ENSG00000302442.1,0.0
ENSG00000302443.1,0.0
ENSG00000302444.1,0.0
ENSG00000302445.1,0.0
ENSG00000302446.1,0.0
ENSG00000302447.1,0.0
ENSG00000302448.1,0.0
ENSG00000302449.1,0.0
ENSG00000302450.1,0.0
ENSG00000302451.1,0.0
ENSG00000302452.1,0.0
ENSG00000302453.1,0.0
ENSG00000302454.1,0.0
ENSG00000302455.1,0.0
ENSG00000302456.1,0.0
ENSG00000302457.1,0.711336
ENSG00000302458.1,0.0
ENSG00000302459.1,0.0
ENSG00000302460.1,1.258465
ENSG00000302461.1,6.635454
ENSG00000302462.1,0.0
ENSG00000302463.1,0.0
ENSG00000302464.1,0.0
ENSG00000302465.1,0.0
ENSG00000302466.1,0.0
ENSG00000302467.1,0.0
ENSG00000302468.1,0.0
ENSG00000302469.1,0.0
ENSG00000302470.1,0.0
ENSG00000302472.1,0.0
ENSG00000302473.1,0.0
ENSG00000302474.1,0.0
ENSG00000302475.1,0.0
ENSG00000302476.1,0.0
ENSG00000302477.1,0.0
ENSG00000302478.1,0.0
ENSG00000302479.1,0.0
ENSG00000302480.1,0.0
ENSG00000302481.1,0.0
ENSG00000302482.1,0.0
ENSG00000302483.1,0.601828
ENSG00000302484.1,0.0
ENSG00000302485.1,0.0
ENSG00000302486.1,0.0
ENSG00000302487.1,0.0
ENSG00000302488.1,0.0
ENSG00000302489.1,0.0
ENSG00000302490.1,0.0
ENSG00000302491.1,0.0
ENSG00000302492.1,0.0
ENSG00000302493.1,0.0
ENSG00000302494.1,0.0
ENSG00000302495.1,0.0
ENSG00000302496.1,0.0
ENSG00000302497.1,0.0
ENSG00000302498.1,0.0
ENSG00000302499.1,0.0
ENSG00000302500.1,0.0
ENSG00000302501.1,0.0
ENSG00000302502.1,0.0
ENSG00000302503.1,0.0
ENSG00000302504.1,0.0
ENSG00000302505.1,0.0
ENSG00000302506.1,0.0
ENSG00000302507.1,0.0
ENSG00000302508.1,0.0
ENSG00000302509.1,0.0
ENSG00000302510.1,0.0
ENSG00000302511.1,0.0
ENSG00000302512.1,0.0
ENSG00000302513.1,0.0
ENSG00000302514.1,0.0
ENSG00000302515.1,0.0
ENSG00000302516.1,0.0
ENSG00000302517.1,0.0
ENSG00000302518.1,0.0
ENSG00000302519.1,0.0
ENSG00000302520.1,1.11842
ENSG00000302521.1,0.0
ENSG00000302522.1,0.0
ENSG00000302523.1,0.832367
ENSG00000302524.1,0.0
ENSG00000302525.1,0.0
ENSG00000302526.1,0.74589
ENSG00000302527.1,0.0
ENSG00000302528.1,0.0
ENSG00000302529.1,0.0
ENSG00000302530.1,0.0
ENSG00000302531.1,0.0
ENSG00000302532.1,0.0
ENSG00000302533.1,0.0
ENSG00000302534.1,0.0
ENSG00000302535.1,0.0
ENSG00000302536.1,0.337792
ENSG00000302537.1,0.841656
ENSG00000302538.1,0.85756
ENSG00000302539.1,0.34621
ENSG00000302540.1,0.0
ENSG00000302541.1,0.0
ENSG00000302542.1,0.658939
ENSG00000302543.1,0.0
ENSG00000302544.1,0.0
ENSG00000302545.1,0.0
ENSG00000302546.1,0.118294
ENSG00000302547.1,0.0
ENSG00000302548.1,0.0
ENSG00000302549.1,0.0
ENSG00000302550.1,0.788756
ENSG00000302551.1,0.0
ENSG00000302552.1,1.528687
ENSG00000302553.1,0.0
ENSG00000302554.1,0.0
ENSG00000302555.1,0.0
ENSG00000302556.1,0.0
ENSG00000302557.1,0.0
ENSG00000302558.1,0.0
ENSG00000302559.1,0.0
ENSG00000302560.1,0.0
ENSG00000302561.1,0.0
ENSG00000302562.1,0.0
ENSG00000302563.1,0.0
ENSG00000302564.1,0.0
ENSG00000302565.1,0.0
ENSG00000302566.1,0.0
ENSG00000302567.1,0.0
ENSG00000302568.1,0.0
ENSG00000302569.1,0.0
ENSG00000302570.1,0.0
ENSG00000302571.1,0.0
ENSG00000302572.1,0.0
ENSG00000302573.1,0.0
ENSG00000302574.1,0.0
ENSG00000302575.1,0.0
ENSG00000302576.1,0.0
ENSG00000302577.1,0.0
ENSG00000302578.1,0.0
ENSG00000302579.1,0.0
ENSG00000302580.1,0.0
ENSG00000302581.1,0.0
ENSG00000302582.1,0.0
ENSG00000302583.1,0.0
ENSG00000302584.1,0.0
ENSG00000302585.1,0.0
ENSG00000302586.1,0.0
ENSG00000302587.1,0.0
ENSG00000302588.1,0.0
ENSG00000302589.1,0.0
ENSG00000302590.1,0.0
ENSG00000302591.1,0.0
ENSG00000302592.1,0.0
ENSG00000302593.1,0.0
ENSG00000302594.1,0.0
ENSG00000302595.1,0.0
ENSG00000302596.1,1.188084
ENSG00000302597.1,0.0
ENSG00000302598.1,0.0
ENSG00000302599.1,0.0
ENSG00000302600.1,0.0
ENSG00000302601.1,0.0
ENSG00000302602.1,0.205051
ENSG00000302603.1,0.0
ENSG00000302604.1,0.284601
ENSG00000302605.1,0.0
ENSG00000302606.1,0.0
ENSG00000302607.1,0.296362
ENSG00000302608.1,0.0
ENSG00000302609.1,0.0
ENSG00000302610.1,0.0
ENSG00000302611.1,0.222053
ENSG00000302612.1,0.0
ENSG00000302613.1,0.0
ENSG00000302614.1,0.0
ENSG00000302615.1,0.0
ENSG00000302616.1,0.0
ENSG00000302617.1,0.0
ENSG00000302618.1,0.0
ENSG00000302619.1,0.0
ENSG00000302620.1,0.0
ENSG00000302621.1,0.0
ENSG00000302622.1,0.0
ENSG00000302623.1,0.0
ENSG00000302624.1,0.0
ENSG00000302625.1,0.0
ENSG00000302626.1,0.0
ENSG00000302627.1,0.0
ENSG00000302628.1,0.0
ENSG00000302629.1,0.0
ENSG00000302630.1,0.0
ENSG00000302631.1,0.0
ENSG00000302632.1,0.0
ENSG00000302633.1,0.0
ENSG00000302634.1,0.0
ENSG00000302635.1,0.0
ENSG00000302636.1,0.0
ENSG00000302637.1,0.0
ENSG00000302638.1,0.0
ENSG00000302639.1,0.0
ENSG00000302640.1,0.0
ENSG00000302641.1,0.0
ENSG00000302642.1,0.0
ENSG00000302643.1,0.0
ENSG00000302644.1,0.0
ENSG00000302645.1,0.0
ENSG00000302646.1,0.0
ENSG00000302647.1,0.0
ENSG00000302648.1,0.0
ENSG00000302649.1,0.0
ENSG00000302650.1,0.0
ENSG00000302651.1,0.0
ENSG00000302652.1,0.0
ENSG00000302653.1,0.0
ENSG00000302654.1,0.0
ENSG00000302655.1,0.0
ENSG00000302656.1,0.0
ENSG00000302657.1,0.0
ENSG00000302658.1,0.0
ENSG00000302659.1,0.475455
ENSG00000302660.1,0.0
ENSG00000302661.1,0.0
ENSG00000302662.1,0.0
ENSG00000302663.1,0.0
ENSG00000302664.1,0.594042
ENSG00000302665.1,0.0
ENSG00000302666.1,0.0
ENSG00000302667.1,0.0
ENSG00000302668.1,0.0
ENSG00000302669.1,0.0
ENSG00000302670.1,0.0
ENSG00000302671.1,0.0
ENSG00000302672.1,0.0
ENSG00000302673.1,0.0
ENSG00000302674.1,0.0
ENSG00000302675.1,0.0
ENSG00000302676.1,0.0
ENSG00000302677.1,0.0
ENSG00000302678.1,0.0
ENSG00000302679.1,0.0
ENSG00000302680.1,0.0
ENSG00000302681.1,0.0
ENSG00000302682.1,0.0
ENSG00000302683.1,0.0
ENSG00000302684.1,0.0
ENSG00000302685.1,0.0
ENSG00000302686.1,0.0
ENSG00000302687.1,0.0
ENSG00000302688.1,0.0
ENSG00000302689.1,0.0
ENSG00000302690.1,0.0
ENSG00000302691.1,0.0
ENSG00000302692.1,0.0
ENSG00000302693.1,0.0
ENSG00000302694.1,0.0
ENSG00000302695.1,0.0
ENSG00000302696.1,0.0
ENSG00000302697.1,0.0
ENSG00000302698.1,0.0
ENSG00000302699.1,0.0
ENSG00000302700.1,0.0
ENSG00000302701.1,0.0
ENSG00000302702.1,0.0
ENSG00000302703.1,0.0
ENSG00000302704.1,0.0
ENSG00000302705.1,0.0
ENSG00000302706.1,0.0
ENSG00000302707.1,0.0
ENSG00000302708.1,0.0
ENSG00000302709.1,0.0
ENSG00000302710.1,0.0
ENSG00000302711.1,0.0
ENSG00000302712.1,0.0
ENSG00000302713.1,0.0
ENSG00000302714.1,0.0
ENSG00000302715.1,0.0
ENSG00000302716.1,0.0
ENSG00000302717.1,0.0
ENSG00000302718.1,0.0
ENSG00000302719.1,0.0
ENSG00000302720.1,0.0
ENSG00000302721.1,0.0
ENSG00000302722.1,0.0
ENSG00000302723.1,0.0
ENSG00000302724.1,0.0
ENSG00000302725.1,0.0
ENSG00000302726.1,0.0
ENSG00000302727.1,0.0
ENSG00000302728.1,0.0
ENSG00000302729.1,0.0
ENSG00000302730.1,0.0
ENSG00000302731.1,0.0
ENSG00000302732.1,0.0
ENSG00000302733.1,1.499253
ENSG00000302734.1,0.314385
ENSG00000302735.1,0.0
ENSG00000302736.1,0.0
ENSG00000302737.1,0.0
ENSG00000302738.1,0.0
ENSG00000302739.1,0.0
ENSG00000302740.1,0.0
ENSG00000302741.1,0.0
ENSG00000302742.1,0.0
ENSG00000302743.1,0.0
ENSG00000302744.1,0.0
ENSG00000302745.1,0.0
ENSG00000302746.1,0.0
ENSG00000302747.1,0.0
ENSG00000302748.1,0.0
ENSG00000302749.1,0.0
ENSG00000302750.1,0.0
ENSG00000302751.1,0.0
ENSG00000302752.1,0.392691
ENSG00000302753.1,0.0
ENSG00000302754.1,0.0
ENSG00000302755.1,0.0
ENSG00000302756.1,2.910577
ENSG00000302757.1,0.0
ENSG00000302758.1,0.0
ENSG00000302759.1,0.0
ENSG00000302760.1,0.0
ENSG00000302761.1,0.0
ENSG00000302762.1,0.0
ENSG00000302763.1,0.0
ENSG00000302764.1,0.0
ENSG00000302765.1,0.0
ENSG00000302766.1,0.0
ENSG00000302767.1,0.0
ENSG00000302768.1,0.0
ENSG00000302769.1,0.0
ENSG00000302770.1,0.0
ENSG00000302771.1,0.0
ENSG00000302772.1,0.0
ENSG00000302773.1,0.0
ENSG00000302774.1,0.0
ENSG00000302775.1,5.860767
ENSG00000302776.1,0.0
ENSG00000302777.1,0.0
ENSG00000302778.1,0.0
ENSG00000302779.1,0.0
ENSG00000302780.1,0.0
ENSG00000302781.1,0.0
ENSG00000302782.1,0.716985
ENSG00000302783.1,0.0
ENSG00000302784.1,0.0
ENSG00000302785.1,0.0
ENSG00000302786.1,1.530216
ENSG00000302787.1,0.0
ENSG00000302788.1,0.0
ENSG00000302789.1,0.0
ENSG00000302790.1,0.0
ENSG00000302791.1,0.0
ENSG00000302792.1,0.0
ENSG00000302793.1,0.0
ENSG00000302794.1,0.0
ENSG00000302795.1,0.0
ENSG00000302796.1,0.0
ENSG00000302797.1,0.0
ENSG00000302798.1,0.0
ENSG00000302799.1,0.835442
ENSG00000302800.1,0.0
ENSG00000302801.1,0.0
ENSG00000302802.1,0.0
ENSG00000302803.1,0.0
ENSG00000302804.1,0.0
ENSG00000302805.1,0.0
ENSG00000302806.1,0.0
ENSG00000302807.1,0.0
ENSG00000302808.1,0.0
ENSG00000302809.1,0.0
ENSG00000302810.1,0.0
ENSG00000302811.1,0.0
ENSG00000302812.1,0.0
ENSG00000302813.1,0.0
ENSG00000302814.1,0.0
ENSG00000302815.1,0.0
ENSG00000302816.1,0.0
ENSG00000302817.1,0.0
ENSG00000302818.1,0.0
ENSG00000302819.1,0.233974
ENSG00000302820.1,0.0
ENSG00000302821.1,0.0
ENSG00000302822.1,0.194807
ENSG00000302823.1,0.0
ENSG00000302824.1,0.343005
ENSG00000302825.1,0.0
ENSG00000302826.1,0.0
ENSG00000302827.1,0.0
ENSG00000302828.1,0.0
ENSG00000302829.1,0.0
ENSG00000302830.1,0.0
ENSG00000302831.1,0.0
ENSG00000302832.1,0.0
ENSG00000302833.2,0.0
ENSG00000302834.1,0.0
ENSG00000302835.1,0.0
ENSG00000302836.1,0.0
ENSG00000302837.1,0.0
ENSG00000302838.1,0.0
ENSG00000302839.1,0.0
ENSG00000302840.1,0.0
ENSG00000302841.1,0.0
ENSG00000302842.1,0.0
ENSG00000302843.1,0.0
ENSG00000302844.1,0.0
ENSG00000302845.1,0.0
ENSG00000302846.1,0.0
ENSG00000302847.1,0.0
ENSG00000302848.1,0.0
ENSG00000302849.1,0.0
ENSG00000302850.1,0.0
ENSG00000302851.1,0.0
ENSG00000302852.1,0.0
ENSG00000302853.1,0.0
ENSG00000302854.1,0.0
ENSG00000302855.1,0.0
ENSG00000302856.1,0.0
ENSG00000302857.1,0.0
ENSG00000302858.1,0.0
ENSG00000302859.1,0.0
ENSG00000302860.1,0.0
ENSG00000302861.1,0.0
ENSG00000302862.1,0.0
ENSG00000302863.1,0.0
ENSG00000302864.1,0.0
ENSG00000302865.1,0.0
ENSG00000302866.1,0.0
ENSG00000302867.1,0.0
ENSG00000302868.1,0.0
ENSG00000302869.1,0.0
ENSG00000302870.1,0.0
ENSG00000302871.1,0.0
ENSG00000302872.1,0.0
ENSG00000302873.1,0.0
ENSG00000302874.1,0.0
ENSG00000302875.1,0.0
ENSG00000302876.1,0.0
ENSG00000302877.1,0.0
ENSG00000302878.1,0.0
ENSG00000302879.1,0.0
ENSG00000302880.1,0.0
ENSG00000302881.1,0.0
ENSG00000302882.1,0.0
ENSG00000302883.1,0.0
ENSG00000302884.1,0.0
ENSG00000302885.1,0.0
ENSG00000302886.1,0.0
ENSG00000302887.1,0.0
ENSG00000302888.1,0.0
ENSG00000302889.1,0.0
ENSG00000302890.1,0.0
ENSG00000302891.1,0.0
ENSG00000302892.1,0.0
ENSG00000302893.1,0.0
ENSG00000302894.1,0.77987
ENSG00000302895.1,0.0
ENSG00000302896.1,0.0
ENSG00000302897.1,0.0
ENSG00000302898.1,0.0
ENSG00000302899.1,0.0
ENSG00000302900.1,0.0
ENSG00000302901.1,0.0
ENSG00000302902.1,0.0
ENSG00000302903.1,0.0
ENSG00000302904.1,0.651816
ENSG00000302905.1,0.0
ENSG00000302906.1,2.656382
ENSG00000302907.1,0.0
ENSG00000302908.1,0.0
ENSG00000302909.1,0.402648
ENSG00000302910.1,0.0
ENSG00000302911.1,0.0
ENSG00000302912.1,0.0
ENSG00000302913.1,0.0
ENSG00000302914.1,0.0
ENSG00000302915.1,0.0
ENSG00000302916.1,0.0
ENSG00000302917.1,0.0
ENSG00000302918.1,0.0
ENSG00000302919.1,0.0
ENSG00000302920.1,0.0
ENSG00000302921.1,0.0
ENSG00000302922.1,0.0
ENSG00000302923.1,0.0
ENSG00000302924.1,0.0
ENSG00000302925.1,0.0
ENSG00000302926.1,0.0
ENSG00000302927.1,0.0
ENSG00000302928.1,0.0
ENSG00000302929.1,0.0
ENSG00000302930.1,0.0
ENSG00000302931.1,0.0
ENSG00000302932.1,0.0
ENSG00000302933.1,0.0
ENSG00000302934.1,0.0
ENSG00000302935.1,0.0
ENSG00000302936.1,0.0
ENSG00000302937.1,0.0
ENSG00000302938.1,0.0
ENSG00000302939.1,0.0
ENSG00000302940.1,0.0
ENSG00000302941.1,0.0
ENSG00000302942.1,0.0
ENSG00000302943.1,0.0
ENSG00000302944.1,0.0
ENSG00000302945.1,0.0
ENSG00000302946.1,0.0
ENSG00000302947.1,0.0
ENSG00000302948.1,0.0
ENSG00000302949.1,0.0
ENSG00000302950.1,0.0
ENSG00000302951.1,0.0
ENSG00000302952.1,0.0
ENSG00000302953.1,1.455949
ENSG00000302954.1,0.0
ENSG00000302955.1,0.0
ENSG00000302956.1,0.0
ENSG00000302957.1,0.0
ENSG00000302958.1,0.0
ENSG00000302959.1,0.0
ENSG00000302960.1,0.0
ENSG00000302961.1,0.0
ENSG00000302962.1,0.0
ENSG00000302963.1,0.0
ENSG00000302964.1,0.0
ENSG00000302965.1,0.0
ENSG00000302966.1,13.391300999999999
ENSG00000302967.1,0.0
ENSG00000302968.1,0.318438
ENSG00000302969.1,0.0
ENSG00000302970.1,0.0
ENSG00000302971.1,0.0
ENSG00000302972.1,0.0
ENSG00000302973.1,0.0
ENSG00000302974.1,0.0
ENSG00000302975.1,0.0
ENSG00000302976.1,0.0
ENSG00000302977.1,0.0
ENSG00000302978.1,0.0
ENSG00000302979.1,0.0
ENSG00000302980.1,0.0
ENSG00000302981.1,0.0
ENSG00000302982.1,0.0
ENSG00000302983.1,1.065172
ENSG00000302984.1,0.0
ENSG00000302985.1,0.0
ENSG00000302986.1,0.0
ENSG00000302987.1,0.0
ENSG00000302988.1,0.0
ENSG00000302989.1,0.135174
ENSG00000302990.1,0.0
ENSG00000302991.1,0.0
ENSG00000302992.1,0.0
ENSG00000302993.1,0.0
ENSG00000302994.1,0.0
ENSG00000302995.1,0.0
ENSG00000302996.1,0.0
ENSG00000302997.1,0.0
ENSG00000302998.1,0.0
ENSG00000302999.1,4.490206
ENSG00000303000.1,0.0
ENSG00000303001.1,0.0
ENSG00000303002.1,0.0
ENSG00000303003.1,0.0
ENSG00000303004.1,0.0
ENSG00000303005.1,0.0
ENSG00000303006.1,0.104013
ENSG00000303007.1,0.0
ENSG00000303008.1,0.0
ENSG00000303009.1,0.0
ENSG00000303010.1,0.0
ENSG00000303011.1,0.0
ENSG00000303012.1,0.0
ENSG00000303013.1,0.0
ENSG00000303014.1,0.0
ENSG00000303015.1,0.0
ENSG00000303016.1,0.521466
ENSG00000303017.1,0.0
ENSG00000303018.1,0.0
ENSG00000303019.1,0.0
ENSG00000303020.1,0.0
ENSG00000303021.1,0.591944
ENSG00000303022.1,0.0
ENSG00000303023.1,0.0
ENSG00000303024.1,0.0
ENSG00000303025.1,0.0
ENSG00000303026.1,0.0
ENSG00000303027.1,0.0
ENSG00000303029.1,0.0
ENSG00000303030.1,0.0
ENSG00000303031.1,0.0
ENSG00000303032.1,0.0
ENSG00000303033.1,0.0
ENSG00000303034.1,0.0
ENSG00000303035.1,0.0
ENSG00000303036.1,0.593516
ENSG00000303037.1,0.0
ENSG00000303038.1,0.0
ENSG00000303039.1,0.0
ENSG00000303040.1,0.0
ENSG00000303041.1,0.0
ENSG00000303042.1,0.0
ENSG00000303043.1,0.0
ENSG00000303044.1,0.0
ENSG00000303045.1,0.0
ENSG00000303046.1,0.0
ENSG00000303047.1,0.0
ENSG00000303048.1,0.0
ENSG00000303049.1,0.0
ENSG00000303050.1,0.0
ENSG00000303051.1,0.0
ENSG00000303052.1,0.0
ENSG00000303053.1,0.0
ENSG00000303054.1,0.0
ENSG00000303055.1,0.0
ENSG00000303056.1,0.0
ENSG00000303057.1,0.0
ENSG00000303058.1,0.0
ENSG00000303059.1,0.0
ENSG00000303060.1,0.0
ENSG00000303061.1,0.0
ENSG00000303062.1,0.0
ENSG00000303063.1,0.0
ENSG00000303064.1,0.0
ENSG00000303065.1,0.0
ENSG00000303066.1,0.0
ENSG00000303067.1,0.0
ENSG00000303068.1,0.0
ENSG00000303069.1,0.0
ENSG00000303070.1,0.0
ENSG00000303071.1,0.0
ENSG00000303072.1,0.0
ENSG00000303073.1,0.0
ENSG00000303074.1,0.0
ENSG00000303075.1,0.0
ENSG00000303076.1,0.0
ENSG00000303077.1,0.0
ENSG00000303078.1,0.0
ENSG00000303079.1,0.0
ENSG00000303080.1,0.0
ENSG00000303081.1,0.0
ENSG00000303082.1,0.0
ENSG00000303083.1,0.0
ENSG00000303084.1,0.0
ENSG00000303085.1,0.0
ENSG00000303086.1,0.0
ENSG00000303087.1,0.0
ENSG00000303088.1,0.0
ENSG00000303089.1,0.0
ENSG00000303090.1,0.0
ENSG00000303091.1,0.500902
ENSG00000303092.1,0.0
ENSG00000303093.1,0.0
ENSG00000303094.1,0.0
ENSG00000303095.1,0.0
ENSG00000303096.1,0.0
ENSG00000303097.1,0.0
ENSG00000303098.1,0.0
ENSG00000303099.1,0.0
ENSG00000303100.1,0.0
ENSG00000303101.1,0.0
ENSG00000303102.1,0.0
ENSG00000303103.1,0.0
ENSG00000303104.1,0.0
ENSG00000303105.1,0.0
ENSG00000303106.1,0.0
ENSG00000303107.1,0.0
ENSG00000303108.1,0.0
ENSG00000303109.1,0.0
ENSG00000303110.1,0.0
ENSG00000303111.1,0.0
ENSG00000303112.1,0.0
ENSG00000303113.1,0.0
ENSG00000303114.1,0.493572
ENSG00000303115.1,2.132541
ENSG00000303116.1,0.0
ENSG00000303117.1,0.0
ENSG00000303118.1,0.0
ENSG00000303119.1,0.0
ENSG00000303120.1,0.0
ENSG00000303121.1,0.0
ENSG00000303122.1,0.0
ENSG00000303123.1,0.0
ENSG00000303124.1,0.0
ENSG00000303125.1,0.0
ENSG00000303126.1,0.0
ENSG00000303127.1,0.0
ENSG00000303128.1,0.0
ENSG00000303129.1,0.0
ENSG00000303130.1,0.0
ENSG00000303131.1,0.0
ENSG00000303132.1,0.0
ENSG00000303133.1,0.0
ENSG00000303134.1,0.0
ENSG00000303135.1,0.0
ENSG00000303136.1,1.040881
ENSG00000303137.1,0.0
ENSG00000303138.1,0.0
ENSG00000303139.1,0.0
ENSG00000303140.1,0.0
ENSG00000303141.1,0.0
ENSG00000303142.1,0.0
ENSG00000303143.1,0.0
ENSG00000303144.1,0.0
ENSG00000303145.1,0.0
ENSG00000303146.1,0.0
ENSG00000303147.1,0.0
ENSG00000303148.1,0.246881
ENSG00000303149.1,0.0
ENSG00000303150.1,0.0
ENSG00000303151.1,0.0
ENSG00000303152.1,0.0
ENSG00000303153.1,0.0
ENSG00000303154.1,0.0
ENSG00000303155.1,0.0
ENSG00000303156.1,0.0
ENSG00000303157.1,0.0
ENSG00000303158.1,0.0
ENSG00000303159.1,1.183575
ENSG00000303160.1,0.0
ENSG00000303161.1,0.0
ENSG00000303162.1,0.0
ENSG00000303163.1,0.0
ENSG00000303164.1,0.0
ENSG00000303165.1,0.0
ENSG00000303166.1,0.0
ENSG00000303167.1,0.0
ENSG00000303168.1,0.0
ENSG00000303169.1,0.0
ENSG00000303170.1,0.0
ENSG00000303171.1,0.0
ENSG00000303172.1,0.0
ENSG00000303173.1,0.0
ENSG00000303174.1,0.0
ENSG00000303175.1,0.0
ENSG00000303176.1,0.0
ENSG00000303177.1,0.0
ENSG00000303178.1,0.0
ENSG00000303179.1,0.0
ENSG00000303180.1,0.0
ENSG00000303181.1,0.0
ENSG00000303182.1,0.0
ENSG00000303183.1,0.0
ENSG00000303184.1,0.0
ENSG00000303185.1,0.0
ENSG00000303186.1,0.0
ENSG00000303187.1,0.0
ENSG00000303188.1,0.0
ENSG00000303189.1,0.0
ENSG00000303190.1,0.0
ENSG00000303191.1,0.0
ENSG00000303192.1,0.0
ENSG00000303193.1,0.0
ENSG00000303194.1,0.0
ENSG00000303195.1,0.0
ENSG00000303196.1,0.0
ENSG00000303197.1,0.0
ENSG00000303198.1,0.0
ENSG00000303199.1,0.0
ENSG00000303200.1,0.0
ENSG00000303201.1,0.0
ENSG00000303202.1,0.0
ENSG00000303203.1,0.0
ENSG00000303204.1,0.0
ENSG00000303205.1,1.717433
ENSG00000303206.1,0.206192
ENSG00000303207.1,0.0
ENSG00000303208.1,0.0
ENSG00000303209.1,0.0
ENSG00000303210.1,0.0
ENSG00000303211.1,0.0
ENSG00000303212.1,0.0
ENSG00000303213.1,0.0
ENSG00000303214.1,0.0
ENSG00000303215.1,0.0
ENSG00000303216.1,0.0
ENSG00000303217.1,0.0
ENSG00000303218.1,0.0
ENSG00000303219.1,0.0
ENSG00000303220.1,0.0
ENSG00000303221.1,0.0
ENSG00000303222.1,0.0
ENSG00000303223.1,0.0
ENSG00000303224.1,0.0
ENSG00000303225.1,0.0
ENSG00000303226.1,0.0
ENSG00000303227.1,0.0
ENSG00000303228.1,0.841656
ENSG00000303229.1,0.0
ENSG00000303230.1,0.0
ENSG00000303231.1,0.0
ENSG00000303232.1,0.0
ENSG00000303233.1,0.901631
ENSG00000303234.1,0.0
ENSG00000303235.1,0.0
ENSG00000303236.1,0.0
ENSG00000303237.1,0.0
ENSG00000303238.1,0.780567
ENSG00000303239.1,0.0
ENSG00000303240.1,0.0
ENSG00000303241.1,0.0
ENSG00000303242.1,0.0
ENSG00000303243.1,0.0
ENSG00000303244.1,0.0
ENSG00000303245.1,0.0
ENSG00000303246.1,0.0
ENSG00000303247.1,0.0
ENSG00000303248.1,0.0
ENSG00000303249.1,0.0
ENSG00000303250.1,0.0
ENSG00000303251.1,0.0
ENSG00000303252.1,0.0
ENSG00000303254.1,0.0
ENSG00000303255.1,0.0
ENSG00000303256.1,0.0
ENSG00000303257.1,0.0
ENSG00000303258.1,1.353827
ENSG00000303259.1,0.0
ENSG00000303260.1,0.0
ENSG00000303261.1,0.0
ENSG00000303262.1,0.0
ENSG00000303263.1,0.0
ENSG00000303264.1,0.0
ENSG00000303265.1,0.0
ENSG00000303266.1,0.0
ENSG00000303267.1,0.0
ENSG00000303268.1,0.0
ENSG00000303269.1,0.0
ENSG00000303270.1,0.0
ENSG00000303271.1,0.0
ENSG00000303272.1,0.0
ENSG00000303273.1,0.0
ENSG00000303274.1,0.0
ENSG00000303275.1,0.0
ENSG00000303276.1,0.0
ENSG00000303277.1,0.0
ENSG00000303278.1,0.0
ENSG00000303279.1,0.0
ENSG00000303280.1,0.0
ENSG00000303281.1,0.0
ENSG00000303282.1,0.0
ENSG00000303283.1,0.0
ENSG00000303284.1,0.0
ENSG00000303285.1,0.0
ENSG00000303286.1,4.357156
ENSG00000303287.1,0.0
ENSG00000303288.1,0.0
ENSG00000303289.1,0.0
ENSG00000303290.1,0.0
ENSG00000303291.1,0.0
ENSG00000303292.1,0.0
ENSG00000303293.1,0.0
ENSG00000303294.1,0.0
ENSG00000303295.1,0.0
ENSG00000303296.1,0.0
ENSG00000303297.1,0.0
ENSG00000303298.1,0.0
ENSG00000303299.1,0.0
ENSG00000303300.1,0.0
ENSG00000303301.1,0.0
ENSG00000303302.1,0.0
ENSG00000303303.1,1.18545
ENSG00000303304.1,0.0
ENSG00000303305.1,0.0
ENSG00000303306.1,0.0
ENSG00000303307.1,0.0
ENSG00000303308.1,0.0
ENSG00000303309.1,0.0
ENSG00000303310.1,0.0
ENSG00000303311.1,0.416219
ENSG00000303312.1,0.0
ENSG00000303313.1,0.0
ENSG00000303314.1,0.286434
ENSG00000303315.1,0.0
ENSG00000303316.1,0.0
ENSG00000303317.1,0.0
ENSG00000303318.1,0.0
ENSG00000303319.1,0.0
ENSG00000303320.2,0.0
ENSG00000303321.1,0.0
ENSG00000303322.1,0.0
ENSG00000303323.1,0.0
ENSG00000303324.1,0.674852
ENSG00000303325.1,0.0
ENSG00000303326.1,0.0
ENSG00000303327.1,0.0
ENSG00000303328.1,0.0
ENSG00000303329.1,1.792464
ENSG00000303330.1,0.0
ENSG00000303331.1,0.0
ENSG00000303332.1,0.0
ENSG00000303333.1,0.0
ENSG00000303334.1,0.0
ENSG00000303335.1,0.779002
ENSG00000303336.1,0.0
ENSG00000303337.1,0.0
ENSG00000303338.1,0.0
ENSG00000303339.1,0.0
ENSG00000303340.1,0.0
ENSG00000303341.1,0.0
ENSG00000303342.1,0.0
ENSG00000303343.1,0.0
ENSG00000303344.1,0.0
ENSG00000303345.1,0.0
ENSG00000303346.1,0.0
ENSG00000303347.1,0.0
ENSG00000303348.1,0.0
ENSG00000303349.1,0.0
ENSG00000303350.1,0.0
ENSG00000303351.1,0.0
ENSG00000303352.1,0.0
ENSG00000303353.1,0.0
ENSG00000303354.1,0.0
ENSG00000303355.1,0.0
ENSG00000303356.1,0.0
ENSG00000303357.1,0.0
ENSG00000303358.1,0.0
ENSG00000303359.1,0.0
ENSG00000303360.1,1.151525
ENSG00000303361.1,1.31332
ENSG00000303362.1,0.0
ENSG00000303363.1,0.0
ENSG00000303364.1,0.0
ENSG00000303365.1,0.0
ENSG00000303366.1,0.0
ENSG00000303367.1,0.0
ENSG00000303368.1,0.0
ENSG00000303369.1,0.0
ENSG00000303370.1,0.0
ENSG00000303371.1,0.0
ENSG00000303372.1,0.0
ENSG00000303373.1,0.718175
ENSG00000303374.1,0.0
ENSG00000303375.1,2.376169
ENSG00000303376.1,0.0
ENSG00000303377.1,0.0
ENSG00000303378.1,0.0
ENSG00000303379.1,0.0
ENSG00000303380.1,0.0
ENSG00000303381.1,0.0
ENSG00000303382.1,0.0
ENSG00000303383.1,0.0
ENSG00000303384.1,0.0
ENSG00000303385.1,0.0
ENSG00000303386.1,0.242924
ENSG00000303387.1,0.0
ENSG00000303388.1,0.0
ENSG00000303389.1,0.0
ENSG00000303390.1,0.0
ENSG00000303391.1,0.0
ENSG00000303392.1,0.0
ENSG00000303393.1,0.0
ENSG00000303394.1,0.0
ENSG00000303395.1,0.0
ENSG00000303396.1,0.0
ENSG00000303397.1,0.0
ENSG00000303398.1,0.0
ENSG00000303399.1,0.0
ENSG00000303400.1,0.0
ENSG00000303401.1,0.0
ENSG00000303402.1,0.0
ENSG00000303403.1,0.796639
ENSG00000303404.1,0.0
ENSG00000303405.1,3.817521
ENSG00000303406.1,0.0
ENSG00000303407.1,0.0
ENSG00000303408.1,0.0
ENSG00000303409.1,0.0
ENSG00000303410.1,0.0
ENSG00000303411.1,0.0
ENSG00000303412.1,0.0
ENSG00000303413.1,0.0
ENSG00000303414.1,0.0
ENSG00000303415.1,0.874063
ENSG00000303416.1,0.0
ENSG00000303418.1,0.463983
ENSG00000303419.1,0.189332
ENSG00000303420.1,0.0
ENSG00000303421.1,0.0
ENSG00000303422.1,0.0
ENSG00000303423.1,0.0
ENSG00000303424.1,0.0
ENSG00000303425.1,0.916258
ENSG00000303426.1,0.816457
ENSG00000303427.1,0.0
ENSG00000303428.1,0.0
ENSG00000303429.1,0.0
ENSG00000303430.1,0.0
ENSG00000303431.1,0.0
ENSG00000303432.1,0.0
ENSG00000303433.1,0.594309
ENSG00000303434.1,0.0
ENSG00000303435.1,0.0
ENSG00000303436.1,0.0
ENSG00000303437.1,0.0
ENSG00000303438.1,0.0
ENSG00000303440.1,0.0
ENSG00000303441.1,0.0
ENSG00000303442.1,2.062457
ENSG00000303443.1,0.0
ENSG00000303444.1,0.0
ENSG00000303445.1,0.0
ENSG00000303446.1,0.346172
ENSG00000303447.1,0.0
ENSG00000303448.1,0.0
ENSG00000303449.1,0.0
ENSG00000303450.1,0.0
ENSG00000303451.1,0.0
ENSG00000303452.1,0.0
ENSG00000303453.1,0.0
ENSG00000303454.1,0.0
ENSG00000303455.1,0.0
ENSG00000303456.1,0.0
ENSG00000303457.1,0.0
ENSG00000303458.1,0.0
ENSG00000303459.1,0.0
ENSG00000303460.1,0.0
ENSG00000303461.1,0.539365
ENSG00000303462.1,0.0
ENSG00000303463.1,0.435795
ENSG00000303464.1,0.0
ENSG00000303465.1,0.0
ENSG00000303466.1,0.0
ENSG00000303467.1,0.0
ENSG00000303468.1,0.0
ENSG00000303469.1,0.0
ENSG00000303470.1,0.0
ENSG00000303471.1,0.0
ENSG00000303472.1,0.0
ENSG00000303473.1,0.0
ENSG00000303474.1,0.221375
ENSG00000303475.1,0.0
ENSG00000303476.1,0.0
ENSG00000303477.1,0.0
ENSG00000303478.1,0.0
ENSG00000303479.1,0.0
ENSG00000303480.1,0.0
ENSG00000303481.1,0.0
ENSG00000303482.1,0.179399
ENSG00000303483.1,0.0
ENSG00000303484.1,0.0
ENSG00000303485.1,0.0
ENSG00000303486.1,0.0
ENSG00000303487.1,0.0
ENSG00000303488.1,0.0
ENSG00000303489.1,0.0
ENSG00000303490.1,0.0
ENSG00000303491.1,0.0
ENSG00000303492.1,0.0
ENSG00000303493.1,0.0
ENSG00000303494.1,0.0
ENSG00000303495.1,0.0
ENSG00000303496.1,0.0
ENSG00000303497.1,0.0
ENSG00000303498.1,0.0
ENSG00000303499.1,0.0
ENSG00000303500.1,0.0
ENSG00000303501.1,0.449904
ENSG00000303502.1,0.0
ENSG00000303503.1,0.0
ENSG00000303504.1,0.0
ENSG00000303505.1,0.0
ENSG00000303506.1,0.0
ENSG00000303507.1,0.0
ENSG00000303508.1,0.0
ENSG00000303509.1,0.0
ENSG00000303510.1,0.0
ENSG00000303511.1,0.0
ENSG00000303512.1,0.0
ENSG00000303513.1,0.0
ENSG00000303514.1,0.0
ENSG00000303515.1,0.0
ENSG00000303516.1,0.0
ENSG00000303517.1,0.0
ENSG00000303518.1,0.0
ENSG00000303519.1,0.0
ENSG00000303520.1,0.0
ENSG00000303521.1,0.0
ENSG00000303522.1,0.0
ENSG00000303523.1,0.0
ENSG00000303524.1,0.0
ENSG00000303525.1,0.0
ENSG00000303526.1,0.0
ENSG00000303527.1,0.0
ENSG00000303528.1,0.0
ENSG00000303529.1,0.0
ENSG00000303530.1,0.0
ENSG00000303531.1,0.0
ENSG00000303532.1,0.508543
ENSG00000303533.1,0.0
ENSG00000303534.1,0.0
ENSG00000303535.1,0.0
ENSG00000303536.1,0.0
ENSG00000303537.1,0.0
ENSG00000303538.1,0.0
ENSG00000303539.1,0.0
ENSG00000303540.1,0.0
ENSG00000303541.1,0.0
ENSG00000303542.1,0.0
ENSG00000303543.1,0.0
ENSG00000303544.1,0.0
ENSG00000303545.1,0.0
ENSG00000303546.1,0.0
ENSG00000303547.1,0.0
ENSG00000303548.1,0.0
ENSG00000303549.1,0.0
ENSG00000303550.1,0.0
ENSG00000303551.1,0.0
ENSG00000303552.1,0.0
ENSG00000303553.1,0.0
ENSG00000303554.1,0.470424
ENSG00000303555.1,0.0
ENSG00000303556.1,0.0
ENSG00000303557.1,0.0
ENSG00000303558.1,0.0
ENSG00000303559.1,0.0
ENSG00000303560.1,0.0
ENSG00000303562.1,0.0
ENSG00000303563.1,0.0
ENSG00000303564.1,1.543495
ENSG00000303565.1,0.0
ENSG00000303566.1,0.0
ENSG00000303567.1,0.0
ENSG00000303568.1,0.0
ENSG00000303569.1,0.0
ENSG00000303570.1,0.0
ENSG00000303571.1,0.0
ENSG00000303572.1,0.0
ENSG00000303573.1,0.0
ENSG00000303574.1,0.0
ENSG00000303575.1,0.0
ENSG00000303576.1,0.0
ENSG00000303577.1,0.0
ENSG00000303578.1,0.587772
ENSG00000303579.1,2.847216
ENSG00000303580.1,0.651
ENSG00000303581.1,0.0
ENSG00000303582.1,0.0
ENSG00000303583.1,0.0
ENSG00000303584.1,0.0
ENSG00000303585.1,0.0
ENSG00000303586.1,0.0
ENSG00000303587.1,0.0
ENSG00000303588.1,0.0
ENSG00000303589.3,0.0
ENSG00000303590.1,0.0
ENSG00000303591.1,0.464525
ENSG00000303592.1,0.0
ENSG00000303593.1,0.0
ENSG00000303594.1,0.0
ENSG00000303595.1,0.2944
ENSG00000303596.1,0.0
ENSG00000303597.1,0.0
ENSG00000303598.1,0.0
ENSG00000303599.1,0.0
ENSG00000303600.1,0.0
ENSG00000303601.1,0.0
ENSG00000303602.1,0.0
ENSG00000303603.1,0.0
ENSG00000303604.1,0.209299
ENSG00000303605.1,0.0
ENSG00000303606.1,0.0
ENSG00000303607.1,0.0
ENSG00000303608.1,0.0
ENSG00000303609.1,0.0
ENSG00000303610.1,0.0
ENSG00000303611.1,0.0
ENSG00000303612.1,0.0
ENSG00000303613.1,0.0
ENSG00000303614.1,0.0
ENSG00000303615.1,0.0
ENSG00000303616.1,0.0
ENSG00000303617.1,0.0
ENSG00000303618.1,0.0
ENSG00000303619.1,0.0
ENSG00000303620.1,0.0
ENSG00000303621.1,0.0
ENSG00000303622.1,0.0
ENSG00000303623.1,0.0
ENSG00000303624.1,0.0
ENSG00000303625.1,0.0
ENSG00000303626.1,0.0
ENSG00000303627.1,0.0
ENSG00000303628.1,0.0
ENSG00000303629.1,0.0
ENSG00000303630.1,0.0
ENSG00000303631.1,0.0
ENSG00000303632.1,0.458247
ENSG00000303633.1,0.0
ENSG00000303634.1,0.0
ENSG00000303635.1,0.0
ENSG00000303636.1,0.0
ENSG00000303637.1,0.0
ENSG00000303638.1,0.0
ENSG00000303639.1,0.492773
ENSG00000303640.1,0.658952
ENSG00000303641.1,0.0
ENSG00000303642.1,0.0
ENSG00000303643.1,0.0
ENSG00000303644.1,0.0
ENSG00000303645.1,0.0
ENSG00000303646.1,0.0
ENSG00000303647.1,0.588021
ENSG00000303648.1,0.0
ENSG00000303649.1,0.0
ENSG00000303650.1,0.0
ENSG00000303651.1,2.036868
ENSG00000303652.1,0.0
ENSG00000303653.1,0.0
ENSG00000303654.1,0.0
ENSG00000303655.1,0.0
ENSG00000303656.1,0.631011
ENSG00000303657.1,0.0
ENSG00000303658.1,1.140792
ENSG00000303659.1,0.0
ENSG00000303660.1,0.0
ENSG00000303661.1,0.0
ENSG00000303662.1,0.0
ENSG00000303663.1,0.0
ENSG00000303664.1,0.0
ENSG00000303665.1,0.0
ENSG00000303666.1,0.0
ENSG00000303667.1,0.0
ENSG00000303668.1,0.0
ENSG00000303669.1,0.0
ENSG00000303670.1,0.0
ENSG00000303671.1,0.0
ENSG00000303672.1,0.0
ENSG00000303673.1,0.0
ENSG00000303674.1,0.0
ENSG00000303675.1,0.0
ENSG00000303676.1,0.0
ENSG00000303677.1,0.0
ENSG00000303678.1,0.0
ENSG00000303679.1,0.0
ENSG00000303680.1,0.0
ENSG00000303681.1,0.0
ENSG00000303682.1,0.0
ENSG00000303683.1,0.0
ENSG00000303684.1,0.0
ENSG00000303685.1,0.0
ENSG00000303686.1,0.0
ENSG00000303687.1,0.0
ENSG00000303688.1,0.0
ENSG00000303689.1,0.0
ENSG00000303690.1,0.0
ENSG00000303691.1,0.0
ENSG00000303692.1,0.0
ENSG00000303693.1,0.0
ENSG00000303694.1,0.0
ENSG00000303695.1,0.177381
ENSG00000303696.1,1.401246
ENSG00000303697.1,0.0
ENSG00000303698.1,0.0
ENSG00000303699.1,0.0
ENSG00000303700.1,0.0
ENSG00000303701.1,0.0
ENSG00000303702.1,0.0
ENSG00000303703.1,0.0
ENSG00000303704.1,0.0
ENSG00000303705.1,0.0
ENSG00000303706.1,0.0
ENSG00000303707.1,0.0
ENSG00000303708.1,0.0
ENSG00000303709.1,0.0
ENSG00000303710.1,0.0
ENSG00000303711.1,0.0
ENSG00000303712.1,0.0
ENSG00000303713.1,0.611979
ENSG00000303714.1,1.314002
ENSG00000303715.1,0.0
ENSG00000303716.1,0.0
ENSG00000303717.1,0.0
ENSG00000303718.1,0.0
ENSG00000303719.1,0.0
ENSG00000303720.1,0.0
ENSG00000303721.1,0.0
ENSG00000303722.1,0.0
ENSG00000303723.1,0.0
ENSG00000303724.1,0.0
ENSG00000303725.1,0.0
ENSG00000303726.1,0.0
ENSG00000303727.1,0.0
ENSG00000303728.1,0.718173
ENSG00000303729.1,0.0
ENSG00000303730.1,0.0
ENSG00000303731.1,0.0
ENSG00000303732.1,0.105745
ENSG00000303733.1,0.0
ENSG00000303734.1,0.0
ENSG00000303735.1,0.0
ENSG00000303736.1,0.0
ENSG00000303737.1,0.0
ENSG00000303738.1,0.0
ENSG00000303739.1,0.0
ENSG00000303740.1,0.0
ENSG00000303741.1,0.0
ENSG00000303742.1,0.0
ENSG00000303743.1,0.689426
ENSG00000303744.1,0.0
ENSG00000303745.1,2.983419
ENSG00000303746.1,0.0
ENSG00000303747.1,0.0
ENSG00000303748.1,0.0
ENSG00000303749.1,0.0
ENSG00000303750.1,0.399752
ENSG00000303751.1,0.0
ENSG00000303752.1,0.0
ENSG00000303753.1,0.0
ENSG00000303754.1,0.0
ENSG00000303755.1,0.0
ENSG00000303756.1,0.0
ENSG00000303757.1,0.0
ENSG00000303759.1,0.0
ENSG00000303760.1,0.0
ENSG00000303761.1,0.0
ENSG00000303762.1,0.0
ENSG00000303763.1,0.0
ENSG00000303764.1,0.0
ENSG00000303765.1,0.0
ENSG00000303766.1,0.0
ENSG00000303767.1,0.0
ENSG00000303768.1,0.0
ENSG00000303769.1,0.0
ENSG00000303770.1,0.0
ENSG00000303771.1,0.0
ENSG00000303772.1,0.0
ENSG00000303773.1,0.0
ENSG00000303774.1,0.0
ENSG00000303775.1,0.0
ENSG00000303776.1,0.0
ENSG00000303777.1,0.0
ENSG00000303778.1,0.0
ENSG00000303779.1,1.324463
ENSG00000303780.1,0.0
ENSG00000303781.1,0.0
ENSG00000303782.1,0.0
ENSG00000303783.1,0.0
ENSG00000303784.1,0.0
ENSG00000303785.1,0.0
ENSG00000303786.1,0.0
ENSG00000303787.1,0.0
ENSG00000303788.1,0.0
ENSG00000303789.1,0.0
ENSG00000303790.1,0.0
ENSG00000303791.1,0.0
ENSG00000303792.1,0.0
ENSG00000303793.1,0.0
ENSG00000303794.1,1.545734
ENSG00000303795.1,0.0
ENSG00000303796.1,0.0
ENSG00000303797.1,0.0
ENSG00000303798.1,0.0
ENSG00000303799.1,0.0
ENSG00000303800.1,0.0
ENSG00000303801.1,0.0
ENSG00000303802.1,0.0
ENSG00000303803.1,0.0
ENSG00000303804.1,0.0
ENSG00000303805.1,0.0
ENSG00000303806.1,0.0
ENSG00000303807.1,0.0
ENSG00000303808.1,0.0
ENSG00000303809.1,0.428241
ENSG00000303810.1,0.0
ENSG00000303811.1,0.0
ENSG00000303812.1,0.0
ENSG00000303813.1,0.0
ENSG00000303814.1,0.0
ENSG00000303815.1,0.0
ENSG00000303816.1,0.0
ENSG00000303817.1,0.0
ENSG00000303818.1,0.0
ENSG00000303819.1,0.0
ENSG00000303821.1,0.0
ENSG00000303822.1,0.0
ENSG00000303823.1,0.0
ENSG00000303824.1,0.0
ENSG00000303825.1,0.0
ENSG00000303826.1,0.0
ENSG00000303827.1,0.0
ENSG00000303828.1,0.0
ENSG00000303829.1,0.0
ENSG00000303830.1,0.0
ENSG00000303831.1,0.0
ENSG00000303832.1,0.0
ENSG00000303833.1,0.0
ENSG00000303834.1,0.0
ENSG00000303835.1,0.0
ENSG00000303836.1,0.0
ENSG00000303837.1,0.0
ENSG00000303838.1,0.0
ENSG00000303839.1,0.0
ENSG00000303840.1,0.0
ENSG00000303841.1,0.0
ENSG00000303842.1,0.0
ENSG00000303843.1,0.0
ENSG00000303844.1,0.0
ENSG00000303845.1,0.0
ENSG00000303846.1,0.0
ENSG00000303847.1,0.0
ENSG00000303848.1,0.0
ENSG00000303849.1,0.0
ENSG00000303850.1,0.0
ENSG00000303851.1,0.0
ENSG00000303852.1,0.0
ENSG00000303853.1,0.0
ENSG00000303854.1,0.0
ENSG00000303855.1,0.0
ENSG00000303856.1,0.0
ENSG00000303857.1,0.0
ENSG00000303859.1,2.100813
ENSG00000303860.1,0.0
ENSG00000303861.1,0.0
ENSG00000303862.1,0.0
ENSG00000303863.1,0.227975
ENSG00000303864.1,0.0
ENSG00000303865.1,0.0
ENSG00000303866.1,0.0
ENSG00000303867.1,0.0
ENSG00000303868.1,0.0
ENSG00000303869.1,0.0
ENSG00000303870.1,0.0
ENSG00000303871.1,0.0
ENSG00000303872.1,0.0
ENSG00000303873.1,0.0
ENSG00000303874.1,0.0
ENSG00000303875.1,0.0
ENSG00000303876.1,0.0
ENSG00000303877.1,0.0
ENSG00000303878.1,0.0
ENSG00000303879.1,0.0
ENSG00000303880.1,0.0
ENSG00000303881.1,0.0
ENSG00000303882.1,0.298351
ENSG00000303883.1,0.0
ENSG00000303884.1,0.0
ENSG00000303885.1,0.0
ENSG00000303886.1,0.0
ENSG00000303887.1,0.0
ENSG00000303888.1,0.0
ENSG00000303889.1,0.0
ENSG00000303890.1,0.0
ENSG00000303891.1,0.0
ENSG00000303892.1,0.0
ENSG00000303893.1,1.469298
ENSG00000303894.1,0.0
ENSG00000303895.1,0.0
ENSG00000303896.1,0.0
ENSG00000303897.1,0.0
ENSG00000303898.1,0.0
ENSG00000303899.1,0.0
ENSG00000303900.1,0.0
ENSG00000303901.1,0.32213
ENSG00000303902.1,0.0
ENSG00000303903.1,0.0
ENSG00000303904.1,0.0
ENSG00000303905.1,0.0
ENSG00000303906.1,0.0
ENSG00000303907.1,0.0
ENSG00000303908.1,0.0
ENSG00000303909.1,0.0
ENSG00000303910.1,0.0
ENSG00000303911.1,0.0
ENSG00000303912.1,0.0
ENSG00000303913.1,0.0
ENSG00000303914.1,0.0
ENSG00000303915.1,0.0
ENSG00000303916.1,0.0
ENSG00000303917.1,0.0
ENSG00000303918.1,0.0
ENSG00000303919.1,0.0
ENSG00000303920.1,0.0
ENSG00000303921.1,0.0
ENSG00000303922.1,0.0
ENSG00000303923.1,0.0
ENSG00000303924.1,0.0
ENSG00000303925.1,0.0
ENSG00000303926.1,0.0
ENSG00000303927.1,0.0
ENSG00000303928.1,0.0
ENSG00000303929.1,0.0
ENSG00000303930.1,0.0
ENSG00000303931.1,1.210666
ENSG00000303932.1,1.120176
ENSG00000303933.1,0.0
ENSG00000303934.1,0.0
ENSG00000303935.1,0.0
ENSG00000303936.1,0.0
ENSG00000303937.1,0.0
ENSG00000303938.1,0.519226
ENSG00000303939.1,0.0
ENSG00000303940.1,0.0
ENSG00000303941.1,0.0
ENSG00000303942.1,0.0
ENSG00000303943.1,0.0
ENSG00000303944.1,0.809255
ENSG00000303945.1,0.0
ENSG00000303946.1,0.843447
ENSG00000303947.1,0.0
ENSG00000303948.1,0.0
ENSG00000303949.1,0.0
ENSG00000303950.1,0.0
ENSG00000303951.1,0.0
ENSG00000303952.1,0.611979
ENSG00000303953.1,0.783053
ENSG00000303954.1,0.0
ENSG00000303955.1,0.0
ENSG00000303956.1,0.0
ENSG00000303957.1,0.0
ENSG00000303958.1,0.0
ENSG00000303959.1,0.0
ENSG00000303960.1,0.0
ENSG00000303961.1,0.0
ENSG00000303962.1,0.0
ENSG00000303963.1,0.0
ENSG00000303964.1,0.0
ENSG00000303965.1,0.0
ENSG00000303966.1,0.0
ENSG00000303967.1,0.71242
ENSG00000303968.1,0.0
ENSG00000303969.1,1.128297
ENSG00000303970.1,0.0
ENSG00000303971.1,0.0
ENSG00000303972.1,0.0
ENSG00000303973.1,0.0
ENSG00000303974.1,0.525763
ENSG00000303975.1,0.0
ENSG00000303976.1,0.0
ENSG00000303977.1,0.0
ENSG00000303978.1,0.0
ENSG00000303979.1,0.0
ENSG00000303980.1,0.0
ENSG00000303981.1,1.126419
ENSG00000303982.1,0.670799
ENSG00000303983.1,0.0
ENSG00000303984.1,0.0
ENSG00000303985.1,0.0
ENSG00000303986.1,0.0
ENSG00000303987.1,0.0
ENSG00000303988.1,0.0
ENSG00000303989.1,0.0
ENSG00000303990.1,0.0
ENSG00000303991.1,0.280086
ENSG00000303992.1,0.0
ENSG00000303993.1,0.0
ENSG00000303994.1,0.0
ENSG00000303995.1,0.0
ENSG00000303996.1,0.0
ENSG00000303997.1,0.0
ENSG00000303998.1,0.0
ENSG00000303999.1,0.0
ENSG00000304000.1,0.0
ENSG00000304001.1,0.0
ENSG00000304002.1,0.0
ENSG00000304003.1,0.0
ENSG00000304004.1,0.0
ENSG00000304005.1,0.0
ENSG00000304006.1,0.0
ENSG00000304007.1,0.0
ENSG00000304008.1,0.0
ENSG00000304009.1,0.0
ENSG00000304010.1,0.0
ENSG00000304011.1,0.0
ENSG00000304012.1,0.0
ENSG00000304013.1,0.0
ENSG00000304014.1,0.0
ENSG00000304015.1,0.0
ENSG00000304016.1,0.0
ENSG00000304017.1,0.0
ENSG00000304018.1,0.0
ENSG00000304019.1,0.0
ENSG00000304020.1,0.0
ENSG00000304021.1,0.0
ENSG00000304022.1,0.0
ENSG00000304023.1,0.0
ENSG00000304024.1,0.0
ENSG00000304025.1,0.0
ENSG00000304026.1,0.0
ENSG00000304027.1,0.0
ENSG00000304028.1,0.0
ENSG00000304029.1,0.0
ENSG00000304030.1,0.0
ENSG00000304031.1,0.0
ENSG00000304032.1,0.0
ENSG00000304033.1,0.0
ENSG00000304034.1,0.0
ENSG00000304035.1,0.0
ENSG00000304036.1,0.0
ENSG00000304037.1,0.81438
ENSG00000304038.1,0.284601
ENSG00000304040.1,0.0
ENSG00000304041.1,0.0
ENSG00000304042.1,0.0
ENSG00000304043.1,0.0
ENSG00000304044.1,0.0
ENSG00000304045.1,0.0
ENSG00000304046.1,0.0
ENSG00000304047.1,0.0
ENSG00000304048.1,1.093108
ENSG00000304049.1,0.0
ENSG00000304050.1,0.0
ENSG00000304051.1,0.835442
ENSG00000304052.1,0.0
ENSG00000304053.1,0.0
ENSG00000304054.1,0.0
ENSG00000304055.1,0.0
ENSG00000304056.1,2.845052
ENSG00000304057.1,0.0
ENSG00000304058.1,0.0
ENSG00000304059.1,0.0
ENSG00000304060.1,0.0
ENSG00000304061.1,0.0
ENSG00000304062.1,0.0
ENSG00000304063.1,0.91461
ENSG00000304064.1,0.0
ENSG00000304065.1,0.0
ENSG00000304066.1,0.0
ENSG00000304067.1,0.0
ENSG00000304068.1,0.0
ENSG00000304069.1,0.0
ENSG00000304070.1,0.0
ENSG00000304071.1,0.0
ENSG00000304072.1,0.0
ENSG00000304073.1,0.0
ENSG00000304074.1,0.0
ENSG00000304075.1,6.016762
ENSG00000304076.1,0.0
ENSG00000304077.1,0.0
ENSG00000304078.1,0.0
ENSG00000304079.1,0.223842
ENSG00000304080.1,0.0
ENSG00000304081.1,0.471794
ENSG00000304082.1,0.0
ENSG00000304083.1,0.0
ENSG00000304084.1,0.0
ENSG00000304085.1,0.0
ENSG00000304086.1,0.0
ENSG00000304087.1,0.0
ENSG00000304088.1,0.0
ENSG00000304089.1,0.817138
ENSG00000304090.1,0.0
ENSG00000304091.1,0.0
ENSG00000304092.1,0.0
ENSG00000304093.1,0.0
ENSG00000304094.1,0.0
ENSG00000304095.1,0.0
ENSG00000304096.1,0.0
ENSG00000304097.1,0.0
ENSG00000304098.1,0.0
ENSG00000304099.1,0.0
ENSG00000304100.1,0.0
ENSG00000304101.1,0.0
ENSG00000304102.1,0.0
ENSG00000304103.1,0.250029
ENSG00000304104.1,0.0
ENSG00000304105.1,0.0
ENSG00000304106.1,0.0
ENSG00000304107.1,0.0
ENSG00000304108.1,0.0
ENSG00000304109.1,0.0
ENSG00000304110.1,0.0
ENSG00000304111.1,0.0
ENSG00000304112.1,0.0
ENSG00000304113.1,0.0
ENSG00000304114.1,1.193466
ENSG00000304115.1,0.0
ENSG00000304116.1,0.0
ENSG00000304117.1,0.0
ENSG00000304118.1,0.0
ENSG00000304119.1,2.062457
ENSG00000304120.1,0.0
ENSG00000304121.1,0.0
ENSG00000304122.1,0.0
ENSG00000304123.1,0.0
ENSG00000304124.1,0.0
ENSG00000304125.1,0.0
ENSG00000304126.1,0.0
ENSG00000304127.1,0.0
ENSG00000304128.1,2.502689
ENSG00000304129.1,0.0
ENSG00000304130.1,0.116864
ENSG00000304131.1,0.0
ENSG00000304132.1,0.0
ENSG00000304133.1,0.0
ENSG00000304134.1,0.0
ENSG00000304135.1,0.0
ENSG00000304136.1,0.0
ENSG00000304137.1,0.0
ENSG00000304138.1,0.0
ENSG00000304139.1,0.0
ENSG00000304140.1,0.0
ENSG00000304141.1,0.0
ENSG00000304142.1,0.0
ENSG00000304143.1,0.0
ENSG00000304144.1,0.0
ENSG00000304145.1,0.0
ENSG00000304146.1,0.0
ENSG00000304147.1,0.0
ENSG00000304148.1,0.0
ENSG00000304149.1,0.0
ENSG00000304150.1,0.0
ENSG00000304151.1,0.0
ENSG00000304152.1,0.0
ENSG00000304153.1,0.0
ENSG00000304154.1,0.0
ENSG00000304155.1,0.0
ENSG00000304156.1,0.0
ENSG00000304157.1,0.0
ENSG00000304158.1,0.0
ENSG00000304159.1,0.420946
ENSG00000304160.1,0.0
ENSG00000304161.1,0.0
ENSG00000304162.1,0.0
ENSG00000304163.1,0.0
ENSG00000304164.1,0.0
ENSG00000304165.1,0.554131
ENSG00000304166.1,0.0
ENSG00000304167.1,0.0
ENSG00000304168.1,0.0
ENSG00000304169.1,0.0
ENSG00000304170.1,0.0
ENSG00000304171.1,0.0
ENSG00000304172.1,0.0
ENSG00000304173.1,0.0
ENSG00000304174.1,0.0
ENSG00000304175.1,0.0
ENSG00000304176.1,4.126266
ENSG00000304177.1,0.0
ENSG00000304178.1,0.0
ENSG00000304179.1,0.0
ENSG00000304180.1,0.0
ENSG00000304181.1,0.0
ENSG00000304182.1,0.0
ENSG00000304183.1,0.0
ENSG00000304184.1,1.23655
ENSG00000304185.1,0.0
ENSG00000304186.1,0.0
ENSG00000304187.1,0.0
ENSG00000304188.1,0.0
ENSG00000304189.1,2.11467
ENSG00000304190.1,0.0
ENSG00000304191.1,0.0
ENSG00000304192.1,1.82094
ENSG00000304193.1,0.0
ENSG00000304194.1,0.0
ENSG00000304195.1,0.0
ENSG00000304196.1,0.0
ENSG00000304197.1,12.639379
ENSG00000304198.1,0.0
ENSG00000304199.1,1.083924
ENSG00000304200.1,0.0
ENSG00000304201.1,0.0
ENSG00000304202.1,0.500538
ENSG00000304203.1,0.0
ENSG00000304204.1,0.0
ENSG00000304205.1,0.0
ENSG00000304206.1,0.0
ENSG00000304207.1,0.0
ENSG00000304208.1,0.0
ENSG00000304209.1,0.0
ENSG00000304210.1,0.0
ENSG00000304211.1,0.0
ENSG00000304212.1,0.0
ENSG00000304213.1,0.0
ENSG00000304214.1,0.0
ENSG00000304215.1,0.0
ENSG00000304216.1,0.0
ENSG00000304217.1,0.0
ENSG00000304218.1,0.0
ENSG00000304219.1,0.0
ENSG00000304220.1,0.0
ENSG00000304221.1,0.0
ENSG00000304222.1,0.0
ENSG00000304223.1,0.0
ENSG00000304224.1,0.0
ENSG00000304225.1,0.0
ENSG00000304226.1,0.195665
ENSG00000304227.1,0.0
ENSG00000304228.1,1.411213
ENSG00000304229.1,0.0
ENSG00000304230.1,0.0
ENSG00000304231.1,0.571189
ENSG00000304232.1,0.0
ENSG00000304233.1,0.0
ENSG00000304234.1,0.0
ENSG00000304235.1,0.0
ENSG00000304236.1,0.0
ENSG00000304237.1,0.0
ENSG00000304238.1,0.0
ENSG00000304239.1,0.0
ENSG00000304240.1,0.0
ENSG00000304241.1,0.0
ENSG00000304242.1,0.0
ENSG00000304243.1,0.0
ENSG00000304244.1,0.286434
ENSG00000304245.1,0.0
ENSG00000304246.1,0.0
ENSG00000304247.1,0.0
ENSG00000304248.1,0.0
ENSG00000304249.1,0.0
ENSG00000304250.1,0.0
ENSG00000304251.1,0.0
ENSG00000304252.1,0.0
ENSG00000304253.1,0.0
ENSG00000304254.1,0.0
ENSG00000304255.1,0.0
ENSG00000304256.1,0.0
ENSG00000304257.1,0.0
ENSG00000304258.1,0.0
ENSG00000304259.1,0.0
ENSG00000304260.1,0.0
ENSG00000304261.1,0.0
ENSG00000304262.1,0.0
ENSG00000304263.1,0.0
ENSG00000304264.1,0.0
ENSG00000304265.1,0.0
ENSG00000304266.1,0.0
ENSG00000304267.1,0.0
ENSG00000304268.1,0.0
ENSG00000304269.1,0.0
ENSG00000304270.1,0.0
ENSG00000304271.1,0.0
ENSG00000304272.1,0.0
ENSG00000304273.1,0.0
ENSG00000304274.1,0.0
ENSG00000304275.1,0.0
ENSG00000304276.1,0.0
ENSG00000304277.1,0.0
ENSG00000304278.1,0.0
ENSG00000304279.1,0.0
ENSG00000304280.1,0.0
ENSG00000304281.1,0.0
ENSG00000304282.1,0.0
ENSG00000304283.1,0.0
ENSG00000304284.1,0.0
ENSG00000304285.1,0.0
ENSG00000304286.1,0.0
ENSG00000304287.1,0.0
ENSG00000304288.1,0.0
ENSG00000304289.1,0.0
ENSG00000304290.1,1.399562
ENSG00000304291.1,0.0
ENSG00000304292.1,0.0
ENSG00000304293.1,0.0
ENSG00000304294.1,0.0
ENSG00000304295.1,0.0
ENSG00000304296.1,0.0
ENSG00000304297.1,0.0
ENSG00000304298.1,0.0
ENSG00000304299.1,0.783996
ENSG00000304300.1,0.0
ENSG00000304301.1,0.0
ENSG00000304302.1,0.0
ENSG00000304303.1,0.0
ENSG00000304304.1,0.0
ENSG00000304305.1,0.0
ENSG00000304306.1,0.0
ENSG00000304307.1,0.0
ENSG00000304308.1,0.0
ENSG00000304309.1,64.34194099999999
ENSG00000304310.1,0.0
ENSG00000304311.1,0.0
ENSG00000304312.1,0.0
ENSG00000304313.1,0.0
ENSG00000304314.1,0.0
ENSG00000304315.1,0.0
ENSG00000304316.1,0.0
ENSG00000304317.1,0.0
ENSG00000304318.1,0.0
ENSG00000304319.1,0.0
ENSG00000304320.1,17.835875
ENSG00000304321.1,0.0
ENSG00000304322.1,0.0
ENSG00000304323.1,0.0
ENSG00000304324.1,0.0
ENSG00000304325.1,0.0
ENSG00000304326.1,0.0
ENSG00000304327.1,0.0
ENSG00000304328.1,0.0
ENSG00000304329.1,0.0
ENSG00000304330.1,0.0
ENSG00000304331.1,0.0
ENSG00000304332.1,0.0
ENSG00000304333.1,0.0
ENSG00000304334.1,0.0
ENSG00000304335.1,0.0
ENSG00000304336.1,0.0
ENSG00000304337.1,0.0
ENSG00000304338.1,0.0
ENSG00000304339.1,0.0
ENSG00000304340.1,0.0
ENSG00000304341.1,0.0
ENSG00000304342.1,0.0
ENSG00000304343.1,0.0
ENSG00000304344.1,0.0
ENSG00000304345.1,0.0
ENSG00000304346.1,0.0
ENSG00000304347.1,0.0
ENSG00000304348.1,0.0
ENSG00000304349.1,0.0
ENSG00000304350.1,0.0
ENSG00000304351.1,0.643746
ENSG00000304352.1,0.0
ENSG00000304353.1,0.0
ENSG00000304354.1,4.3344380000000005
ENSG00000304355.1,0.0
ENSG00000304356.1,0.0
ENSG00000304357.1,0.0
ENSG00000304358.1,0.0
ENSG00000304359.1,0.0
ENSG00000304360.1,0.725152
ENSG00000304361.1,0.0
ENSG00000304362.1,0.0
ENSG00000304363.1,0.0
ENSG00000304364.1,0.0
ENSG00000304365.1,0.0
ENSG00000304366.1,0.0
ENSG00000304367.1,0.0
ENSG00000304368.1,0.0
ENSG00000304369.1,0.0
ENSG00000304370.1,1.991597
ENSG00000304371.1,0.0
ENSG00000304372.1,0.0
ENSG00000304373.1,0.0
ENSG00000304374.1,0.0
ENSG00000304375.1,0.0
ENSG00000304376.1,0.0
ENSG00000304377.1,0.0
ENSG00000304378.1,0.0
ENSG00000304379.1,0.0
ENSG00000304380.1,0.0
ENSG00000304381.1,0.30159
ENSG00000304382.1,0.0
ENSG00000304383.1,0.0
ENSG00000304384.1,0.0
ENSG00000304385.1,0.909072
ENSG00000304386.1,0.0
ENSG00000304387.1,0.0
ENSG00000304388.1,0.0
ENSG00000304389.1,0.0
ENSG00000304390.1,0.0
ENSG00000304391.1,0.0
ENSG00000304392.1,0.0
ENSG00000304393.1,0.0
ENSG00000304394.1,0.0
ENSG00000304395.1,0.0
ENSG00000304396.1,0.0
ENSG00000304397.1,0.0
ENSG00000304398.1,0.0
ENSG00000304399.1,0.0
ENSG00000304400.1,0.0
ENSG00000304401.1,0.0
ENSG00000304402.1,0.0
ENSG00000304403.1,0.0
ENSG00000304404.1,0.0
ENSG00000304405.1,0.0
ENSG00000304406.1,0.0
ENSG00000304407.1,0.0
ENSG00000304408.1,0.0
ENSG00000304409.1,0.0
ENSG00000304410.1,0.0
ENSG00000304411.1,0.0
ENSG00000304413.1,0.0
ENSG00000304414.1,1.282601
ENSG00000304415.1,0.0
ENSG00000304416.1,0.244259
ENSG00000304417.1,0.0
ENSG00000304418.1,0.0
ENSG00000304419.1,0.0
ENSG00000304420.1,0.0
ENSG00000304421.1,0.0
ENSG00000304422.1,0.0
ENSG00000304423.1,0.0
ENSG00000304424.1,0.0
ENSG00000304425.1,0.0
ENSG00000304426.1,0.0
ENSG00000304427.1,0.0
ENSG00000304428.1,0.0
ENSG00000304429.1,0.0
ENSG00000304430.1,0.0
ENSG00000304431.1,0.0
ENSG00000304432.1,0.0
ENSG00000304433.1,0.0
ENSG00000304434.1,0.0
ENSG00000304435.1,0.0
ENSG00000304436.1,0.207153
ENSG00000304437.1,0.0
ENSG00000304438.1,0.0
ENSG00000304439.1,0.0
ENSG00000304440.1,0.0
ENSG00000304441.1,0.0
ENSG00000304442.1,0.0
ENSG00000304443.1,0.0
ENSG00000304444.1,0.0
ENSG00000304445.1,0.0
ENSG00000304446.1,0.0
ENSG00000304447.1,0.0
ENSG00000304448.1,0.0
ENSG00000304449.1,0.0
ENSG00000304450.1,0.0
ENSG00000304451.1,0.0
ENSG00000304452.1,0.0
ENSG00000304453.1,0.0
ENSG00000304454.1,0.0
ENSG00000304455.1,0.0
ENSG00000304456.1,0.0
ENSG00000304457.1,0.0
ENSG00000304458.1,2.513159
ENSG00000304459.1,0.0
ENSG00000304460.1,0.281005
ENSG00000304461.1,0.0
ENSG00000304462.1,0.0
ENSG00000304463.1,0.0
ENSG00000304464.1,0.0
ENSG00000304465.1,0.0
ENSG00000304466.1,0.0
ENSG00000304467.1,0.0
ENSG00000304468.1,0.0
ENSG00000304469.1,0.0
ENSG00000304470.1,0.0
ENSG00000304471.1,0.0
ENSG00000304472.1,0.0
ENSG00000304473.1,0.0
ENSG00000304474.1,0.0
ENSG00000304475.1,0.0
ENSG00000304476.1,0.0
ENSG00000304477.1,0.0
ENSG00000304478.1,0.0
ENSG00000304479.1,0.0
ENSG00000304480.1,0.0
ENSG00000304481.1,0.0
ENSG00000304482.1,0.0
ENSG00000304483.1,0.0
ENSG00000304484.1,0.0
ENSG00000304485.1,0.0
ENSG00000304486.1,0.0
ENSG00000304487.1,0.0
ENSG00000304488.1,0.0
ENSG00000304489.1,0.0
ENSG00000304490.1,0.0
ENSG00000304491.1,0.339339
ENSG00000304492.1,0.0
ENSG00000304493.1,0.0
ENSG00000304494.1,0.0
ENSG00000304495.1,0.0
ENSG00000304496.1,0.0
ENSG00000304497.1,2.999285
ENSG00000304498.1,0.0
ENSG00000304499.1,0.0
ENSG00000304500.1,0.0
ENSG00000304501.1,6.987942
ENSG00000304502.1,0.0
ENSG00000304503.1,0.0
ENSG00000304504.1,0.0
ENSG00000304505.1,0.0
ENSG00000304506.1,0.0
ENSG00000304507.1,0.0
ENSG00000304508.1,0.0
ENSG00000304509.1,0.0
ENSG00000304510.1,0.0
ENSG00000304511.1,0.0
ENSG00000304512.1,0.0
ENSG00000304513.1,0.0
ENSG00000304514.1,0.0
ENSG00000304515.1,0.0
ENSG00000304516.1,0.0
ENSG00000304517.1,4.389799
ENSG00000304518.1,0.0
ENSG00000304519.1,0.0
ENSG00000304520.1,0.0
ENSG00000304521.1,0.0
ENSG00000304522.1,0.0
ENSG00000304523.1,0.0
ENSG00000304524.1,0.0
ENSG00000304525.1,0.0
ENSG00000304526.1,0.0
ENSG00000304527.1,0.327347
ENSG00000304528.1,0.0
ENSG00000304529.1,0.0
ENSG00000304530.1,0.0
ENSG00000304531.1,0.0
ENSG00000304532.1,0.0
ENSG00000304533.1,0.0
ENSG00000304534.1,0.823281
ENSG00000304535.1,0.0
ENSG00000304536.1,0.0
ENSG00000304537.1,0.0
ENSG00000304538.1,0.0
ENSG00000304539.1,0.0
ENSG00000304540.1,0.0
ENSG00000304541.1,0.0
ENSG00000304542.1,0.0
ENSG00000304543.1,0.0
ENSG00000304544.1,0.0
ENSG00000304545.1,0.0
ENSG00000304546.1,0.0
ENSG00000304547.1,0.0
ENSG00000304548.1,0.0
ENSG00000304549.1,0.0
ENSG00000304550.1,0.0
ENSG00000304551.1,0.0
ENSG00000304552.1,0.41495899999999997
ENSG00000304553.1,0.0
ENSG00000304554.1,0.0
ENSG00000304555.1,0.0
ENSG00000304556.1,0.0
ENSG00000304557.1,0.0
ENSG00000304558.1,0.0
ENSG00000304559.1,0.0
ENSG00000304560.1,0.0
ENSG00000304561.1,0.0
ENSG00000304562.1,0.0
ENSG00000304563.1,0.0
ENSG00000304564.1,0.0
ENSG00000304565.1,0.0
ENSG00000304566.1,0.0
ENSG00000304567.1,0.0
ENSG00000304568.1,0.0
ENSG00000304569.1,0.0
ENSG00000304570.1,0.0
ENSG00000304571.1,0.0
ENSG00000304572.1,0.0
ENSG00000304573.1,0.0
ENSG00000304574.1,0.0
ENSG00000304575.1,0.0
ENSG00000304576.1,0.0
ENSG00000304577.1,0.0
ENSG00000304578.1,0.0
ENSG00000304579.1,0.0
ENSG00000304580.1,0.361407
ENSG00000304581.1,0.0
ENSG00000304582.1,0.0
ENSG00000304583.1,0.0
ENSG00000304584.1,0.0
ENSG00000304585.1,0.0
ENSG00000304586.1,0.0
ENSG00000304587.1,0.0
ENSG00000304588.1,0.0
ENSG00000304589.1,0.0
ENSG00000304590.1,0.306158
ENSG00000304591.1,0.0
ENSG00000304592.1,0.551386
ENSG00000304593.1,0.0
ENSG00000304594.1,0.0
ENSG00000304595.1,0.0
ENSG00000304596.1,0.0
ENSG00000304597.1,0.0
ENSG00000304598.1,0.0
ENSG00000304599.1,0.0
ENSG00000304600.1,0.0
ENSG00000304601.1,0.0
ENSG00000304602.1,0.0
ENSG00000304603.1,0.0
ENSG00000304604.1,0.0
ENSG00000304605.1,0.0
ENSG00000304606.1,0.0
ENSG00000304607.1,0.0
ENSG00000304608.1,0.0
ENSG00000304609.1,0.425815
ENSG00000304610.1,0.204485
ENSG00000304611.1,0.0
ENSG00000304612.1,0.0
ENSG00000304613.1,0.0
ENSG00000304614.1,0.0
ENSG00000304615.1,0.0
ENSG00000304616.1,0.0
ENSG00000304617.1,0.0
ENSG00000304618.1,0.0
ENSG00000304619.1,0.0
ENSG00000304620.1,0.0
ENSG00000304621.1,0.0
ENSG00000304622.1,0.0
ENSG00000304623.1,0.0
ENSG00000304624.1,0.0
ENSG00000304625.1,0.665993
ENSG00000304626.1,0.0
ENSG00000304627.1,0.0
ENSG00000304628.1,0.0
ENSG00000304629.1,0.0
ENSG00000304630.1,0.0
ENSG00000304631.1,0.0
ENSG00000304632.1,0.0
ENSG00000304633.1,0.0
ENSG00000304634.1,0.594042
ENSG00000304635.1,0.0
ENSG00000304636.1,0.0
ENSG00000304637.1,0.0
ENSG00000304638.1,0.0
ENSG00000304639.1,0.0
ENSG00000304640.1,0.0
ENSG00000304641.1,0.0
ENSG00000304642.1,0.0
ENSG00000304643.1,0.0
ENSG00000304644.1,0.0
ENSG00000304645.1,0.0
ENSG00000304646.1,0.0
ENSG00000304647.1,0.0
ENSG00000304648.1,0.0
ENSG00000304649.1,0.0
ENSG00000304650.1,0.0
ENSG00000304651.1,0.0
ENSG00000304652.1,0.0
ENSG00000304653.1,0.0
ENSG00000304654.1,1.085328
ENSG00000304655.1,0.0
ENSG00000304656.1,0.0
ENSG00000304657.1,0.0
ENSG00000304658.1,0.0
ENSG00000304659.1,0.0
ENSG00000304660.1,0.0
ENSG00000304661.1,0.0
ENSG00000304662.1,0.0
ENSG00000304663.1,0.0
ENSG00000304664.1,0.0
ENSG00000304665.1,0.0
ENSG00000304666.1,0.0
ENSG00000304667.1,0.0
ENSG00000304668.1,0.0
ENSG00000304669.1,0.0
ENSG00000304670.1,0.0
ENSG00000304671.1,0.0
ENSG00000304672.1,0.0
ENSG00000304673.1,0.0
ENSG00000304674.1,0.0
ENSG00000304675.1,0.0
ENSG00000304676.1,0.0
ENSG00000304677.1,0.0
ENSG00000304678.1,0.0
ENSG00000304679.1,0.646132
ENSG00000304680.1,0.0
ENSG00000304681.1,0.0
ENSG00000304682.1,0.0
ENSG00000304683.1,0.0
ENSG00000304684.1,0.0
ENSG00000304685.1,0.0
ENSG00000304686.1,0.0
ENSG00000304687.1,0.0
ENSG00000304688.1,0.0
ENSG00000304689.1,0.0
ENSG00000304690.1,0.0
ENSG00000304691.1,0.0
ENSG00000304692.1,0.0
ENSG00000304693.1,0.0
ENSG00000304694.1,0.0
ENSG00000304695.1,0.0
ENSG00000304696.1,0.0
ENSG00000304697.1,0.0
ENSG00000304698.1,0.0
ENSG00000304699.1,0.0
ENSG00000304700.1,0.0
ENSG00000304701.1,0.0
ENSG00000304702.1,0.0
ENSG00000304703.1,0.0
ENSG00000304704.1,0.0
ENSG00000304705.1,0.0
ENSG00000304706.1,0.0
ENSG00000304707.1,0.0
ENSG00000304708.1,0.0
ENSG00000304709.1,0.0
ENSG00000304710.1,0.0
ENSG00000304711.1,0.0
ENSG00000304712.1,0.0
ENSG00000304713.1,0.541474
ENSG00000304714.1,0.0
ENSG00000304715.1,0.0
ENSG00000304716.1,0.0
ENSG00000304717.1,1.05936
ENSG00000304718.1,0.0
ENSG00000304719.1,0.0
ENSG00000304720.1,0.0
ENSG00000304721.1,0.0
ENSG00000304722.1,2.890862
ENSG00000304723.1,0.0
ENSG00000304724.1,0.0
ENSG00000304725.1,0.0
ENSG00000304726.1,0.0
ENSG00000304727.1,0.0
ENSG00000304728.1,0.0
ENSG00000304729.1,0.0
ENSG00000304730.1,0.0
ENSG00000304731.1,0.0
ENSG00000304732.1,0.0
ENSG00000304733.1,0.236715
ENSG00000304734.1,0.0
ENSG00000304735.1,0.0
ENSG00000304736.1,0.0
ENSG00000304737.1,0.40906
ENSG00000304738.1,0.0
ENSG00000304739.1,0.0
ENSG00000304740.1,0.0
ENSG00000304741.1,0.0
ENSG00000304742.1,0.0
ENSG00000304743.1,0.0
ENSG00000304744.1,0.649359
ENSG00000304745.1,0.0
ENSG00000304746.1,0.0
ENSG00000304747.1,0.0
ENSG00000304748.1,0.0
ENSG00000304749.1,0.0
ENSG00000304750.1,0.0
ENSG00000304751.1,0.0
ENSG00000304752.1,0.0
ENSG00000304753.1,0.0
ENSG00000304754.1,2.138056
ENSG00000304755.1,0.0
ENSG00000304756.1,0.0
ENSG00000304757.1,0.0
ENSG00000304758.1,0.0
ENSG00000304759.1,0.0
ENSG00000304760.1,0.0
ENSG00000304761.1,0.0
ENSG00000304762.1,0.0
ENSG00000304763.1,0.0
ENSG00000304764.1,0.0
ENSG00000304765.1,2.00236
ENSG00000304766.1,0.0
ENSG00000304767.1,0.0
ENSG00000304768.1,0.0
ENSG00000304769.1,0.0
ENSG00000304770.1,0.0
ENSG00000304771.1,0.0
ENSG00000304772.1,0.0
ENSG00000304773.1,0.0
ENSG00000304774.1,0.0
ENSG00000304775.1,0.0
ENSG00000304776.1,0.0
ENSG00000304777.1,0.0
ENSG00000304778.1,0.0
ENSG00000304779.1,0.0
ENSG00000304780.1,0.0
ENSG00000304782.1,0.0
ENSG00000304783.1,0.0
ENSG00000304784.1,0.0
ENSG00000304785.1,0.0
ENSG00000304786.1,0.0
ENSG00000304787.1,0.0
ENSG00000304788.1,0.0
ENSG00000304789.1,0.0
ENSG00000304790.1,0.0
ENSG00000304791.1,0.0
ENSG00000304793.1,0.0
ENSG00000304794.1,0.0
ENSG00000304795.1,0.0
ENSG00000304796.1,0.0
ENSG00000304797.1,0.0
ENSG00000304798.1,0.0
ENSG00000304799.1,0.0
ENSG00000304800.1,0.0
ENSG00000304801.1,0.0
ENSG00000304802.1,7.42299
ENSG00000304803.1,0.0
ENSG00000304804.1,0.0
ENSG00000304805.1,0.0
ENSG00000304806.1,0.0
ENSG00000304807.1,0.434943
ENSG00000304808.1,0.0
ENSG00000304809.1,0.0
ENSG00000304810.1,0.0
ENSG00000304811.1,0.0
ENSG00000304812.1,0.0
ENSG00000304813.1,0.0
ENSG00000304814.1,0.0
ENSG00000304815.1,0.0
ENSG00000304816.1,0.0
ENSG00000304817.1,0.0
ENSG00000304818.1,0.0
ENSG00000304819.1,0.0
ENSG00000304820.1,0.0
ENSG00000304821.1,0.0
ENSG00000304822.1,0.0
ENSG00000304823.1,5.850885
ENSG00000304824.1,0.0
ENSG00000304825.1,0.0
ENSG00000304826.1,0.0
ENSG00000304827.1,0.0
ENSG00000304828.1,0.0
ENSG00000304829.1,0.0
ENSG00000304830.1,0.0
ENSG00000304831.1,0.0
ENSG00000304832.1,0.498295
ENSG00000304833.1,0.0
ENSG00000304834.1,0.0
ENSG00000304835.1,0.0
ENSG00000304836.1,0.0
ENSG00000304837.1,0.319353
ENSG00000304838.1,0.0
ENSG00000304839.1,0.0
ENSG00000304840.1,0.0
ENSG00000304841.1,0.461097
ENSG00000304842.1,0.81345
ENSG00000304843.1,0.0
ENSG00000304844.1,0.0
ENSG00000304845.1,0.0
ENSG00000304846.1,0.0
ENSG00000304847.1,0.0
ENSG00000304848.1,0.0
ENSG00000304849.1,0.0
ENSG00000304850.1,0.0
ENSG00000304851.1,0.0
ENSG00000304852.1,0.0
ENSG00000304853.1,0.0
ENSG00000304854.1,0.0
ENSG00000304855.1,0.0
ENSG00000304856.1,0.0
ENSG00000304857.1,0.0
ENSG00000304858.1,0.0
ENSG00000304859.1,0.0
ENSG00000304860.1,0.0
ENSG00000304861.1,0.0
ENSG00000304862.1,0.0
ENSG00000304863.1,0.0
ENSG00000304864.1,0.0
ENSG00000304865.1,0.0
ENSG00000304866.1,0.0
ENSG00000304867.1,4.899371
ENSG00000304868.1,0.0
ENSG00000304869.1,0.0
ENSG00000304870.1,0.0
ENSG00000304871.1,0.0
ENSG00000304872.1,0.0
ENSG00000304873.1,0.0
ENSG00000304874.1,0.0
ENSG00000304875.1,1.4082050000000002
ENSG00000304876.1,0.0
ENSG00000304877.1,0.0
ENSG00000304878.1,0.0
ENSG00000304879.1,0.0
ENSG00000304880.1,0.0
ENSG00000304881.1,0.0
ENSG00000304882.1,0.0
ENSG00000304883.1,0.0
ENSG00000304884.1,0.0
ENSG00000304885.1,0.0
ENSG00000304886.1,0.0
ENSG00000304887.1,0.0
ENSG00000304888.1,0.0
ENSG00000304889.1,0.0
ENSG00000304890.1,0.0
ENSG00000304891.1,0.0
ENSG00000304892.1,0.0
ENSG00000304893.1,0.0
ENSG00000304894.1,0.0
ENSG00000304895.1,0.583156
ENSG00000304896.1,0.0
ENSG00000304897.1,0.0
ENSG00000304898.1,0.0
ENSG00000304899.1,0.0
ENSG00000304900.1,0.0
ENSG00000304901.1,0.0
ENSG00000304902.1,0.0
ENSG00000304903.1,0.0
ENSG00000304904.1,0.0
ENSG00000304905.1,0.0
ENSG00000304906.1,0.0
ENSG00000304907.1,0.336769
ENSG00000304908.1,0.0
ENSG00000304909.1,0.0
ENSG00000304910.1,0.0
ENSG00000304911.1,0.0
ENSG00000304912.1,0.0
ENSG00000304913.1,0.0
ENSG00000304914.1,0.0
ENSG00000304915.1,0.0
ENSG00000304916.1,0.0
ENSG00000304917.1,0.0
ENSG00000304918.1,0.0
ENSG00000304919.1,0.0
ENSG00000304920.1,0.0
ENSG00000304921.1,0.320843
ENSG00000304922.1,1.244204
ENSG00000304923.1,0.0
ENSG00000304924.1,0.0
ENSG00000304925.1,0.0
ENSG00000304926.1,0.0
ENSG00000304927.1,0.0
ENSG00000304928.1,0.0
ENSG00000304929.1,0.0
ENSG00000304930.1,0.0
ENSG00000304931.1,0.0
ENSG00000304932.1,0.0
ENSG00000304933.1,0.0
ENSG00000304934.1,0.0
ENSG00000304935.1,0.0
ENSG00000304936.1,0.0
ENSG00000304937.1,0.0
ENSG00000304938.1,0.283514
ENSG00000304939.1,0.0
ENSG00000304940.1,0.0
ENSG00000304941.1,0.0
ENSG00000304942.1,0.0
ENSG00000304943.1,0.0
ENSG00000304944.1,0.0
ENSG00000304945.1,0.0
ENSG00000304946.1,0.0
ENSG00000304947.1,0.0
ENSG00000304948.1,0.0
ENSG00000304949.1,0.0
ENSG00000304950.1,0.0
ENSG00000304951.1,0.0
ENSG00000304952.1,0.0
ENSG00000304953.1,0.0
ENSG00000304954.1,0.0
ENSG00000304955.1,0.0
ENSG00000304956.1,0.0
ENSG00000304957.1,0.0
ENSG00000304958.1,0.0
ENSG00000304959.1,0.0
ENSG00000304960.1,0.0
ENSG00000304961.1,0.237347
ENSG00000304962.1,0.0
ENSG00000304963.1,0.0
ENSG00000304964.1,0.427401
ENSG00000304965.1,0.0
ENSG00000304966.1,0.0
ENSG00000304967.1,0.0
ENSG00000304968.1,0.0
ENSG00000304969.1,0.0
ENSG00000304970.1,0.0
ENSG00000304971.1,0.0
ENSG00000304972.1,0.0
ENSG00000304973.1,0.0
ENSG00000304974.1,0.0
ENSG00000304975.1,0.0
ENSG00000304976.1,0.0
ENSG00000304977.1,0.0
ENSG00000304978.1,0.0
ENSG00000304979.1,0.0
ENSG00000304980.1,0.0
ENSG00000304981.1,0.0
ENSG00000304982.1,0.0
ENSG00000304983.1,0.0
ENSG00000304984.1,0.0
ENSG00000304985.1,0.0
ENSG00000304986.1,0.0
ENSG00000304987.1,0.0
ENSG00000304988.1,0.0
ENSG00000304989.1,0.0
ENSG00000304990.1,0.0
ENSG00000304991.1,0.0
ENSG00000304992.1,0.0
ENSG00000304993.1,0.0
ENSG00000304994.1,0.0
ENSG00000304995.1,0.0
ENSG00000304996.1,3.847802
ENSG00000304997.1,0.0
ENSG00000304998.1,0.286966
ENSG00000304999.1,0.0
ENSG00000305000.1,0.0
ENSG00000305001.1,0.0
ENSG00000305002.1,0.0
ENSG00000305003.1,0.0
ENSG00000305004.1,0.0
ENSG00000305005.1,0.0
ENSG00000305006.1,0.0
ENSG00000305007.1,0.0
ENSG00000305008.1,0.0
ENSG00000305009.1,0.0
ENSG00000305010.1,0.0
ENSG00000305011.1,0.0
ENSG00000305012.1,0.0
ENSG00000305013.1,0.0
ENSG00000305014.1,0.0
ENSG00000305015.1,0.0
ENSG00000305016.1,0.0
ENSG00000305017.1,0.0
ENSG00000305018.1,0.0
ENSG00000305019.1,0.0
ENSG00000305020.1,0.0
ENSG00000305021.1,0.0
ENSG00000305022.1,0.0
ENSG00000305023.1,0.0
ENSG00000305024.1,0.0
ENSG00000305025.1,0.0
ENSG00000305026.1,0.0
ENSG00000305027.1,0.0
ENSG00000305028.1,0.0
ENSG00000305029.1,0.0
ENSG00000305030.1,0.0
ENSG00000305031.1,0.0
ENSG00000305032.1,0.621967
ENSG00000305033.1,0.0
ENSG00000305034.1,0.0
ENSG00000305035.1,0.0
ENSG00000305036.1,0.0
ENSG00000305037.1,0.0
ENSG00000305038.1,0.0
ENSG00000305039.1,0.0
ENSG00000305040.1,0.0
ENSG00000305041.1,0.0
ENSG00000305042.1,0.0
ENSG00000305043.1,0.0
ENSG00000305044.1,0.0
ENSG00000305045.1,0.0
ENSG00000305046.1,0.0
ENSG00000305047.1,0.0
ENSG00000305048.1,0.0
ENSG00000305049.1,0.0
ENSG00000305050.1,0.0
ENSG00000305051.1,0.0
ENSG00000305052.1,0.0
ENSG00000305053.1,0.0
ENSG00000305054.1,0.0
ENSG00000305055.1,0.0
ENSG00000305056.1,0.0
ENSG00000305057.1,0.0
ENSG00000305058.1,0.0
ENSG00000305059.1,0.0
ENSG00000305061.1,0.0
ENSG00000305062.1,0.0
ENSG00000305063.1,0.0
ENSG00000305064.1,0.0
ENSG00000305065.1,0.0
ENSG00000305066.1,0.0
ENSG00000305067.1,0.0
ENSG00000305068.1,0.355057
ENSG00000305069.1,1.130889
ENSG00000305070.1,0.0
ENSG00000305071.1,0.0
ENSG00000305072.1,0.0
ENSG00000305073.1,0.0
ENSG00000305074.1,0.471859
ENSG00000305075.1,0.0
ENSG00000305076.1,5.482692
ENSG00000305077.1,0.0
ENSG00000305078.1,0.0
ENSG00000305079.1,0.0
ENSG00000305080.1,0.0
ENSG00000305081.1,0.0
ENSG00000305082.1,0.0
ENSG00000305083.1,0.0
ENSG00000305084.1,0.0
ENSG00000305085.1,0.0
ENSG00000305086.1,0.0
ENSG00000305087.1,1.114897
ENSG00000305088.1,0.0
ENSG00000305089.1,0.621734
ENSG00000305090.1,0.0
ENSG00000305091.1,0.0
ENSG00000305092.1,0.0
ENSG00000305093.1,0.0
ENSG00000305094.1,0.0
ENSG00000305095.1,0.0
ENSG00000305096.1,0.0
ENSG00000305097.1,0.0
ENSG00000305098.1,0.0
ENSG00000305099.1,0.0
ENSG00000305100.1,0.0
ENSG00000305101.1,0.0
ENSG00000305102.1,0.0
ENSG00000305103.1,0.0
ENSG00000305104.1,0.0
ENSG00000305105.1,0.0
ENSG00000305106.1,0.0
ENSG00000305107.1,0.0
ENSG00000305108.1,0.0
ENSG00000305109.1,0.417026
ENSG00000305110.1,0.0
ENSG00000305111.1,0.0
ENSG00000305112.1,0.336769
ENSG00000305113.1,0.0
ENSG00000305114.1,0.0
ENSG00000305115.1,0.0
ENSG00000305116.1,0.0
ENSG00000305117.1,0.0
ENSG00000305118.1,0.0
ENSG00000305119.1,0.0
ENSG00000305120.1,0.0
ENSG00000305121.1,0.0
ENSG00000305122.1,0.0
ENSG00000305123.1,0.0
ENSG00000305124.1,0.0
ENSG00000305125.1,0.0
ENSG00000305126.1,2.9698
ENSG00000305127.1,0.0
ENSG00000305128.1,0.0
ENSG00000305129.1,0.0
ENSG00000305130.1,0.0
ENSG00000305131.1,0.0
ENSG00000305132.1,0.0
ENSG00000305133.1,0.333736
ENSG00000305134.1,0.0
ENSG00000305135.1,0.767267
ENSG00000305136.1,0.0
ENSG00000305137.1,0.0
ENSG00000305138.1,0.0
ENSG00000305139.1,0.328314
ENSG00000305140.1,0.0
ENSG00000305141.1,0.0
ENSG00000305142.1,0.0
ENSG00000305143.1,0.0
ENSG00000305144.1,0.0
ENSG00000305145.1,0.0
ENSG00000305146.1,0.0
ENSG00000305147.1,0.0
ENSG00000305148.2,4.003447
ENSG00000305149.1,0.0
ENSG00000305150.1,0.0
ENSG00000305151.1,0.0
ENSG00000305152.1,0.0
ENSG00000305153.1,0.0
ENSG00000305154.1,0.0
ENSG00000305155.1,0.0
ENSG00000305156.1,0.0
ENSG00000305157.1,0.0
ENSG00000305158.1,0.0
ENSG00000305159.1,0.0
ENSG00000305160.1,0.0
ENSG00000305161.1,0.0
ENSG00000305162.1,0.0
ENSG00000305163.1,0.0
ENSG00000305164.1,0.0
ENSG00000305165.1,0.0
ENSG00000305166.1,0.0
ENSG00000305167.1,0.0
ENSG00000305168.1,0.0
ENSG00000305169.1,0.0
ENSG00000305170.1,0.0
ENSG00000305171.1,0.0
ENSG00000305172.1,0.0
ENSG00000305173.1,10.632459
ENSG00000305174.1,0.0
ENSG00000305175.1,0.0
ENSG00000305176.1,0.0
ENSG00000305177.1,0.0
ENSG00000305178.1,0.0
ENSG00000305179.1,0.0
ENSG00000305180.1,0.0
ENSG00000305181.1,0.0
ENSG00000305182.1,0.0
ENSG00000305183.1,0.0
ENSG00000305184.1,0.0
ENSG00000305185.1,0.0
ENSG00000305186.1,0.0
ENSG00000305187.1,0.0
ENSG00000305188.1,0.0
ENSG00000305189.1,0.0
ENSG00000305190.1,0.0
ENSG00000305191.1,0.0
ENSG00000305192.1,0.0
ENSG00000305193.1,0.0
ENSG00000305194.1,0.0
ENSG00000305195.1,0.368598
ENSG00000305196.1,0.0
ENSG00000305197.1,0.0
ENSG00000305198.1,0.0
ENSG00000305199.1,0.0
ENSG00000305200.1,0.0
ENSG00000305201.1,0.0
ENSG00000305202.1,0.0
ENSG00000305203.1,0.0
ENSG00000305204.1,0.415441
ENSG00000305205.1,0.338307
ENSG00000305206.1,0.0
ENSG00000305207.1,0.0
ENSG00000305208.1,0.0
ENSG00000305209.1,0.0
ENSG00000305210.1,0.0
ENSG00000305211.1,0.0
ENSG00000305212.1,0.0
ENSG00000305213.1,0.0
ENSG00000305214.1,0.0
ENSG00000305215.1,0.0
ENSG00000305216.1,0.0
ENSG00000305217.1,0.0
ENSG00000305218.1,0.0
ENSG00000305219.1,0.0
ENSG00000305220.1,0.0
ENSG00000305221.1,0.0
ENSG00000305222.1,0.0
ENSG00000305223.1,0.0
ENSG00000305224.1,0.0
ENSG00000305225.1,0.0
ENSG00000305226.1,0.943154
ENSG00000305227.1,0.0
ENSG00000305228.1,0.0
ENSG00000305229.1,0.0
ENSG00000305230.1,0.0
ENSG00000305231.1,0.0
ENSG00000305232.1,0.0
ENSG00000305233.1,0.0
ENSG00000305234.1,0.535786
ENSG00000305235.1,0.0
ENSG00000305236.1,0.0
ENSG00000305237.1,0.0
ENSG00000305238.1,0.0
ENSG00000305239.1,0.0
ENSG00000305240.1,0.0
ENSG00000305241.1,0.0
ENSG00000305242.1,0.0
ENSG00000305243.1,0.0
ENSG00000305244.1,0.554994
ENSG00000305245.1,0.0
ENSG00000305246.1,0.0
ENSG00000305248.1,0.0
ENSG00000305249.1,0.0
ENSG00000305250.1,0.0
ENSG00000305251.1,0.0
ENSG00000305252.1,0.0
ENSG00000305253.1,0.0
ENSG00000305254.1,0.0
ENSG00000305255.1,0.0
ENSG00000305256.1,0.0
ENSG00000305257.1,0.0
ENSG00000305258.1,0.0
ENSG00000305259.1,0.0
ENSG00000305260.1,0.0
ENSG00000305261.1,0.0
ENSG00000305262.1,0.0
ENSG00000305263.1,0.0
ENSG00000305264.1,0.0
ENSG00000305265.1,0.0
ENSG00000305266.1,0.0
ENSG00000305267.1,0.0
ENSG00000305268.1,0.0
ENSG00000305269.1,0.0
ENSG00000305270.1,0.0
ENSG00000305271.1,0.0
ENSG00000305272.1,0.0
ENSG00000305273.1,0.0
ENSG00000305274.1,0.0
ENSG00000305275.1,0.0
ENSG00000305276.1,0.0
ENSG00000305277.1,0.0
ENSG00000305278.1,0.0
ENSG00000305279.1,0.0
ENSG00000305280.1,0.0
ENSG00000305281.1,0.0
ENSG00000305282.1,0.0
ENSG00000305283.1,0.0
ENSG00000305284.1,0.0
ENSG00000305285.1,1.247912
ENSG00000305286.1,1.166311
ENSG00000305287.1,0.0
ENSG00000305288.1,0.0
ENSG00000305289.1,0.0
ENSG00000305290.1,0.0
ENSG00000305291.1,0.0
ENSG00000305292.1,0.0
ENSG00000305293.1,0.0
ENSG00000305294.1,0.0
ENSG00000305295.1,0.0
ENSG00000305296.1,0.0
ENSG00000305297.1,0.0
ENSG00000305298.1,0.0
ENSG00000305299.1,0.0
ENSG00000305300.1,0.0
ENSG00000305301.1,0.0
ENSG00000305302.1,0.235711
ENSG00000305303.1,2.287356
ENSG00000305304.1,0.0
ENSG00000305305.1,0.0
ENSG00000305306.1,0.0
ENSG00000305307.1,0.0
ENSG00000305308.1,0.0
ENSG00000305309.1,0.0
ENSG00000305310.1,0.0
ENSG00000305311.1,0.0
ENSG00000305312.1,0.0
ENSG00000305313.1,0.21185
ENSG00000305314.1,0.0
ENSG00000305315.1,0.0
ENSG00000305316.1,0.0
ENSG00000305317.1,0.0
ENSG00000305318.1,0.708885
ENSG00000305319.1,0.0
ENSG00000305320.1,0.0
ENSG00000305321.1,0.0
ENSG00000305322.1,0.0
ENSG00000305323.1,0.0
ENSG00000305324.1,0.0
ENSG00000305325.1,0.0
ENSG00000305326.1,0.300169
ENSG00000305327.1,0.0
ENSG00000305328.1,0.0
ENSG00000305329.1,0.0
ENSG00000305330.1,0.0
ENSG00000305331.1,0.0
ENSG00000305332.1,0.0
ENSG00000305333.1,0.0
ENSG00000305334.1,0.0
ENSG00000305335.1,0.236967
ENSG00000305336.1,0.0
ENSG00000305337.1,0.0
ENSG00000305338.1,0.0
ENSG00000305339.1,0.0
ENSG00000305340.1,0.0
ENSG00000305341.1,0.0
ENSG00000305342.1,0.0
ENSG00000305343.1,0.0
ENSG00000305344.1,0.0
ENSG00000305345.1,0.0
ENSG00000305346.1,0.0
ENSG00000305347.1,0.0
ENSG00000305348.1,0.0
ENSG00000305349.1,0.0
ENSG00000305350.1,0.0
ENSG00000305351.1,0.0
ENSG00000305352.1,0.772684
ENSG00000305353.1,0.0
ENSG00000305354.1,0.0
ENSG00000305355.1,0.0
ENSG00000305356.1,0.0
ENSG00000305357.1,0.0
ENSG00000305358.1,0.0
ENSG00000305359.1,0.0
ENSG00000305360.1,0.0
ENSG00000305361.1,0.0
ENSG00000305362.1,0.0
ENSG00000305363.1,0.405644
ENSG00000305364.1,0.0
ENSG00000305365.1,0.0
ENSG00000305366.1,0.0
ENSG00000305367.1,0.0
ENSG00000305368.1,0.0
ENSG00000305369.1,0.0
ENSG00000305370.1,0.0
ENSG00000305371.1,0.0
ENSG00000305372.1,0.0
ENSG00000305373.1,0.0
ENSG00000305374.1,0.0
ENSG00000305375.1,0.0
ENSG00000305376.1,0.0
ENSG00000305377.1,0.0
ENSG00000305378.1,0.0
ENSG00000305379.1,0.0
ENSG00000305380.1,0.0
ENSG00000305381.1,0.769077
ENSG00000305382.1,0.0
ENSG00000305383.1,0.0
ENSG00000305384.1,0.0
ENSG00000305385.1,0.0
ENSG00000305386.1,0.0
ENSG00000305387.1,0.0
ENSG00000305388.1,0.0
ENSG00000305389.1,0.0
ENSG00000305390.1,0.0
ENSG00000305391.1,0.0
ENSG00000305392.1,0.0
ENSG00000305393.1,0.0
ENSG00000305394.1,0.0
ENSG00000305395.1,0.0
ENSG00000305396.1,0.0
ENSG00000305397.1,0.0
ENSG00000305398.1,0.0
ENSG00000305399.1,0.0
ENSG00000305400.1,0.0
ENSG00000305401.1,0.0
ENSG00000305402.1,0.0
ENSG00000305403.1,0.0
ENSG00000305404.1,0.0
ENSG00000305405.1,0.0
ENSG00000305406.1,0.0
ENSG00000305407.1,0.0
ENSG00000305408.1,0.0
ENSG00000305409.1,0.0
ENSG00000305410.1,0.0
ENSG00000305411.1,0.0
ENSG00000305412.1,0.0
ENSG00000305413.1,0.0
ENSG00000305414.1,0.0
ENSG00000305415.1,0.0
ENSG00000305416.1,0.0
ENSG00000305417.1,0.0
ENSG00000305418.1,0.0
ENSG00000305419.1,0.0
ENSG00000305420.1,0.804616
ENSG00000305421.1,0.0
ENSG00000305422.1,0.0
ENSG00000305423.1,0.0
ENSG00000305424.1,0.0
ENSG00000305425.1,0.0
ENSG00000305426.1,0.0
ENSG00000305427.1,0.0
ENSG00000305428.1,0.0
ENSG00000305429.1,0.62966
ENSG00000305430.1,0.0
ENSG00000305431.1,0.0
ENSG00000305432.1,0.0
ENSG00000305433.1,0.0
ENSG00000305434.1,0.0
ENSG00000305435.1,0.0
ENSG00000305436.1,0.0
ENSG00000305437.1,0.0
ENSG00000305438.1,0.0
ENSG00000305439.1,0.0
ENSG00000305440.1,0.0
ENSG00000305441.1,0.0
ENSG00000305442.1,0.0
ENSG00000305443.1,0.0
ENSG00000305444.1,0.0
ENSG00000305445.1,0.0
ENSG00000305446.1,0.0
ENSG00000305447.1,0.0
ENSG00000305448.1,2.915778
ENSG00000305449.1,0.0
ENSG00000305450.1,0.0
ENSG00000305451.1,0.0
ENSG00000305452.1,0.0
ENSG00000305453.1,0.0
ENSG00000305454.1,0.0
ENSG00000305455.1,0.0
ENSG00000305456.1,0.0
ENSG00000305457.1,0.0
ENSG00000305458.1,0.0
ENSG00000305459.1,0.0
ENSG00000305460.1,0.0
ENSG00000305461.1,0.0
ENSG00000305462.1,0.643327
ENSG00000305463.1,0.0
ENSG00000305464.1,0.0
ENSG00000305465.1,0.0
ENSG00000305466.1,0.0
ENSG00000305467.1,0.0
ENSG00000305468.1,0.0
ENSG00000305469.1,0.0
ENSG00000305470.1,0.0
ENSG00000305471.1,0.0
ENSG00000305472.1,0.0
ENSG00000305473.1,0.173517
ENSG00000305474.1,0.0
ENSG00000305475.1,1.47248
ENSG00000305476.1,0.552589
ENSG00000305477.1,0.0
ENSG00000305478.1,0.0
ENSG00000305479.1,0.0
ENSG00000305480.1,0.0
ENSG00000305481.1,0.0
ENSG00000305482.1,0.0
ENSG00000305483.1,0.0
ENSG00000305484.1,0.0
ENSG00000305485.1,0.0
ENSG00000305486.1,0.0
ENSG00000305487.1,0.0
ENSG00000305488.1,0.0
ENSG00000305489.1,0.0
ENSG00000305490.1,0.0
ENSG00000305491.1,0.0
ENSG00000305492.1,0.0
ENSG00000305493.1,0.0
ENSG00000305494.1,0.0
ENSG00000305495.1,0.0
ENSG00000305496.1,0.0
ENSG00000305497.1,0.0
ENSG00000305498.1,0.0
ENSG00000305499.1,0.0
ENSG00000305500.1,0.0
ENSG00000305501.1,0.0
ENSG00000305502.1,0.0
ENSG00000305503.1,0.0
ENSG00000305504.1,0.0
ENSG00000305505.1,0.0
ENSG00000305506.1,0.0
ENSG00000305507.1,0.0
ENSG00000305508.1,0.0
ENSG00000305509.1,0.0
ENSG00000305510.1,0.0
ENSG00000305511.1,0.0
ENSG00000305512.1,3.650238
ENSG00000305513.1,0.0
ENSG00000305514.1,0.0
ENSG00000305515.1,0.0
ENSG00000305516.1,0.0
ENSG00000305517.1,0.0
ENSG00000305518.1,0.0
ENSG00000305519.1,0.0
ENSG00000305520.1,0.0
ENSG00000305521.1,0.0
ENSG00000305522.1,0.0
ENSG00000305523.1,0.0
ENSG00000305524.1,0.0
ENSG00000305526.1,0.0
ENSG00000305527.1,0.0
ENSG00000305528.1,0.794309
ENSG00000305529.1,0.0
ENSG00000305530.1,0.0
ENSG00000305531.1,0.0
ENSG00000305533.1,0.0
ENSG00000305534.1,0.0
ENSG00000305535.1,0.0
ENSG00000305536.1,0.0
ENSG00000305537.1,0.0
ENSG00000305538.1,0.0
ENSG00000305539.1,0.0
ENSG00000305540.1,0.0
ENSG00000305541.1,0.0
ENSG00000305542.1,0.0
ENSG00000305543.1,0.0
ENSG00000305544.1,0.0
ENSG00000305545.1,0.0
ENSG00000305546.1,0.0
ENSG00000305547.1,0.0
ENSG00000305548.1,0.0
ENSG00000305549.1,0.0
ENSG00000305550.1,0.0
ENSG00000305551.1,0.0
ENSG00000305552.1,0.0
ENSG00000305553.1,0.0
ENSG00000305554.1,2.244462
ENSG00000305555.1,0.0
ENSG00000305556.1,0.0
ENSG00000305557.1,0.0
ENSG00000305558.1,0.0
ENSG00000305559.1,0.0
ENSG00000305560.1,0.0
ENSG00000305561.1,0.0
ENSG00000305562.1,0.0
ENSG00000305563.1,0.0
ENSG00000305564.1,0.0
ENSG00000305565.1,0.0
ENSG00000305566.1,0.0
ENSG00000305567.1,0.0
ENSG00000305568.1,0.0
ENSG00000305569.1,0.0
ENSG00000305570.1,0.0
ENSG00000305571.1,0.0
ENSG00000305572.1,0.0
ENSG00000305573.1,0.0
ENSG00000305574.1,0.0
ENSG00000305575.1,0.0
ENSG00000305576.1,0.0
ENSG00000305577.1,0.0
ENSG00000305578.1,9.958807
ENSG00000305579.1,0.0
ENSG00000305580.1,0.0
ENSG00000305581.1,0.0
ENSG00000305582.1,0.0
ENSG00000305583.1,0.0
ENSG00000305584.1,0.0
ENSG00000305585.1,0.0
ENSG00000305586.1,0.0
ENSG00000305587.1,0.0
ENSG00000305588.1,0.0
ENSG00000305589.1,0.0
ENSG00000305590.1,0.0
ENSG00000305591.1,0.0
ENSG00000305592.1,0.0
ENSG00000305593.1,0.0
ENSG00000305594.1,0.0
ENSG00000305595.1,0.0
ENSG00000305596.1,0.0
ENSG00000305597.1,0.0
ENSG00000305598.1,0.0
ENSG00000305599.1,0.0
ENSG00000305600.1,0.0
ENSG00000305601.1,0.0
ENSG00000305602.1,1.37414
ENSG00000305603.1,0.0
ENSG00000305604.1,0.0
ENSG00000305605.1,0.0
ENSG00000305606.1,0.0
ENSG00000305607.1,0.0
ENSG00000305608.1,0.0
ENSG00000305609.1,0.0
ENSG00000305610.1,0.0
ENSG00000305611.1,0.0
ENSG00000305612.1,0.0
ENSG00000305613.1,0.0
ENSG00000305614.1,0.0
ENSG00000305615.1,0.0
ENSG00000305616.1,0.0
ENSG00000305617.1,0.0
ENSG00000305618.1,0.0
ENSG00000305619.1,0.0
ENSG00000305620.1,0.0
ENSG00000305621.1,0.0
ENSG00000305622.1,0.0
ENSG00000305623.1,0.0
ENSG00000305624.1,0.269099
ENSG00000305625.1,0.0
ENSG00000305626.1,0.0
ENSG00000305627.1,0.0
ENSG00000305628.1,0.0
ENSG00000305629.1,0.0
ENSG00000305630.1,0.0
ENSG00000305631.1,0.0
ENSG00000305632.1,0.0
ENSG00000305633.1,0.0
ENSG00000305634.1,0.0
ENSG00000305635.1,0.681118
ENSG00000305636.1,0.0
ENSG00000305637.1,0.0
ENSG00000305638.1,0.0
ENSG00000305639.1,0.791751
ENSG00000305640.1,0.704628
ENSG00000305641.1,0.0
ENSG00000305642.1,0.0
ENSG00000305643.1,0.0
ENSG00000305644.1,0.0
ENSG00000305645.1,0.0
ENSG00000305646.1,0.0
ENSG00000305647.1,0.0
ENSG00000305648.1,0.387218
ENSG00000305649.1,0.0
ENSG00000305650.1,0.0
ENSG00000305651.1,0.0
ENSG00000305652.1,0.402648
ENSG00000305653.1,0.0
ENSG00000305654.1,0.0
ENSG00000305655.1,0.0
ENSG00000305656.1,0.318438
ENSG00000305657.1,0.0
ENSG00000305658.1,0.0
ENSG00000305659.1,0.0
ENSG00000305660.1,0.0
ENSG00000305661.1,0.0
ENSG00000305662.1,0.0
ENSG00000305663.1,0.0
ENSG00000305664.1,0.0
ENSG00000305665.1,0.0
ENSG00000305666.1,0.0
ENSG00000305667.1,0.0
ENSG00000305668.1,0.0
ENSG00000305669.1,0.587244
ENSG00000305670.1,0.0
ENSG00000305671.1,0.0
ENSG00000305672.1,0.0
ENSG00000305673.1,0.0
ENSG00000305674.1,0.0
ENSG00000305675.1,0.0
ENSG00000305676.1,0.0
ENSG00000305677.1,0.0
ENSG00000305678.1,0.0
ENSG00000305679.1,2.210847
ENSG00000305680.1,0.0
ENSG00000305681.1,0.0
ENSG00000305682.1,0.0
ENSG00000305683.1,0.0
ENSG00000305684.1,0.0
ENSG00000305685.1,0.0
ENSG00000305686.1,0.0
ENSG00000305687.1,0.0
ENSG00000305688.1,0.0
ENSG00000305689.1,0.0
ENSG00000305690.1,0.0
ENSG00000305691.1,0.0
ENSG00000305692.1,0.0
ENSG00000305693.1,0.0
ENSG00000305694.1,0.0
ENSG00000305695.1,0.0
ENSG00000305696.1,0.0
ENSG00000305697.1,0.0
ENSG00000305698.1,0.0
ENSG00000305699.1,0.0
ENSG00000305700.1,0.0
ENSG00000305701.1,0.0
ENSG00000305702.1,0.0
ENSG00000305703.1,0.0
ENSG00000305704.1,0.0
ENSG00000305705.1,0.0
ENSG00000305706.1,0.0
ENSG00000305707.1,0.0
ENSG00000305708.1,0.0
ENSG00000305709.1,0.0
ENSG00000305710.1,0.0
ENSG00000305711.1,0.591149
ENSG00000305712.1,0.0
ENSG00000305713.1,0.0
ENSG00000305714.1,0.0
ENSG00000305715.1,0.0
ENSG00000305716.1,0.0
ENSG00000305717.1,0.0
ENSG00000305718.1,0.0
ENSG00000305719.1,0.0
ENSG00000305720.1,0.0
ENSG00000305721.1,0.0
ENSG00000305722.1,0.0
ENSG00000305723.1,0.0
ENSG00000305724.1,0.0
ENSG00000305725.1,0.0
ENSG00000305726.1,0.0
ENSG00000305727.1,0.0
ENSG00000305728.1,0.0
ENSG00000305729.1,0.0
ENSG00000305730.1,0.143219
ENSG00000305731.1,0.487683
ENSG00000305732.1,0.0
ENSG00000305733.1,0.0
ENSG00000305734.1,0.0
ENSG00000305735.1,0.0
ENSG00000305736.1,0.0
ENSG00000305737.1,0.0
ENSG00000305738.1,0.0
ENSG00000305739.1,0.0
ENSG00000305740.1,0.0
ENSG00000305741.1,0.328314
ENSG00000305742.1,0.0
ENSG00000305743.1,0.0
ENSG00000305744.1,0.0
ENSG00000305745.1,0.0
ENSG00000305746.1,0.0
ENSG00000305747.1,0.0
ENSG00000305748.1,0.0
ENSG00000305749.1,0.0
ENSG00000305750.1,0.0
ENSG00000305751.1,0.0
ENSG00000305752.1,0.0
ENSG00000305753.1,0.0
ENSG00000305754.1,0.0
ENSG00000305755.1,0.0
ENSG00000305756.1,0.0
ENSG00000305757.1,0.0
ENSG00000305758.1,0.0
ENSG00000305759.1,0.0
ENSG00000305760.1,0.0
ENSG00000305761.1,0.0
ENSG00000305762.1,3.250627
ENSG00000305763.1,0.0
ENSG00000305764.1,0.0
ENSG00000305765.1,0.0
ENSG00000305766.1,0.0
ENSG00000305767.1,0.0
ENSG00000305768.1,0.0
ENSG00000305769.1,0.0
ENSG00000305770.1,0.0
ENSG00000305771.1,0.0
ENSG00000305773.1,1.06267
ENSG00000305774.1,0.0
ENSG00000305775.1,0.0
ENSG00000305776.1,0.0
ENSG00000305777.1,0.0
ENSG00000305778.1,0.0
ENSG00000305779.1,0.0
ENSG00000305780.1,0.0
ENSG00000305781.1,0.0
ENSG00000305782.1,0.0
ENSG00000305783.1,0.0
ENSG00000305784.1,0.0
ENSG00000305785.1,0.0
ENSG00000305786.1,0.0
ENSG00000305787.1,0.0
ENSG00000305788.1,0.0
ENSG00000305789.1,1.375467
ENSG00000305790.1,0.0
ENSG00000305791.1,0.886723
ENSG00000305792.1,0.0
ENSG00000305793.1,0.270408
ENSG00000305794.1,0.0
ENSG00000305795.1,0.0
ENSG00000305796.1,0.960641
ENSG00000305797.1,0.0
ENSG00000305798.1,0.0
ENSG00000305799.1,0.0
ENSG00000305800.1,0.0
ENSG00000305801.1,0.0
ENSG00000305802.1,0.0
ENSG00000305803.1,0.0
ENSG00000305804.1,0.0
ENSG00000305805.1,0.0
ENSG00000305806.1,0.0
ENSG00000305807.1,0.0
ENSG00000305808.1,0.0
ENSG00000305809.1,0.0
ENSG00000305810.1,0.0
ENSG00000305811.1,0.0
ENSG00000305812.1,0.0
ENSG00000305813.1,0.0
ENSG00000305814.1,0.0
ENSG00000305815.1,0.0
ENSG00000305816.1,0.920764
ENSG00000305817.1,0.0
ENSG00000305818.1,0.0
ENSG00000305819.1,0.0
ENSG00000305820.1,1.373901
ENSG00000305821.1,0.0
ENSG00000305822.1,0.0
ENSG00000305823.1,0.0
ENSG00000305824.1,0.0
ENSG00000305825.1,0.0
ENSG00000305826.1,0.0
ENSG00000305827.1,0.0
ENSG00000305828.1,0.0
ENSG00000305829.1,0.0
ENSG00000305830.1,0.413119
ENSG00000305831.1,0.679049
ENSG00000305832.1,0.0
ENSG00000305833.1,0.0
ENSG00000305834.1,0.0
ENSG00000305835.1,0.0
ENSG00000305836.1,0.0
ENSG00000305837.1,0.0
ENSG00000305838.1,0.0
ENSG00000305839.1,0.0
ENSG00000305840.1,0.0
ENSG00000305841.1,0.0
ENSG00000305842.1,0.0
ENSG00000305843.1,0.0
ENSG00000305844.1,0.0
ENSG00000305845.1,0.0
ENSG00000305846.1,0.763793
ENSG00000305847.1,0.0
ENSG00000305848.1,0.0
ENSG00000305849.1,0.0
ENSG00000305850.1,0.0
ENSG00000305851.1,0.0
ENSG00000305852.1,0.669483
ENSG00000305853.1,0.0
ENSG00000305854.1,0.0
ENSG00000305855.1,0.0
ENSG00000305856.1,0.0
ENSG00000305857.1,0.0
ENSG00000305858.1,0.0
ENSG00000305859.1,0.0
ENSG00000305860.1,0.0
ENSG00000305861.1,0.0
ENSG00000305862.1,0.0
ENSG00000305863.1,0.0
ENSG00000305864.1,0.0
ENSG00000305865.1,0.0
ENSG00000305866.1,0.0
ENSG00000305867.1,0.0
ENSG00000305868.1,0.0
ENSG00000305869.1,3.930329
ENSG00000305870.1,0.0
ENSG00000305871.1,0.0
ENSG00000305872.1,0.0
ENSG00000305873.1,0.0
ENSG00000305874.1,0.0
ENSG00000305875.1,0.0
ENSG00000305876.1,0.0
ENSG00000305877.1,0.0
ENSG00000305878.1,0.0
ENSG00000305879.1,0.0
ENSG00000305880.1,0.0
ENSG00000305881.1,0.0
ENSG00000305882.1,0.0
ENSG00000305883.1,0.0
ENSG00000305884.1,0.0
ENSG00000305885.1,0.0
ENSG00000305886.1,0.0
ENSG00000305887.1,0.442956
ENSG00000305888.1,0.0
ENSG00000305889.1,0.0
ENSG00000305890.1,0.0
ENSG00000305891.1,0.0
ENSG00000305892.1,0.0
ENSG00000305893.1,0.0
ENSG00000305894.1,0.0
ENSG00000305895.1,0.0
ENSG00000305896.1,0.0
ENSG00000305897.1,0.0
ENSG00000305898.1,0.0
ENSG00000305899.1,0.0
ENSG00000305900.1,0.0
ENSG00000305901.1,0.0
ENSG00000305902.1,0.0
ENSG00000305903.1,0.0
ENSG00000305904.1,0.0
ENSG00000305905.1,0.0
ENSG00000305906.1,0.0
ENSG00000305907.1,0.539365
ENSG00000305908.1,0.0
ENSG00000305909.1,0.0
ENSG00000305910.1,0.0
ENSG00000305911.1,0.0
ENSG00000305912.1,0.0
ENSG00000305913.1,0.0
ENSG00000305914.1,0.0
ENSG00000305915.1,0.0
ENSG00000305916.1,0.0
ENSG00000305917.1,0.0
ENSG00000305918.1,0.0
ENSG00000305919.1,0.0
ENSG00000305920.1,0.0
ENSG00000305921.1,0.0
ENSG00000305922.1,0.0
ENSG00000305923.1,0.0
ENSG00000305924.1,0.0
ENSG00000305925.1,0.0
ENSG00000305926.1,0.0
ENSG00000305927.1,0.0
ENSG00000305928.1,0.0
ENSG00000305929.1,0.0
ENSG00000305930.1,1.999675
ENSG00000305931.1,0.0
ENSG00000305932.1,0.0
ENSG00000305933.1,0.0
ENSG00000305934.1,0.0
ENSG00000305935.1,0.0
ENSG00000305936.1,0.0
ENSG00000305937.1,0.0
ENSG00000305938.1,0.0
ENSG00000305939.1,0.0
ENSG00000305940.1,0.0
ENSG00000305941.1,0.0
ENSG00000305942.1,0.0
ENSG00000305943.1,0.0
ENSG00000305944.1,0.0
ENSG00000305945.1,0.0
ENSG00000305946.1,0.0
ENSG00000305947.1,0.0
ENSG00000305948.1,0.0
ENSG00000305949.1,0.0
ENSG00000305950.1,0.0
ENSG00000305951.1,0.0
ENSG00000305952.1,0.0
ENSG00000305953.1,0.0
ENSG00000305954.1,0.60698
ENSG00000305955.1,0.0
ENSG00000305956.1,0.0
ENSG00000305957.1,0.0
ENSG00000305958.1,0.0
ENSG00000305959.1,0.387239
ENSG00000305960.1,0.0
ENSG00000305961.1,0.0
ENSG00000305962.1,0.0
ENSG00000305963.1,0.0
ENSG00000305964.1,0.0
ENSG00000305965.1,0.0
ENSG00000305966.1,0.0
ENSG00000305967.1,0.0
ENSG00000305968.1,0.542127
ENSG00000305969.1,0.0
ENSG00000305970.1,0.0
ENSG00000305971.1,0.0
ENSG00000305972.1,0.0
ENSG00000305973.1,0.0
ENSG00000305974.1,0.0
ENSG00000305975.1,0.0
ENSG00000305976.1,0.0
ENSG00000305977.1,0.0
ENSG00000305978.1,0.0
ENSG00000305979.1,0.0
ENSG00000305980.1,0.680757
ENSG00000305981.1,0.0
ENSG00000305982.1,0.0
ENSG00000305983.1,0.422498
ENSG00000305984.1,0.0
ENSG00000305985.1,0.0
ENSG00000305986.1,0.0
ENSG00000305987.1,0.0
ENSG00000305988.1,0.0
ENSG00000305989.1,0.0
ENSG00000305990.1,0.0
ENSG00000305991.1,0.296758
ENSG00000305992.1,0.0
ENSG00000305993.1,0.0
ENSG00000305994.1,0.0
ENSG00000305995.1,0.0
ENSG00000305996.1,0.0
ENSG00000305997.1,0.0
ENSG00000305998.1,0.0
ENSG00000305999.1,0.0
ENSG00000306000.1,0.0
ENSG00000306001.1,0.0
ENSG00000306002.1,0.0
ENSG00000306003.1,0.0
ENSG00000306004.1,0.0
ENSG00000306005.1,0.0
ENSG00000306006.1,0.0
ENSG00000306007.1,0.0
ENSG00000306008.1,0.0
ENSG00000306009.1,0.202991
ENSG00000306010.1,0.0
ENSG00000306011.1,0.0
ENSG00000306012.1,0.0
ENSG00000306013.1,0.0
ENSG00000306014.1,1.134757
ENSG00000306015.1,0.0
ENSG00000306016.1,0.0
ENSG00000306017.1,0.0
ENSG00000306018.1,0.0
ENSG00000306019.1,0.0
ENSG00000306020.1,0.0
ENSG00000306021.1,0.0
ENSG00000306022.1,0.0
ENSG00000306023.1,0.0
ENSG00000306024.1,0.0
ENSG00000306025.1,0.0
ENSG00000306026.1,0.105244
ENSG00000306027.1,0.0
ENSG00000306028.1,0.0
ENSG00000306029.1,0.0
ENSG00000306030.1,0.0
ENSG00000306031.1,0.0
ENSG00000306032.1,0.0
ENSG00000306033.1,0.0
ENSG00000306034.1,0.0
ENSG00000306035.1,0.0
ENSG00000306036.1,0.0
ENSG00000306037.1,0.0
ENSG00000306038.1,0.0
ENSG00000306039.1,0.0
ENSG00000306040.1,0.0
ENSG00000306041.1,0.0
ENSG00000306042.1,0.0
ENSG00000306043.1,0.0
ENSG00000306044.1,0.0
ENSG00000306045.1,0.0
ENSG00000306046.1,0.0
ENSG00000306047.1,0.0
ENSG00000306048.1,0.0
ENSG00000306049.1,0.0
ENSG00000306050.1,0.0
ENSG00000306051.1,0.0
ENSG00000306052.1,0.0
ENSG00000306053.1,0.0
ENSG00000306054.1,0.0
ENSG00000306055.1,0.0
ENSG00000306056.1,0.0
ENSG00000306057.1,0.0
ENSG00000306058.1,0.0
ENSG00000306059.1,0.0
ENSG00000306060.1,0.0
ENSG00000306061.1,0.0
ENSG00000306062.1,0.0
ENSG00000306063.1,0.0
ENSG00000306064.1,0.0
ENSG00000306065.1,0.368598
ENSG00000306066.1,0.586225
ENSG00000306067.1,0.0
ENSG00000306068.1,0.0
ENSG00000306069.1,0.0
ENSG00000306070.1,0.0
ENSG00000306071.1,0.0
ENSG00000306072.1,0.0
ENSG00000306073.1,0.0
ENSG00000306074.1,0.0
ENSG00000306075.1,0.0
ENSG00000306076.1,0.0
ENSG00000306077.1,0.0
ENSG00000306078.1,0.0
ENSG00000306079.1,0.0
ENSG00000306080.1,0.0
ENSG00000306081.1,0.0
ENSG00000306082.1,0.0
ENSG00000306083.1,2.238687
ENSG00000306084.1,0.0
ENSG00000306085.1,0.0
ENSG00000306086.1,0.232807
ENSG00000306087.1,0.167769
ENSG00000306088.1,0.0
ENSG00000306089.1,0.0
ENSG00000306090.1,0.0
ENSG00000306091.1,0.0
ENSG00000306092.1,0.0
ENSG00000306093.1,0.319353
ENSG00000306094.1,0.0
ENSG00000306095.1,0.0
ENSG00000306096.1,0.0
ENSG00000306097.1,0.0
ENSG00000306098.1,0.0
ENSG00000306099.1,0.0
ENSG00000306100.1,0.0
ENSG00000306101.1,0.0
ENSG00000306102.1,0.0
ENSG00000306103.1,0.0
ENSG00000306104.1,0.0
ENSG00000306105.1,0.0
ENSG00000306106.1,0.0
ENSG00000306107.1,0.0
ENSG00000306108.1,0.0
ENSG00000306109.1,0.0
ENSG00000306110.1,0.0
ENSG00000306111.1,0.0
ENSG00000306112.1,0.0
ENSG00000306113.1,0.24108
ENSG00000306114.1,0.0
ENSG00000306115.1,0.0
ENSG00000306116.1,0.0
ENSG00000306117.1,0.0
ENSG00000306118.1,0.0
ENSG00000306119.1,0.0
ENSG00000306120.1,0.0
ENSG00000306121.1,0.0
ENSG00000306122.1,0.0
ENSG00000306123.1,0.0
ENSG00000306124.1,0.0
ENSG00000306125.1,0.0
ENSG00000306126.1,0.0
ENSG00000306127.1,0.0
ENSG00000306128.1,0.0
ENSG00000306129.1,0.0
ENSG00000306130.1,0.0
ENSG00000306131.1,0.0
ENSG00000306132.1,0.0
ENSG00000306133.1,0.0
ENSG00000306134.1,0.0
ENSG00000306135.1,0.0
ENSG00000306136.1,0.0
ENSG00000306137.1,0.0
ENSG00000306138.1,0.0
ENSG00000306139.1,0.0
ENSG00000306140.1,0.0
ENSG00000306141.1,0.0
ENSG00000306142.1,0.0
ENSG00000306143.1,0.0
ENSG00000306144.1,0.0
ENSG00000306145.1,0.0
ENSG00000306146.1,0.0
ENSG00000306147.1,0.0
ENSG00000306148.1,0.0
ENSG00000306149.1,0.0
ENSG00000306150.1,0.0
ENSG00000306151.1,0.0
ENSG00000306152.1,0.0
ENSG00000306153.1,0.0
ENSG00000306154.1,0.0
ENSG00000306155.1,0.0
ENSG00000306156.1,0.0
ENSG00000306157.1,0.0
ENSG00000306158.1,0.0
ENSG00000306159.1,0.0
ENSG00000306160.1,0.0
ENSG00000306161.1,0.0
ENSG00000306162.1,0.0
ENSG00000306163.1,0.0
ENSG00000306164.1,0.0
ENSG00000306165.1,0.0
ENSG00000306166.1,0.0
ENSG00000306167.1,0.751878
ENSG00000306168.1,0.0
ENSG00000306169.1,0.0
ENSG00000306170.1,0.0
ENSG00000306171.1,0.0
ENSG00000306172.1,0.0
ENSG00000306173.1,0.0
ENSG00000306174.1,0.0
ENSG00000306175.1,0.0
ENSG00000306176.1,0.311633
ENSG00000306177.1,1.651884
ENSG00000306178.1,0.0
ENSG00000306179.1,0.0
ENSG00000306180.1,0.0
ENSG00000306181.1,0.0
ENSG00000306182.1,0.0
ENSG00000306183.1,0.0
ENSG00000306184.1,0.0
ENSG00000306185.1,0.0
ENSG00000306186.1,0.0
ENSG00000306187.1,0.0
ENSG00000306188.1,0.0
ENSG00000306189.1,0.0
ENSG00000306190.1,0.0
ENSG00000306191.1,0.0
ENSG00000306192.1,0.0
ENSG00000306193.1,0.186786
ENSG00000306194.1,0.0
ENSG00000306195.1,0.0
ENSG00000306196.1,0.155764
ENSG00000306197.1,0.0
ENSG00000306198.1,0.0
ENSG00000306199.1,0.0
ENSG00000306200.1,0.0
ENSG00000306201.1,0.0
ENSG00000306202.1,0.0
ENSG00000306203.1,0.0
ENSG00000306204.1,0.0
ENSG00000306205.1,0.676898
ENSG00000306206.1,0.0
ENSG00000306207.1,0.0
ENSG00000306208.1,0.0
ENSG00000306209.1,0.0
ENSG00000306210.1,0.0
ENSG00000306211.1,0.400857
ENSG00000306212.1,0.0
ENSG00000306213.1,0.0
ENSG00000306214.1,0.0
ENSG00000306215.1,0.0
ENSG00000306216.1,0.0
ENSG00000306217.1,0.0
ENSG00000306218.1,0.0
ENSG00000306219.1,0.0
ENSG00000306220.1,0.0
ENSG00000306221.1,0.0
ENSG00000306222.1,0.0
ENSG00000306223.1,0.533674
ENSG00000306224.1,0.0
ENSG00000306225.1,0.0
ENSG00000306226.1,0.0
ENSG00000306227.1,0.0
ENSG00000306228.1,0.0
ENSG00000306229.1,0.0
ENSG00000306230.1,0.0
ENSG00000306231.1,0.0
ENSG00000306232.1,0.0
ENSG00000306233.1,0.0
ENSG00000306234.1,0.0
ENSG00000306236.1,0.0
ENSG00000306237.1,0.0
ENSG00000306238.1,0.0
ENSG00000306239.1,0.0
ENSG00000306240.1,0.0
ENSG00000306241.1,0.0
ENSG00000306242.1,0.0
ENSG00000306243.1,0.0
ENSG00000306244.1,0.0
ENSG00000306245.1,0.0
ENSG00000306246.1,0.0
ENSG00000306247.1,0.0
ENSG00000306248.1,0.0
ENSG00000306249.1,0.0
ENSG00000306250.1,0.0
ENSG00000306251.1,0.0
ENSG00000306252.1,0.0
ENSG00000306253.1,0.0
ENSG00000306254.1,0.0
ENSG00000306255.1,0.0
ENSG00000306256.1,0.0
ENSG00000306257.1,0.0
ENSG00000306258.1,0.0
ENSG00000306259.1,0.0
ENSG00000306260.1,0.0
ENSG00000306261.1,0.82319
ENSG00000306262.1,0.380631
ENSG00000306263.1,0.0
ENSG00000306264.1,0.0
ENSG00000306265.1,0.0
ENSG00000306266.1,0.0
ENSG00000306267.1,0.0
ENSG00000306268.1,0.0
ENSG00000306269.1,0.0
ENSG00000306270.1,0.0
ENSG00000306271.1,0.0
ENSG00000306272.1,0.0
ENSG00000306273.1,0.0
ENSG00000306274.1,0.51753
ENSG00000306275.1,0.0
ENSG00000306276.1,0.0
ENSG00000306277.1,0.0
ENSG00000306278.1,0.0
ENSG00000306279.1,0.0
ENSG00000306280.1,0.0
ENSG00000306281.1,0.0
ENSG00000306282.1,0.0
ENSG00000306283.1,0.0
ENSG00000306284.1,0.0
ENSG00000306285.1,1.27477
ENSG00000306286.1,0.0
ENSG00000306287.1,1.949489
ENSG00000306288.1,0.0
ENSG00000306289.1,0.0
ENSG00000306290.1,0.0
ENSG00000306291.1,0.0
ENSG00000306292.1,0.0
ENSG00000306293.1,0.0
ENSG00000306294.1,0.0
ENSG00000306295.1,0.0
ENSG00000306296.1,0.0
ENSG00000306297.1,0.0
ENSG00000306298.1,0.0
ENSG00000306299.1,0.0
ENSG00000306300.1,0.0
ENSG00000306301.1,0.0
ENSG00000306302.1,0.0
ENSG00000306303.1,0.0
ENSG00000306304.1,0.0
ENSG00000306305.1,0.0
ENSG00000306306.1,0.0
ENSG00000306307.1,0.0
ENSG00000306308.1,0.0
ENSG00000306309.1,0.0
ENSG00000306310.1,0.0
ENSG00000306311.1,0.0
ENSG00000306312.1,0.414972
ENSG00000306313.1,0.0
ENSG00000306314.1,0.0
ENSG00000306315.1,0.0
ENSG00000306316.1,38.314547
ENSG00000306317.1,0.0
ENSG00000306318.1,0.397607
ENSG00000306319.1,0.0
ENSG00000306320.1,0.482159
ENSG00000306321.1,0.0
ENSG00000306322.1,0.0
ENSG00000306323.1,0.0
ENSG00000306324.1,0.0
ENSG00000306325.1,0.0
ENSG00000306326.1,0.0
ENSG00000306327.1,0.0
ENSG00000306328.1,0.0
ENSG00000306329.1,0.0
ENSG00000306330.1,0.0
ENSG00000306331.1,0.0
ENSG00000306332.1,0.0
ENSG00000306333.1,0.0
ENSG00000306334.1,0.0
ENSG00000306335.1,0.0
ENSG00000306336.1,0.0
ENSG00000306337.1,0.0
ENSG00000306338.1,0.834053
ENSG00000306339.1,0.0
ENSG00000306340.1,0.0
ENSG00000306341.1,0.577111
ENSG00000306342.1,0.0
ENSG00000306343.1,0.0
ENSG00000306344.1,0.0
ENSG00000306345.1,0.0
ENSG00000306346.1,0.0
ENSG00000306347.1,0.0
ENSG00000306348.1,0.0
ENSG00000306349.1,0.0
ENSG00000306350.1,0.0
ENSG00000306351.1,0.0
ENSG00000306352.1,0.0
ENSG00000306353.1,0.0
ENSG00000306354.1,0.0
ENSG00000306355.1,0.0
ENSG00000306356.1,0.0
ENSG00000306357.1,0.0
ENSG00000306358.1,0.0
ENSG00000306359.1,0.0
ENSG00000306360.1,0.0
ENSG00000306361.1,0.0
ENSG00000306362.1,0.0
ENSG00000306363.1,0.0
ENSG00000306364.1,0.0
ENSG00000306365.1,0.0
ENSG00000306366.1,0.0
ENSG00000306367.1,0.0
ENSG00000306368.1,0.0
ENSG00000306369.1,0.602099
ENSG00000306370.1,0.0
ENSG00000306371.1,0.433708
ENSG00000306372.1,0.0
ENSG00000306373.1,0.0
ENSG00000306374.1,0.0
ENSG00000306375.1,0.0
ENSG00000306376.1,0.0
ENSG00000306377.1,0.0
ENSG00000306378.1,6.540148
ENSG00000306379.1,0.0
ENSG00000306380.1,0.0
ENSG00000306381.1,0.0
ENSG00000306382.1,0.0
ENSG00000306383.1,0.0
ENSG00000306384.1,0.0
ENSG00000306385.1,0.0
ENSG00000306386.1,0.0
ENSG00000306387.1,0.0
ENSG00000306388.1,0.0
ENSG00000306389.1,0.0
ENSG00000306390.1,0.0
ENSG00000306391.1,0.0
ENSG00000306392.1,0.0
ENSG00000306393.1,0.0
ENSG00000306394.1,0.0
ENSG00000306395.1,0.0
ENSG00000306396.1,0.0
ENSG00000306397.1,0.0
ENSG00000306398.1,0.0
ENSG00000306399.1,0.0
ENSG00000306400.1,0.0
ENSG00000306401.1,0.0
ENSG00000306402.1,0.334238
ENSG00000306403.1,0.0
ENSG00000306404.1,0.0
ENSG00000306405.1,0.0
ENSG00000306406.1,0.0
ENSG00000306407.1,0.0
ENSG00000306408.1,0.0
ENSG00000306409.1,0.0
ENSG00000306410.1,0.0
ENSG00000306411.1,0.0
ENSG00000306412.1,0.0
ENSG00000306413.1,0.0
ENSG00000306414.1,0.0
ENSG00000306415.1,0.0
ENSG00000306416.1,0.0
ENSG00000306417.1,0.0
ENSG00000306418.1,0.0
ENSG00000306419.1,0.0
ENSG00000306420.1,0.0
ENSG00000306421.1,0.0
ENSG00000306422.1,0.0
ENSG00000306423.1,0.0
ENSG00000306424.1,0.0
ENSG00000306425.1,0.0
ENSG00000306426.1,0.357915
ENSG00000306427.1,0.0
ENSG00000306428.1,0.0
ENSG00000306429.1,0.0
ENSG00000306430.1,0.0
ENSG00000306431.1,0.0
ENSG00000306432.1,0.0
ENSG00000306433.1,0.0
ENSG00000306434.1,0.45758
ENSG00000306435.1,0.0
ENSG00000306436.1,2.257742
ENSG00000306437.1,0.0
ENSG00000306438.1,0.0
ENSG00000306439.1,0.0
ENSG00000306440.1,0.0
ENSG00000306441.1,0.0
ENSG00000306442.1,0.0
ENSG00000306443.1,0.0
ENSG00000306444.1,0.0
ENSG00000306445.1,0.0
ENSG00000306446.1,0.0
ENSG00000306447.1,0.0
ENSG00000306448.1,0.0
ENSG00000306450.1,0.0
ENSG00000306451.1,0.0
ENSG00000306452.1,0.0
ENSG00000306453.1,0.0
ENSG00000306454.1,0.0
ENSG00000306455.1,0.0
ENSG00000306456.1,0.0
ENSG00000306457.1,0.0
ENSG00000306458.1,0.0
ENSG00000306459.1,0.0
ENSG00000306460.1,0.0
ENSG00000306461.1,0.0
ENSG00000306462.1,0.0
ENSG00000306463.1,0.0
ENSG00000306464.1,0.0
ENSG00000306465.1,0.0
ENSG00000306466.1,0.0
ENSG00000306467.1,0.0
ENSG00000306468.1,0.0
ENSG00000306469.1,0.0
ENSG00000306470.1,0.0
ENSG00000306471.1,0.0
ENSG00000306472.1,0.0
ENSG00000306473.1,0.0
ENSG00000306474.1,0.0
ENSG00000306475.1,0.0
ENSG00000306476.1,0.0
ENSG00000306477.1,0.0
ENSG00000306478.1,0.0
ENSG00000306479.1,0.0
ENSG00000306480.1,0.0
ENSG00000306481.1,0.0
ENSG00000306482.1,0.0
ENSG00000306483.1,0.0
ENSG00000306484.1,0.0
ENSG00000306485.1,0.0
ENSG00000306486.1,0.0
ENSG00000306487.1,0.0
ENSG00000306488.1,0.0
ENSG00000306489.1,0.0
ENSG00000306490.1,0.0
ENSG00000306491.1,0.0
ENSG00000306492.1,0.0
ENSG00000306493.1,0.0
ENSG00000306494.1,0.0
ENSG00000306495.1,0.0
ENSG00000306496.1,0.0
ENSG00000306497.1,0.0
ENSG00000306498.1,0.570662
ENSG00000306499.1,0.0
ENSG00000306500.1,0.0
ENSG00000306501.1,0.0
ENSG00000306502.1,0.0
ENSG00000306503.3,0.0
ENSG00000306504.1,0.0
ENSG00000306505.1,0.0
ENSG00000306506.1,3.507796
ENSG00000306507.1,0.0
ENSG00000306508.1,0.0
ENSG00000306509.1,0.0
ENSG00000306510.1,0.0
ENSG00000306511.1,0.0
ENSG00000306512.1,0.0
ENSG00000306513.1,0.0
ENSG00000306514.1,0.0
ENSG00000306515.1,0.0
ENSG00000306516.1,0.0
ENSG00000306517.1,0.766907
ENSG00000306518.1,0.0
ENSG00000306519.1,0.0
ENSG00000306520.1,0.0
ENSG00000306521.1,0.0
ENSG00000306522.1,0.0
ENSG00000306523.1,0.0
ENSG00000306524.1,0.0
ENSG00000306525.1,0.0
ENSG00000306527.1,0.0
ENSG00000306528.1,0.0
ENSG00000306529.1,0.0
ENSG00000306530.1,0.0
ENSG00000306531.1,0.926034
ENSG00000306532.1,0.0
ENSG00000306533.1,0.895068
ENSG00000306534.1,0.0
ENSG00000306535.1,0.0
ENSG00000306536.1,0.0
ENSG00000306537.1,0.0
ENSG00000306538.1,0.0
ENSG00000306539.1,0.600734
ENSG00000306540.1,0.0
ENSG00000306541.1,0.0
ENSG00000306542.1,0.324955
ENSG00000306543.1,0.0
ENSG00000306544.1,0.0
ENSG00000306545.1,0.0
ENSG00000306546.1,0.0
ENSG00000306547.1,0.0
ENSG00000306548.1,0.0
ENSG00000306549.1,0.0
ENSG00000306550.1,0.0
ENSG00000306551.1,0.0
ENSG00000306552.1,0.0
ENSG00000306553.1,0.0
ENSG00000306554.1,0.0
ENSG00000306555.1,0.0
ENSG00000306556.1,0.0
ENSG00000306557.1,0.0
ENSG00000306558.1,0.0
ENSG00000306559.1,0.0
ENSG00000306560.1,0.0
ENSG00000306561.1,0.0
ENSG00000306562.1,0.0
ENSG00000306563.1,0.0
ENSG00000306564.1,0.0
ENSG00000306565.1,0.0
ENSG00000306566.1,0.0
ENSG00000306567.1,0.0
ENSG00000306568.1,0.0
ENSG00000306569.1,0.0
ENSG00000306570.1,0.0
ENSG00000306571.1,0.0
ENSG00000306572.1,0.0
ENSG00000306573.1,0.60698
ENSG00000306574.1,0.0
ENSG00000306575.1,0.0
ENSG00000306576.1,0.0
ENSG00000306577.1,0.0
ENSG00000306578.1,0.0
ENSG00000306579.1,0.0
ENSG00000306580.1,0.0
ENSG00000306581.1,0.0
ENSG00000306582.1,0.0
ENSG00000306583.1,0.292463
ENSG00000306584.1,0.0
ENSG00000306585.1,0.0
ENSG00000306586.1,0.0
ENSG00000306587.1,0.0
ENSG00000306588.1,0.0
ENSG00000306589.1,0.0
ENSG00000306590.1,0.0
ENSG00000306591.1,0.0
ENSG00000306592.1,0.0
ENSG00000306593.1,0.0
ENSG00000306594.1,0.0
ENSG00000306595.1,0.0
ENSG00000306596.1,0.0
ENSG00000306597.1,0.0
ENSG00000306598.1,0.0
ENSG00000306599.1,0.0
ENSG00000306600.1,0.0
ENSG00000306601.1,0.0
ENSG00000306602.1,0.0
ENSG00000306603.1,0.0
ENSG00000306604.1,0.0
ENSG00000306605.1,0.0
ENSG00000306606.1,0.0
ENSG00000306607.1,0.185791
ENSG00000306608.1,0.0
ENSG00000306609.1,0.0
ENSG00000306610.1,0.0
ENSG00000306611.1,0.0
ENSG00000306612.1,0.0
ENSG00000306613.1,0.0
ENSG00000306614.1,0.0
ENSG00000306615.1,0.0
ENSG00000306616.1,0.0
ENSG00000306617.1,0.0
ENSG00000306618.1,0.0
ENSG00000306619.1,0.0
ENSG00000306620.1,0.0
ENSG00000306621.1,0.0
ENSG00000306622.1,0.0
ENSG00000306623.1,0.0
ENSG00000306624.1,0.0
ENSG00000306625.1,0.0
ENSG00000306626.1,0.603694
ENSG00000306627.1,0.0
ENSG00000306628.1,0.0
ENSG00000306629.1,0.0
ENSG00000306630.1,0.0
ENSG00000306631.1,0.0
ENSG00000306632.1,0.510878
ENSG00000306633.1,0.0
ENSG00000306634.1,0.0
ENSG00000306635.1,1.0358
ENSG00000306636.1,0.0
ENSG00000306637.1,1.602559
ENSG00000306638.1,0.0
ENSG00000306639.1,0.0
ENSG00000306640.1,0.0
ENSG00000306641.1,0.0
ENSG00000306642.1,0.0
ENSG00000306643.1,0.0
ENSG00000306644.1,6.468241
ENSG00000306645.1,0.0
ENSG00000306646.1,0.0
ENSG00000306647.1,1.73107
ENSG00000306648.1,0.0
ENSG00000306649.1,0.0
ENSG00000306650.1,0.0
ENSG00000306651.1,0.0
ENSG00000306652.1,0.0
ENSG00000306653.1,0.0
ENSG00000306654.1,0.0
ENSG00000306655.1,0.0
ENSG00000306656.1,0.0
ENSG00000306657.1,0.0
ENSG00000306658.1,0.0
ENSG00000306659.1,0.0
ENSG00000306660.1,0.0
ENSG00000306661.1,0.0
ENSG00000306662.1,0.0
ENSG00000306663.1,1.251412
ENSG00000306664.1,0.0
ENSG00000306665.1,0.0
ENSG00000306666.1,0.0
ENSG00000306667.1,0.0
ENSG00000306668.1,0.0
ENSG00000306669.1,0.0
ENSG00000306670.1,0.0
ENSG00000306671.1,0.0
ENSG00000306672.1,0.0
ENSG00000306673.1,0.0
ENSG00000306674.1,0.0
ENSG00000306675.1,0.0
ENSG00000306676.1,0.0
ENSG00000306677.1,0.0
ENSG00000306678.1,0.0
ENSG00000306679.1,0.0
ENSG00000306680.1,0.0
ENSG00000306681.1,0.0
ENSG00000306682.1,0.0
ENSG00000306683.1,0.0
ENSG00000306684.1,0.0
ENSG00000306685.1,0.0
ENSG00000306686.1,0.0
ENSG00000306688.1,0.0
ENSG00000306689.1,0.0
ENSG00000306690.1,0.0
ENSG00000306691.1,0.0
ENSG00000306692.1,0.0
ENSG00000306693.1,0.0
ENSG00000306694.1,0.0
ENSG00000306695.1,0.0
ENSG00000306696.1,4.768427
ENSG00000306697.1,0.0
ENSG00000306698.1,0.0
ENSG00000306699.1,0.0
ENSG00000306700.1,0.0
ENSG00000306701.1,0.0
ENSG00000306702.1,0.0
ENSG00000306703.1,0.0
ENSG00000306704.1,0.0
ENSG00000306705.1,0.0
ENSG00000306706.1,0.0
ENSG00000306707.1,0.0
ENSG00000306708.1,0.0
ENSG00000306709.1,0.0
ENSG00000306710.1,0.0
ENSG00000306711.1,0.0
ENSG00000306712.1,0.0
ENSG00000306713.1,0.0
ENSG00000306714.1,0.0
ENSG00000306715.1,0.0
ENSG00000306716.1,0.0
ENSG00000306717.1,0.0
ENSG00000306718.1,1.075614
ENSG00000306719.1,0.0
ENSG00000306720.1,0.0
ENSG00000306721.1,0.138662
ENSG00000306722.1,0.0
ENSG00000306723.1,1.276696
ENSG00000306724.1,0.0
ENSG00000306725.1,0.0
ENSG00000306726.1,0.471859
ENSG00000306727.1,0.0
ENSG00000306728.1,0.0
ENSG00000306729.1,0.0
ENSG00000306730.1,0.0
ENSG00000306731.1,0.0
ENSG00000306732.1,0.0
ENSG00000306733.1,0.0
ENSG00000306734.1,0.0
ENSG00000306735.1,0.0
ENSG00000306736.1,0.0
ENSG00000306737.1,0.0
ENSG00000306738.1,0.0
ENSG00000306739.1,0.232993
ENSG00000306740.1,0.0
ENSG00000306741.1,0.0
ENSG00000306742.1,0.0
ENSG00000306743.1,0.0
ENSG00000306744.1,0.0
ENSG00000306745.1,0.0
ENSG00000306746.1,0.0
ENSG00000306747.1,0.0
ENSG00000306748.1,1.313256
ENSG00000306749.1,0.691344
ENSG00000306750.1,1.666189
ENSG00000306751.1,0.0
ENSG00000306752.1,0.0
ENSG00000306753.1,0.0
ENSG00000306754.1,0.0
ENSG00000306755.1,0.94656
ENSG00000306756.1,0.0
ENSG00000306757.1,0.0
ENSG00000306758.1,0.0
ENSG00000306759.1,1.800371
ENSG00000306760.1,0.0
ENSG00000306761.1,0.0
ENSG00000306762.1,0.0
ENSG00000306763.1,0.0
ENSG00000306764.1,0.0
ENSG00000306765.1,0.0
ENSG00000306766.1,0.0
ENSG00000306767.1,0.0
ENSG00000306768.1,0.0
ENSG00000306769.1,0.0
ENSG00000306770.1,0.0
ENSG00000306771.1,0.0
ENSG00000306772.1,0.0
ENSG00000306773.1,0.0
ENSG00000306774.1,0.0
ENSG00000306775.1,0.0
ENSG00000306776.1,0.0
ENSG00000306777.1,0.0
ENSG00000306778.1,0.378644
ENSG00000306779.1,0.62701
ENSG00000306780.1,0.0
ENSG00000306781.1,0.0
ENSG00000306782.1,0.0
ENSG00000306783.1,0.139532
ENSG00000306784.1,0.0
ENSG00000306785.1,0.0
ENSG00000306786.1,0.0
ENSG00000306787.1,0.0
ENSG00000306788.1,0.0
ENSG00000306789.1,0.0
ENSG00000306790.1,0.0
ENSG00000306791.1,0.0
ENSG00000306792.1,0.0
ENSG00000306793.1,0.0
ENSG00000306794.1,0.0
ENSG00000306796.1,0.0
ENSG00000306797.1,0.0
ENSG00000306798.1,0.0
ENSG00000306799.1,0.0
ENSG00000306800.1,0.0
ENSG00000306801.1,0.0
ENSG00000306802.1,0.0
ENSG00000306803.1,0.0
ENSG00000306804.1,0.0
ENSG00000306805.1,0.0
ENSG00000306806.1,0.0
ENSG00000306807.1,0.0
ENSG00000306808.1,0.0
ENSG00000306809.1,0.0
ENSG00000306810.1,0.0
ENSG00000306811.1,0.0
ENSG00000306812.1,0.0
ENSG00000306813.1,0.0
ENSG00000306814.1,0.0
ENSG00000306815.1,0.0
ENSG00000306816.1,0.0
ENSG00000306817.1,0.0
ENSG00000306818.1,0.0
ENSG00000306819.1,0.0
ENSG00000306820.1,0.0
ENSG00000306821.1,0.0
ENSG00000306822.1,0.0
ENSG00000306823.1,0.0
ENSG00000306824.1,0.0
ENSG00000306825.1,0.0
ENSG00000306826.1,0.0
ENSG00000306827.1,0.0
ENSG00000306828.1,0.0
ENSG00000306829.1,0.0
ENSG00000306830.1,0.0
ENSG00000306831.1,0.0
ENSG00000306832.1,0.0
ENSG00000306833.1,0.0
ENSG00000306834.1,0.0
ENSG00000306835.1,0.485199
ENSG00000306836.1,0.0
ENSG00000306837.1,0.0
ENSG00000306838.1,0.0
ENSG00000306839.1,0.0
ENSG00000306840.1,0.0
ENSG00000306841.1,0.0
ENSG00000306842.1,0.647201
ENSG00000306843.1,0.0
ENSG00000306844.1,0.0
ENSG00000306845.1,0.0
ENSG00000306846.1,0.0
ENSG00000306847.1,0.0
ENSG00000306848.1,0.0
ENSG00000306849.1,0.0
ENSG00000306850.1,0.0
ENSG00000306851.1,0.0
ENSG00000306852.1,0.0
ENSG00000306853.1,0.0
ENSG00000306854.1,0.0
ENSG00000306855.1,0.0
ENSG00000306856.1,0.0
ENSG00000306857.1,0.0
ENSG00000306858.1,0.0
ENSG00000306859.1,0.0
ENSG00000306860.1,0.0
ENSG00000306861.1,0.0
ENSG00000306862.1,0.0
ENSG00000306863.1,0.0
ENSG00000306864.1,0.0
ENSG00000306865.1,0.592463
ENSG00000306866.1,0.0
ENSG00000306867.1,0.0
ENSG00000306868.1,0.0
ENSG00000306869.1,0.0
ENSG00000306870.1,0.0
ENSG00000306871.1,0.0
ENSG00000306872.1,0.0
ENSG00000306873.1,0.0
ENSG00000306874.1,0.0
ENSG00000306875.1,0.187258
ENSG00000306876.1,0.0
ENSG00000306877.1,0.0
ENSG00000306878.1,0.0
ENSG00000306879.1,0.58252
ENSG00000306880.1,0.0
ENSG00000306881.1,0.0
ENSG00000306882.1,0.0
ENSG00000306883.1,0.0
ENSG00000306884.1,0.0
ENSG00000306885.1,0.0
ENSG00000306886.1,0.0
ENSG00000306887.1,0.0
ENSG00000306888.1,0.0
ENSG00000306889.1,0.0
ENSG00000306890.1,0.0
ENSG00000306891.1,0.407819
ENSG00000306892.1,0.0
ENSG00000306893.1,0.0
ENSG00000306894.1,0.0
ENSG00000306895.1,0.0
ENSG00000306896.1,0.0
ENSG00000306897.1,0.0
ENSG00000306898.1,0.0
ENSG00000306899.1,0.0
ENSG00000306900.1,0.0
ENSG00000306901.1,0.0
ENSG00000306902.1,0.0
ENSG00000306903.1,0.0
ENSG00000306904.1,0.0
ENSG00000306905.1,0.0
ENSG00000306906.1,0.0
ENSG00000306907.1,0.0
ENSG00000306908.1,0.0
ENSG00000306909.1,0.0
ENSG00000306910.1,0.0
ENSG00000306911.1,0.0
ENSG00000306912.1,0.0
ENSG00000306913.1,0.0
ENSG00000306914.1,0.0
ENSG00000306915.1,0.0
ENSG00000306916.1,0.0
ENSG00000306917.1,0.0
ENSG00000306918.1,0.0
ENSG00000306919.1,0.0
ENSG00000306920.1,0.0
ENSG00000306921.1,0.0
ENSG00000306922.1,0.0
ENSG00000306923.1,0.0
ENSG00000306924.1,0.0
ENSG00000306925.1,0.0
ENSG00000306926.1,0.0
ENSG00000306927.1,0.222275
ENSG00000306928.1,0.0
ENSG00000306929.1,0.0
ENSG00000306930.1,0.0
ENSG00000306931.1,0.0
ENSG00000306932.1,0.0
ENSG00000306933.1,0.0
ENSG00000306934.1,0.0
ENSG00000306935.1,0.0
ENSG00000306936.1,0.0
ENSG00000306937.1,1.030138
ENSG00000306938.1,0.0
ENSG00000306939.1,1.7984719999999998
ENSG00000306940.1,0.0
ENSG00000306941.1,0.0
ENSG00000306942.1,0.0
ENSG00000306943.1,0.0
ENSG00000306944.1,0.0
ENSG00000306945.1,0.0
ENSG00000306946.1,0.0
ENSG00000306947.1,0.0
ENSG00000306948.1,0.0
ENSG00000306949.1,0.0
ENSG00000306950.1,0.0
ENSG00000306951.1,0.0
ENSG00000306952.1,0.0
ENSG00000306953.1,0.0
ENSG00000306954.1,0.0
ENSG00000306955.1,0.0
ENSG00000306956.1,0.0
ENSG00000306957.1,0.0
ENSG00000306958.1,0.0
ENSG00000306959.1,0.0
ENSG00000306960.1,0.0
ENSG00000306961.1,0.0
ENSG00000306962.1,0.0
ENSG00000306963.1,2.899032
ENSG00000306964.1,0.0
ENSG00000306965.1,0.0
ENSG00000306966.1,0.0
ENSG00000306967.1,0.0
ENSG00000306968.1,0.0
ENSG00000306969.1,0.549166
ENSG00000306970.1,0.0
ENSG00000306971.1,0.0
ENSG00000306972.1,0.0
ENSG00000306973.1,0.0
ENSG00000306974.1,0.0
ENSG00000306975.1,0.0
ENSG00000306976.1,0.28136
ENSG00000306977.1,0.0
ENSG00000306978.1,0.0
ENSG00000306979.1,0.0
ENSG00000306980.1,0.0
ENSG00000306981.1,0.0
ENSG00000306982.1,0.0
ENSG00000306983.1,0.0
ENSG00000306984.1,0.0
ENSG00000306985.1,0.500538
ENSG00000306986.1,0.0
ENSG00000306987.1,0.149579
ENSG00000306988.1,0.0
ENSG00000306989.1,0.0
ENSG00000306990.1,0.0
ENSG00000306991.1,0.695861
ENSG00000306992.1,0.0
ENSG00000306993.1,0.0
ENSG00000306994.1,0.0
ENSG00000306995.1,0.0
ENSG00000306996.1,0.513338
ENSG00000306997.1,1.334516
ENSG00000306998.1,0.0
ENSG00000306999.1,0.0
ENSG00000307000.1,0.0
ENSG00000307001.1,0.0
ENSG00000307002.1,0.0
ENSG00000307003.1,0.0
ENSG00000307004.1,0.0
ENSG00000307005.1,0.0
ENSG00000307006.1,0.0
ENSG00000307007.1,0.0
ENSG00000307008.1,0.0
ENSG00000307009.1,0.0
ENSG00000307010.1,0.0
ENSG00000307011.1,0.737063
ENSG00000307012.1,0.0
ENSG00000307013.1,0.0
ENSG00000307014.1,0.0
ENSG00000307015.1,0.0
ENSG00000307016.1,0.0
ENSG00000307017.1,0.0
ENSG00000307018.1,0.0
ENSG00000307019.1,0.0
ENSG00000307020.1,0.820297
ENSG00000307021.1,0.0
ENSG00000307022.1,0.0
ENSG00000307023.1,0.0
ENSG00000307024.1,0.0
ENSG00000307025.1,0.0
ENSG00000307027.1,0.0
ENSG00000307028.1,0.0
ENSG00000307029.1,0.0
ENSG00000307030.1,0.0
ENSG00000307031.1,0.0
ENSG00000307032.1,0.0
ENSG00000307033.1,0.0
ENSG00000307034.1,0.0
ENSG00000307035.1,0.0
ENSG00000307036.1,0.0
ENSG00000307037.1,0.0
ENSG00000307038.1,0.0
ENSG00000307039.1,0.0
ENSG00000307040.1,0.0
ENSG00000307041.1,0.0
ENSG00000307042.1,0.0
ENSG00000307043.1,0.0
ENSG00000307044.1,0.0
ENSG00000307045.1,0.0
ENSG00000307046.1,0.0
ENSG00000307047.1,0.0
ENSG00000307048.1,2.170188
ENSG00000307049.1,0.0
ENSG00000307050.1,0.0
ENSG00000307051.1,0.0
ENSG00000307052.1,0.0
ENSG00000307053.1,1.495629
ENSG00000307054.1,0.0
ENSG00000307055.1,0.0
ENSG00000307056.1,0.0
ENSG00000307057.1,0.0
ENSG00000307058.1,0.0
ENSG00000307059.1,0.0
ENSG00000307060.1,0.0
ENSG00000307061.1,0.0
ENSG00000307062.1,0.0
ENSG00000307063.1,0.231537
ENSG00000307064.1,0.0
ENSG00000307065.1,0.0
ENSG00000307066.1,0.0
ENSG00000307067.1,0.0
ENSG00000307068.1,0.0
ENSG00000307069.1,0.0
ENSG00000307070.1,0.0
ENSG00000307071.1,0.0
ENSG00000307072.1,0.0
ENSG00000307073.1,1.004346
ENSG00000307074.1,0.0
ENSG00000307075.1,0.0
ENSG00000307076.1,0.0
ENSG00000307077.1,0.0
ENSG00000307078.1,0.0
ENSG00000307079.1,0.0
ENSG00000307080.1,0.0
ENSG00000307081.1,0.0
ENSG00000307082.1,0.0
ENSG00000307083.1,9.098196
ENSG00000307084.1,0.0
ENSG00000307085.1,0.0
ENSG00000307086.1,0.0
ENSG00000307087.1,0.0
ENSG00000307088.1,0.163799
ENSG00000307089.1,0.0
ENSG00000307090.1,0.0
ENSG00000307091.1,0.0
ENSG00000307092.1,0.0
ENSG00000307093.1,0.0
ENSG00000307094.1,0.0
ENSG00000307095.1,0.0
ENSG00000307096.1,0.0
ENSG00000307097.1,0.0
ENSG00000307098.1,0.0
ENSG00000307099.1,0.0
ENSG00000307100.1,0.0
ENSG00000307101.1,0.244527
ENSG00000307102.1,0.0
ENSG00000307103.1,0.0
ENSG00000307104.1,1.507989
ENSG00000307105.1,0.419359
ENSG00000307106.1,0.0
ENSG00000307107.1,0.0
ENSG00000307108.1,0.0
ENSG00000307109.1,0.0
ENSG00000307110.1,0.0
ENSG00000307111.1,0.0
ENSG00000307112.1,0.0
ENSG00000307113.1,0.0
ENSG00000307114.1,0.0
ENSG00000307115.1,0.0
ENSG00000307116.1,0.0
ENSG00000307117.1,0.0
ENSG00000307118.1,0.0
ENSG00000307120.1,0.0
ENSG00000307121.1,0.0
ENSG00000307122.1,0.0
ENSG00000307123.1,0.0
ENSG00000307124.1,0.0
ENSG00000307125.1,0.0
ENSG00000307126.1,0.0
ENSG00000307127.1,0.0
ENSG00000307128.1,0.0
ENSG00000307129.1,0.0
ENSG00000307130.1,0.0
ENSG00000307131.1,0.0
ENSG00000307132.1,0.0
ENSG00000307133.1,0.0
ENSG00000307134.1,0.0
ENSG00000307135.1,0.0
ENSG00000307136.1,0.0
ENSG00000307137.1,28.836395000000003
ENSG00000307138.1,0.0
ENSG00000307139.1,0.0
ENSG00000307140.1,0.0
ENSG00000307141.1,0.0
ENSG00000307142.1,0.0
ENSG00000307143.1,0.0
ENSG00000307144.1,0.0
ENSG00000307145.1,0.0
ENSG00000307146.1,0.0
ENSG00000307147.1,0.0
ENSG00000307148.1,0.0
ENSG00000307149.1,0.0
ENSG00000307150.1,3.12853
ENSG00000307151.1,0.0
ENSG00000307152.1,0.0
ENSG00000307153.1,0.0
ENSG00000307154.1,0.0
ENSG00000307155.1,0.0
ENSG00000307156.1,1.757091
ENSG00000307157.1,0.0
ENSG00000307158.1,0.0
ENSG00000307159.1,0.0
ENSG00000307160.1,0.0
ENSG00000307161.1,0.0
ENSG00000307162.1,0.0
ENSG00000307163.1,0.0
ENSG00000307164.1,0.0
ENSG00000307165.1,0.0
ENSG00000307166.1,0.0
ENSG00000307167.1,0.0
ENSG00000307168.1,0.0
ENSG00000307169.1,0.0
ENSG00000307170.1,0.0
ENSG00000307171.1,0.0
ENSG00000307172.1,0.0
ENSG00000307173.1,0.0
ENSG00000307174.1,0.0
ENSG00000307175.1,0.0
ENSG00000307176.1,0.556383
ENSG00000307177.1,0.0
ENSG00000307178.1,0.0
ENSG00000307179.1,0.0
ENSG00000307180.1,0.0
ENSG00000307181.1,0.0
ENSG00000307182.1,0.0
ENSG00000307183.1,0.0
ENSG00000307184.1,0.0
ENSG00000307185.1,0.0
ENSG00000307186.1,0.0
ENSG00000307187.1,0.227275
ENSG00000307188.1,0.0
ENSG00000307189.1,0.0
ENSG00000307190.1,0.0
ENSG00000307191.1,0.677326
ENSG00000307192.1,0.0
ENSG00000307193.1,0.0
ENSG00000307194.1,0.0
ENSG00000307195.1,0.0
ENSG00000307196.1,0.0
ENSG00000307197.1,0.0
ENSG00000307198.1,0.0
ENSG00000307199.1,0.0
ENSG00000307200.1,0.0
ENSG00000307201.1,0.0
ENSG00000307202.1,0.0
ENSG00000307203.1,0.0
ENSG00000307204.1,0.0
ENSG00000307205.1,0.0
ENSG00000307206.1,0.0
ENSG00000307207.1,0.0
ENSG00000307208.1,0.0
ENSG00000307209.1,0.0
ENSG00000307210.1,0.0
ENSG00000307211.1,0.0
ENSG00000307212.1,0.0
ENSG00000307213.1,0.0
ENSG00000307214.1,0.0
ENSG00000307215.1,4.404689
ENSG00000307216.1,0.0
ENSG00000307217.1,0.0
ENSG00000307218.1,0.0
ENSG00000307219.1,0.0
ENSG00000307220.1,0.0
ENSG00000307221.1,0.0
ENSG00000307222.1,0.0
ENSG00000307223.1,0.0
ENSG00000307224.1,0.0
ENSG00000307225.1,0.0
ENSG00000307226.1,0.0
ENSG00000307227.1,0.0
ENSG00000307228.1,0.0
ENSG00000307229.1,0.0
ENSG00000307230.1,0.0
ENSG00000307231.1,0.0
ENSG00000307232.1,0.0
ENSG00000307233.1,0.0
ENSG00000307234.1,0.0
ENSG00000307235.1,0.0
ENSG00000307236.1,0.0
ENSG00000307237.1,0.0
ENSG00000307238.1,0.0
ENSG00000307239.1,0.0
ENSG00000307240.1,0.0
ENSG00000307241.1,0.0
ENSG00000307242.1,0.0
ENSG00000307243.1,0.0
ENSG00000307244.1,0.0
ENSG00000307245.1,0.0
ENSG00000307246.1,0.0
ENSG00000307247.1,0.0
ENSG00000307248.1,0.0
ENSG00000307249.1,0.0
ENSG00000307250.1,0.0
ENSG00000307251.1,0.0
ENSG00000307252.1,0.820297
ENSG00000307253.1,0.0
ENSG00000307254.1,0.0
ENSG00000307255.1,0.0
ENSG00000307256.1,0.10377
ENSG00000307257.1,0.0
ENSG00000307258.1,0.0
ENSG00000307259.1,0.0
ENSG00000307260.1,0.0
ENSG00000307261.1,0.0
ENSG00000307262.1,0.0
ENSG00000307263.1,0.0
ENSG00000307264.1,0.0
ENSG00000307265.1,0.0
ENSG00000307266.1,0.0
ENSG00000307267.1,0.0
ENSG00000307268.1,0.0
ENSG00000307269.1,0.0
ENSG00000307270.1,0.0
ENSG00000307271.1,0.0
ENSG00000307272.1,0.0
ENSG00000307273.1,0.512053
ENSG00000307274.1,0.0
ENSG00000307275.1,0.0
ENSG00000307276.1,0.0
ENSG00000307277.1,0.0
ENSG00000307278.1,0.0
ENSG00000307279.1,0.0
ENSG00000307280.1,0.0
ENSG00000307281.1,0.0
ENSG00000307282.1,0.0
ENSG00000307283.1,0.0
ENSG00000307284.1,0.0
ENSG00000307285.1,0.0
ENSG00000307286.1,0.0
ENSG00000307287.1,0.0
ENSG00000307288.1,0.0
ENSG00000307289.1,2.917836
ENSG00000307290.1,0.0
ENSG00000307291.1,0.0
ENSG00000307292.1,0.0
ENSG00000307293.1,0.0
ENSG00000307294.1,0.0
ENSG00000307295.1,0.0
ENSG00000307296.1,0.0
ENSG00000307297.1,0.0
ENSG00000307298.1,0.0
ENSG00000307299.1,0.0
ENSG00000307300.1,0.0
ENSG00000307301.1,0.0
ENSG00000307302.1,0.0
ENSG00000307303.1,0.0
ENSG00000307304.1,0.0
ENSG00000307305.1,0.0
ENSG00000307306.1,0.0
ENSG00000307307.1,0.0
ENSG00000307308.1,0.0
ENSG00000307309.1,0.0
ENSG00000307310.1,0.0
ENSG00000307311.1,0.0
ENSG00000307312.1,0.0
ENSG00000307313.1,0.0
ENSG00000307314.1,0.0
ENSG00000307315.1,0.0
ENSG00000307316.1,0.0
ENSG00000307317.1,0.0
ENSG00000307318.1,0.0
ENSG00000307319.1,0.0
ENSG00000307320.1,0.0
ENSG00000307321.1,0.0
ENSG00000307322.1,0.0
ENSG00000307323.1,0.0
ENSG00000307324.1,0.0
ENSG00000307325.1,0.0
ENSG00000307326.1,0.0
ENSG00000307327.1,0.0
ENSG00000307328.1,0.0
ENSG00000307329.1,0.0
ENSG00000307330.1,0.0
ENSG00000307331.1,0.128706
ENSG00000307332.1,0.0
ENSG00000307333.1,0.0
ENSG00000307334.1,0.0
ENSG00000307335.1,0.0
ENSG00000307336.1,0.0
ENSG00000307337.1,0.0
ENSG00000307338.1,0.0
ENSG00000307339.1,0.0
ENSG00000307340.1,0.0
ENSG00000307341.1,0.187751
ENSG00000307342.1,0.857378
ENSG00000307343.1,0.0
ENSG00000307344.1,0.0
ENSG00000307345.1,0.0
ENSG00000307346.1,0.0
ENSG00000307347.1,0.0
ENSG00000307348.1,0.0
ENSG00000307349.1,0.0
ENSG00000307350.1,0.0
ENSG00000307351.1,0.0
ENSG00000307352.1,0.0
ENSG00000307353.1,0.863754
ENSG00000307354.1,0.0
ENSG00000307355.1,0.0
ENSG00000307356.1,0.0
ENSG00000307357.1,0.0
ENSG00000307358.1,1.013142
ENSG00000307359.1,0.0
ENSG00000307360.1,0.0
ENSG00000307361.1,1.772674
ENSG00000307362.1,0.0
ENSG00000307363.1,0.18901
ENSG00000307364.1,0.0
ENSG00000307365.1,0.0
ENSG00000307366.1,0.0
ENSG00000307367.1,0.0
ENSG00000307368.1,0.0
ENSG00000307369.1,0.0
ENSG00000307370.1,0.0
ENSG00000307371.1,0.0
ENSG00000307372.1,0.0
ENSG00000307373.1,0.0
ENSG00000307374.1,0.0
ENSG00000307375.1,0.0
ENSG00000307376.1,0.0
ENSG00000307377.1,0.0
ENSG00000307378.1,0.0
ENSG00000307379.1,0.0
ENSG00000307380.1,0.425782
ENSG00000307381.1,0.0
ENSG00000307382.1,0.0
ENSG00000307383.1,0.0
ENSG00000307384.1,0.0
ENSG00000307385.1,0.0
ENSG00000307386.1,0.0
ENSG00000307387.1,0.0
ENSG00000307388.1,0.0
ENSG00000307389.1,0.0
ENSG00000307390.1,0.0
ENSG00000307391.1,0.0
ENSG00000307392.1,0.0
ENSG00000307393.1,0.0
ENSG00000307394.1,0.0
ENSG00000307395.1,0.0
ENSG00000307396.1,0.0
ENSG00000307397.1,0.0
ENSG00000307398.1,0.0
ENSG00000307399.1,0.0
ENSG00000307400.1,0.0
ENSG00000307401.1,0.0
ENSG00000307402.1,0.0
ENSG00000307403.1,0.0
ENSG00000307404.1,0.0
ENSG00000307405.1,0.0
ENSG00000307406.1,0.0
ENSG00000307407.1,0.0
ENSG00000307408.1,0.0
ENSG00000307409.1,0.624369
ENSG00000307410.1,0.0
ENSG00000307411.1,0.685197
ENSG00000307412.1,0.0
ENSG00000307413.1,0.0
ENSG00000307414.1,0.0
ENSG00000307415.1,0.0
ENSG00000307416.1,0.0
ENSG00000307417.1,0.0
ENSG00000307418.1,0.0
ENSG00000307419.1,0.0
ENSG00000307420.1,0.0
ENSG00000307421.1,0.0
ENSG00000307422.1,0.0
ENSG00000307423.1,0.0
ENSG00000307424.1,0.0
ENSG00000307425.1,0.0
ENSG00000307426.1,0.0
ENSG00000307427.1,0.0
ENSG00000307428.1,0.0
ENSG00000307429.1,0.0
ENSG00000307430.1,0.0
ENSG00000307431.1,0.0
ENSG00000307432.1,0.0
ENSG00000307433.1,0.777866
ENSG00000307434.1,0.0
ENSG00000307435.1,0.0
ENSG00000307436.1,0.0
ENSG00000307437.1,0.0
ENSG00000307438.1,0.0
ENSG00000307439.1,0.0
ENSG00000307440.1,0.0
ENSG00000307441.1,0.0
ENSG00000307442.1,0.0
ENSG00000307443.1,0.0
ENSG00000307444.1,0.0
ENSG00000307445.1,0.0
ENSG00000307446.1,0.0
ENSG00000307447.1,0.0
ENSG00000307448.1,0.0
ENSG00000307449.1,0.0
ENSG00000307450.1,0.0
ENSG00000307451.1,0.0
ENSG00000307452.1,0.0
ENSG00000307453.1,0.0
ENSG00000307454.1,0.0
ENSG00000307455.1,0.0
ENSG00000307456.1,0.0
ENSG00000307457.1,0.0
ENSG00000307458.1,0.0
ENSG00000307459.1,1.476843
ENSG00000307460.1,0.0
ENSG00000307461.1,0.0
ENSG00000307462.1,0.0
ENSG00000307463.1,0.0
ENSG00000307464.1,0.0
ENSG00000307465.1,0.0
ENSG00000307466.1,0.339339
ENSG00000307467.1,0.0
ENSG00000307468.1,0.0
ENSG00000307469.1,0.0
ENSG00000307470.1,0.0
ENSG00000307471.1,2.75245
ENSG00000307472.1,0.0
ENSG00000307473.1,0.0
ENSG00000307474.1,0.0
ENSG00000307475.1,0.0
ENSG00000307476.1,0.0
ENSG00000307477.1,0.0
ENSG00000307478.1,0.0
ENSG00000307479.1,0.0
ENSG00000307480.1,0.0
ENSG00000307481.1,0.0
ENSG00000307482.1,0.0
ENSG00000307483.1,0.0
ENSG00000307484.1,0.0
ENSG00000307486.1,0.0
ENSG00000307487.1,0.0
ENSG00000307488.1,0.0
ENSG00000307489.1,0.463017
ENSG00000307490.1,0.0
ENSG00000307491.1,0.0
ENSG00000307492.1,2.570545
ENSG00000307493.1,0.0
ENSG00000307494.1,0.0
ENSG00000307495.1,0.376269
ENSG00000307496.1,0.0
ENSG00000307497.1,0.0
ENSG00000307498.1,0.0
ENSG00000307499.1,0.0
ENSG00000307500.1,0.0
ENSG00000307501.1,0.0
ENSG00000307502.1,0.0
ENSG00000307503.1,0.0
ENSG00000307504.1,0.0
ENSG00000307505.1,0.0
ENSG00000307506.1,0.0
ENSG00000307507.1,0.0
ENSG00000307508.1,0.0
ENSG00000307509.1,0.0
ENSG00000307510.1,0.0
ENSG00000307511.1,0.0
ENSG00000307512.1,0.0
ENSG00000307513.1,0.0
ENSG00000307514.1,0.0
ENSG00000307515.1,0.0
ENSG00000307516.1,0.0
ENSG00000307517.1,0.0
ENSG00000307518.1,2.390499
ENSG00000307519.1,0.513234
ENSG00000307520.1,0.0
ENSG00000307521.1,0.0
ENSG00000307522.1,0.0
ENSG00000307523.1,0.0
ENSG00000307524.1,0.0
ENSG00000307525.1,0.0
ENSG00000307526.1,0.0
ENSG00000307527.1,0.0
ENSG00000307528.1,0.0
ENSG00000307529.1,0.0
ENSG00000307530.1,0.0
ENSG00000307531.1,0.0
ENSG00000307532.1,0.0
ENSG00000307533.1,0.0
ENSG00000307534.1,0.0
ENSG00000307535.1,0.0
ENSG00000307536.1,0.0
ENSG00000307537.1,0.0
ENSG00000307538.1,0.0
ENSG00000307539.1,0.0
ENSG00000307540.1,0.0
ENSG00000307541.1,0.0
ENSG00000307542.1,0.0
ENSG00000307543.1,0.0
ENSG00000307544.1,0.0
ENSG00000307545.1,0.0
ENSG00000307546.1,0.0
ENSG00000307547.1,0.0
ENSG00000307548.1,0.0
ENSG00000307549.1,0.0
ENSG00000307550.1,0.0
ENSG00000307551.1,0.0
ENSG00000307552.1,0.0
ENSG00000307553.1,0.0
ENSG00000307554.1,0.0
ENSG00000307555.1,0.0
ENSG00000307556.1,0.0
ENSG00000307557.1,0.0
ENSG00000307558.1,0.0
ENSG00000307559.1,0.0
ENSG00000307560.1,0.0
ENSG00000307561.1,0.0
ENSG00000307562.1,0.0
ENSG00000307563.1,0.0
ENSG00000307564.1,0.0
ENSG00000307565.1,0.0
ENSG00000307566.1,0.0
ENSG00000307567.1,0.0
ENSG00000307568.1,0.498935
ENSG00000307569.1,0.0
ENSG00000307570.1,0.0
ENSG00000307571.1,0.0
ENSG00000307572.1,0.0
ENSG00000307573.1,0.0
ENSG00000307574.1,0.0
ENSG00000307575.1,0.0
ENSG00000307576.1,0.0
ENSG00000307577.1,0.0
ENSG00000307578.1,0.0
ENSG00000307579.1,0.0
ENSG00000307580.1,0.0
ENSG00000307581.1,0.0
ENSG00000307582.1,0.0
ENSG00000307583.1,0.0
ENSG00000307584.1,0.0
ENSG00000307585.2,0.0
ENSG00000307586.1,0.0
ENSG00000307587.1,0.0
ENSG00000307588.1,0.0
ENSG00000307589.1,0.0
ENSG00000307590.1,0.0
ENSG00000307591.1,0.0
ENSG00000307592.1,0.256078
ENSG00000307593.1,0.0
ENSG00000307594.1,0.0
ENSG00000307595.1,0.0
ENSG00000307596.1,0.0
ENSG00000307597.1,0.0
ENSG00000307598.1,0.0
ENSG00000307599.1,1.7000609999999998
ENSG00000307600.1,0.0
ENSG00000307601.1,0.0
ENSG00000307602.1,0.0
ENSG00000307603.1,0.0
ENSG00000307604.1,0.0
ENSG00000307605.1,0.0
ENSG00000307606.1,0.0
ENSG00000307607.1,0.0
ENSG00000307608.1,0.0
ENSG00000307609.1,0.0
ENSG00000307610.1,0.0
ENSG00000307611.1,0.0
ENSG00000307612.1,0.0
ENSG00000307613.1,0.0
ENSG00000307614.1,0.077125
ENSG00000307615.1,0.0
ENSG00000307616.1,0.0
ENSG00000307617.1,0.764661
ENSG00000307618.1,0.0
ENSG00000307619.1,0.0
ENSG00000307620.1,0.0
ENSG00000307621.1,0.0
ENSG00000307622.1,0.167628
ENSG00000307623.1,0.0
ENSG00000307624.1,0.0
ENSG00000307625.1,0.0
ENSG00000307626.1,0.0
ENSG00000307627.1,0.0
ENSG00000307628.1,0.0
ENSG00000307629.1,0.0
ENSG00000307630.1,0.0
ENSG00000307631.1,0.0
ENSG00000307632.1,0.0
ENSG00000307633.1,0.0
ENSG00000307634.1,0.0
ENSG00000307635.1,0.0
ENSG00000307636.1,0.21009
ENSG00000307637.1,0.0
ENSG00000307638.1,0.0
ENSG00000307639.1,0.0
ENSG00000307640.1,0.0
ENSG00000307641.1,0.0
ENSG00000307642.1,0.0
ENSG00000307643.1,0.0
ENSG00000307644.1,0.0
ENSG00000307645.1,0.0
ENSG00000307646.1,0.0
ENSG00000307647.1,0.0
ENSG00000307648.1,0.0
ENSG00000307649.1,0.0
ENSG00000307650.1,0.0
ENSG00000307651.1,0.619086
ENSG00000307652.1,0.0
ENSG00000307653.1,0.0
ENSG00000307654.1,0.0
ENSG00000307655.1,0.0
ENSG00000307656.1,0.0
ENSG00000307657.1,0.0
ENSG00000307658.1,0.0
ENSG00000307659.1,0.0
ENSG00000307660.1,0.0
ENSG00000307661.1,0.0
ENSG00000307662.1,0.0
ENSG00000307663.1,0.0
ENSG00000307664.1,0.0
ENSG00000307665.1,0.0
ENSG00000307666.1,0.0
ENSG00000307667.1,0.0
ENSG00000307668.1,0.301181
ENSG00000307669.1,0.0
ENSG00000307670.1,0.0
ENSG00000307671.1,0.0
ENSG00000307672.1,0.0
ENSG00000307673.1,0.325431
ENSG00000307674.1,10.055546
ENSG00000307675.1,0.0
ENSG00000307676.1,0.0
ENSG00000307677.1,0.0
ENSG00000307678.1,0.0
ENSG00000307679.1,0.0
ENSG00000307680.1,0.0
ENSG00000307681.1,0.0
ENSG00000307682.1,0.0
ENSG00000307683.1,0.497817
ENSG00000307684.1,0.586225
ENSG00000307685.1,0.0
ENSG00000307686.1,0.0
ENSG00000307687.1,0.0
ENSG00000307688.1,0.0
ENSG00000307689.1,0.0
ENSG00000307690.1,0.0
ENSG00000307691.1,0.0
ENSG00000307692.1,0.0
ENSG00000307693.1,0.0
ENSG00000307694.1,1.024106
ENSG00000307695.1,0.0
ENSG00000307696.1,0.0
ENSG00000307697.1,0.0
ENSG00000307698.1,0.0
ENSG00000307699.1,0.0
ENSG00000307700.1,0.0
ENSG00000307701.1,0.0
ENSG00000307702.1,0.0
ENSG00000307703.1,0.0
ENSG00000307704.1,0.0
ENSG00000307705.1,0.0
ENSG00000307706.1,0.0
ENSG00000307707.1,0.0
ENSG00000307708.1,0.0
ENSG00000307709.1,0.0
ENSG00000307710.1,0.0
ENSG00000307711.1,0.0
ENSG00000307712.1,0.0
ENSG00000307713.1,0.0
ENSG00000307714.1,0.938043
ENSG00000307715.1,0.0
ENSG00000307716.1,0.0
ENSG00000307717.1,0.0
ENSG00000307718.1,0.0
ENSG00000307719.1,0.0
ENSG00000307720.1,0.0
ENSG00000307721.1,0.0
ENSG00000307722.1,0.0
ENSG00000307723.1,0.0
ENSG00000307724.1,0.0
ENSG00000307725.1,0.0
ENSG00000307726.1,0.0
ENSG00000307727.1,0.0
ENSG00000307728.1,0.0
ENSG00000307729.1,0.0
ENSG00000307730.1,0.0
ENSG00000307731.1,0.0
ENSG00000307732.1,0.0
ENSG00000307733.1,0.0
ENSG00000307734.1,0.0
ENSG00000307735.1,0.0
ENSG00000307736.1,0.0
ENSG00000307737.1,0.0
ENSG00000307738.1,0.0
ENSG00000307739.1,0.0
ENSG00000307740.1,0.0
ENSG00000307741.1,0.0
ENSG00000307742.1,0.0
ENSG00000307743.1,0.0
ENSG00000307744.1,0.0
ENSG00000307745.1,0.0
ENSG00000307746.1,0.0
ENSG00000307747.1,0.0
ENSG00000307748.1,0.0
ENSG00000307749.1,0.0
ENSG00000307750.1,0.0
ENSG00000307751.1,0.0
ENSG00000307752.1,0.0
ENSG00000307753.1,0.0
ENSG00000307754.1,0.0
ENSG00000307755.1,0.0
ENSG00000307756.1,0.0
ENSG00000307757.1,0.0
ENSG00000307758.1,0.0
ENSG00000307759.1,0.0
ENSG00000307760.1,0.0
ENSG00000307761.1,0.0
ENSG00000307762.1,0.0
ENSG00000307763.1,0.0
ENSG00000307764.1,0.0
ENSG00000307765.1,0.456366
ENSG00000307766.1,0.0
ENSG00000307767.1,0.0
ENSG00000307768.1,0.0
ENSG00000307769.1,0.0
ENSG00000307770.1,0.0
ENSG00000307771.1,0.0
ENSG00000307772.1,0.0
ENSG00000307773.1,2.153772
ENSG00000307774.1,0.0
ENSG00000307775.1,0.0
ENSG00000307776.1,0.0
ENSG00000307777.1,0.0
ENSG00000307778.1,0.0
ENSG00000307779.1,0.0
ENSG00000307780.1,0.0
ENSG00000307781.1,0.0
ENSG00000307782.1,0.0
ENSG00000307783.1,0.0
ENSG00000307784.1,0.655075
ENSG00000307785.1,0.0
ENSG00000307786.1,0.0
ENSG00000307787.1,0.0
ENSG00000307788.1,0.0
ENSG00000307789.1,0.0
ENSG00000307790.1,0.0
ENSG00000307791.1,0.0
ENSG00000307792.1,0.0
ENSG00000307793.1,0.0
ENSG00000307794.1,0.0
ENSG00000307795.1,0.0
ENSG00000307796.1,2.035206
ENSG00000307797.1,0.0
ENSG00000307798.1,1.163728
ENSG00000307799.1,0.0
ENSG00000307800.1,0.0
ENSG00000307801.1,0.0
ENSG00000307802.1,0.0
ENSG00000307803.1,0.0
ENSG00000307804.1,0.0
ENSG00000307805.1,0.0
ENSG00000307806.1,0.0
ENSG00000307807.1,0.0
ENSG00000307808.1,0.0
ENSG00000307809.1,0.0
ENSG00000307810.1,0.0
ENSG00000307811.1,0.0
ENSG00000307812.1,0.0
ENSG00000307813.1,0.0
ENSG00000307814.1,0.0
ENSG00000307815.1,0.0
ENSG00000307816.1,0.0
ENSG00000307817.1,0.841656
ENSG00000307818.1,0.361407
ENSG00000307819.1,0.0
ENSG00000307820.1,0.0
ENSG00000307821.1,0.0
ENSG00000307822.1,0.0
ENSG00000307823.1,0.0
ENSG00000307824.1,0.0
ENSG00000307825.1,2.786931
ENSG00000307826.1,0.0
ENSG00000307827.1,0.0
ENSG00000307828.1,0.0
ENSG00000307829.1,0.0
ENSG00000307830.1,0.0
ENSG00000307831.1,0.0
ENSG00000307832.1,0.0
ENSG00000307833.1,0.0
ENSG00000307834.1,0.0
ENSG00000307835.1,0.0
ENSG00000307836.1,0.0
ENSG00000307837.1,0.0
ENSG00000307838.1,0.0
ENSG00000307839.1,0.0
ENSG00000307840.1,0.0
ENSG00000307841.1,0.0
ENSG00000307842.1,0.0
ENSG00000307843.1,0.0
ENSG00000307844.1,0.0
ENSG00000307845.1,0.0
ENSG00000307846.1,0.962298
ENSG00000307847.1,0.433247
ENSG00000307848.1,0.0
ENSG00000307849.1,0.0
ENSG00000307850.1,0.0
ENSG00000307851.1,0.0
ENSG00000307852.1,0.0
ENSG00000307853.1,0.0
ENSG00000307854.1,0.0
ENSG00000307855.1,0.0
ENSG00000307856.1,0.0
ENSG00000307857.1,0.0
ENSG00000307858.1,0.0
ENSG00000307859.1,0.252013
ENSG00000307860.1,0.0
ENSG00000307861.1,0.0
ENSG00000307862.1,0.0
ENSG00000307863.1,0.0
ENSG00000307864.1,0.0
ENSG00000307865.1,0.0
ENSG00000307867.1,0.0
ENSG00000307868.1,0.0
ENSG00000307869.1,0.0
ENSG00000307870.1,0.0
ENSG00000307871.1,0.0
ENSG00000307872.1,0.0
ENSG00000307873.1,0.0
ENSG00000307874.1,0.0
ENSG00000307875.1,1.262022
ENSG00000307876.1,0.0
ENSG00000307877.1,0.0
ENSG00000307878.1,0.0
ENSG00000307879.1,0.0
ENSG00000307880.1,0.0
ENSG00000307881.1,0.0
ENSG00000307882.1,0.0
ENSG00000307883.1,0.0
ENSG00000307884.1,0.0
ENSG00000307885.1,0.0
ENSG00000307886.1,0.0
ENSG00000307887.1,0.0
ENSG00000307888.1,0.0
ENSG00000307889.1,0.0
ENSG00000307890.1,0.0
ENSG00000307891.1,0.0
ENSG00000307892.1,0.0
ENSG00000307893.1,0.0
ENSG00000307894.1,0.0
ENSG00000307895.1,0.0
ENSG00000307896.1,0.0
ENSG00000307897.1,0.0
ENSG00000307898.1,0.720484
ENSG00000307899.1,0.0
ENSG00000307900.1,0.0
ENSG00000307901.1,0.0
ENSG00000307902.1,0.0
ENSG00000307903.1,0.0
ENSG00000307904.1,0.0
ENSG00000307905.1,0.0
ENSG00000307906.1,0.0
ENSG00000307907.1,0.0
ENSG00000307908.1,0.0
ENSG00000307909.1,0.0
ENSG00000307910.1,0.0
ENSG00000307911.1,0.0
ENSG00000307912.1,0.0
ENSG00000307913.1,0.0
ENSG00000307914.1,0.0
ENSG00000307915.1,0.0
ENSG00000307916.1,0.0
ENSG00000307917.1,1.357951
ENSG00000307918.1,0.0
ENSG00000307919.1,0.0
ENSG00000307920.1,0.0
ENSG00000307921.1,0.0
ENSG00000307922.1,0.0
ENSG00000307923.1,0.173924
ENSG00000307924.1,0.0
ENSG00000307925.1,0.0
ENSG00000307926.1,0.0
ENSG00000307927.1,0.923662
ENSG00000307928.1,0.0
ENSG00000307929.1,0.0
ENSG00000307930.1,0.0
ENSG00000307931.1,0.0
ENSG00000307932.1,0.0
ENSG00000307933.1,0.0
ENSG00000307934.1,0.0
ENSG00000307935.1,0.0
ENSG00000307936.1,0.0
ENSG00000307937.1,0.520441
ENSG00000307938.1,0.0
ENSG00000307939.1,0.0
ENSG00000307940.1,0.0
ENSG00000307941.1,0.0
ENSG00000307942.1,0.0
ENSG00000307943.1,0.0
ENSG00000307944.1,0.0
ENSG00000307945.1,0.0
ENSG00000307946.1,0.0
ENSG00000307947.1,0.0
ENSG00000307948.1,0.0
ENSG00000307949.1,0.0
ENSG00000307950.1,0.401219
ENSG00000307951.1,0.0
ENSG00000307952.1,0.0
ENSG00000307953.1,0.0
ENSG00000307954.1,0.0
ENSG00000307955.1,0.0
ENSG00000307956.1,0.0
ENSG00000307957.1,0.0
ENSG00000307958.1,0.0
ENSG00000307959.1,0.0
ENSG00000307960.1,0.0
ENSG00000307961.1,6.025227
ENSG00000307962.1,0.0
ENSG00000307963.1,0.0
ENSG00000307964.1,0.0
ENSG00000307965.1,0.0
ENSG00000307966.1,0.0
ENSG00000307967.1,0.0
ENSG00000307968.1,0.0
ENSG00000307969.1,0.0
ENSG00000307970.1,0.0
ENSG00000307971.1,0.0
ENSG00000307972.1,0.130673
ENSG00000307973.1,0.641897
ENSG00000307974.1,0.0
ENSG00000307975.1,0.0
ENSG00000307976.1,0.0
ENSG00000307977.1,0.0
ENSG00000307978.1,0.0
ENSG00000307979.1,0.0
ENSG00000307980.1,0.0
ENSG00000307981.1,0.0
ENSG00000307982.1,0.0
ENSG00000307983.1,0.0
ENSG00000307984.1,0.0
ENSG00000307985.1,0.0
ENSG00000307986.1,0.0
ENSG00000307987.1,0.0
ENSG00000307988.1,0.0
ENSG00000307989.1,0.0
ENSG00000307990.1,0.0
ENSG00000307991.1,0.0
ENSG00000307992.1,0.0
ENSG00000307993.1,0.0
ENSG00000307994.1,0.0
ENSG00000307995.1,0.666292
ENSG00000307996.1,0.0
ENSG00000307997.1,0.0
ENSG00000307998.1,0.0
ENSG00000307999.1,0.0
ENSG00000308000.1,0.0
ENSG00000308001.1,0.0
ENSG00000308002.1,0.0
ENSG00000308003.1,0.0
ENSG00000308004.1,0.0
ENSG00000308005.1,0.0
ENSG00000308006.1,0.0
ENSG00000308007.1,0.0
ENSG00000308008.1,0.0
ENSG00000308009.1,0.0
ENSG00000308010.1,0.0
ENSG00000308011.1,0.0
ENSG00000308012.1,0.0
ENSG00000308013.1,0.0
ENSG00000308014.1,0.0
ENSG00000308015.1,0.0
ENSG00000308016.1,0.0
ENSG00000308017.1,0.453573
ENSG00000308018.1,0.0
ENSG00000308019.1,0.0
ENSG00000308020.1,0.0
ENSG00000308021.1,0.0
ENSG00000308022.1,0.0
ENSG00000308023.1,0.0
ENSG00000308024.1,1.357912
ENSG00000308025.1,0.0
ENSG00000308026.1,0.0
ENSG00000308027.1,0.385226
ENSG00000308028.1,1.564578
ENSG00000308029.1,0.0
ENSG00000308030.1,0.0
ENSG00000308031.1,0.0
ENSG00000308032.1,0.0
ENSG00000308033.1,0.0
ENSG00000308034.1,0.0
ENSG00000308035.1,0.0
ENSG00000308036.1,0.0
ENSG00000308037.1,0.526599
ENSG00000308038.1,0.0
ENSG00000308039.1,0.0
ENSG00000308040.1,0.0
ENSG00000308041.1,0.0
ENSG00000308042.1,0.0
ENSG00000308043.1,0.0
ENSG00000308044.1,0.0
ENSG00000308045.1,0.0
ENSG00000308046.1,0.0
ENSG00000308047.1,0.0
ENSG00000308048.1,0.0
ENSG00000308049.1,0.0
ENSG00000308050.1,0.0
ENSG00000308051.1,0.0
ENSG00000308052.1,0.0
ENSG00000308053.1,0.0
ENSG00000308054.1,0.0
ENSG00000308055.1,0.0
ENSG00000308056.1,0.0
ENSG00000308057.1,0.0
ENSG00000308058.1,0.0
ENSG00000308059.1,0.0
ENSG00000308060.1,0.0
ENSG00000308061.1,0.0
ENSG00000308062.1,0.0
ENSG00000308063.1,0.0
ENSG00000308064.1,0.0
ENSG00000308065.1,0.0
ENSG00000308066.1,0.0
ENSG00000308067.1,0.11031
ENSG00000308068.1,0.0
ENSG00000308069.1,0.0
ENSG00000308070.1,0.0
ENSG00000308071.1,0.0
ENSG00000308072.1,1.612985
ENSG00000308073.1,0.0
ENSG00000308074.1,0.494252
ENSG00000308075.1,0.0
ENSG00000308076.1,0.0
ENSG00000308077.1,0.0
ENSG00000308078.1,0.0
ENSG00000308079.1,0.0
ENSG00000308080.1,0.0
ENSG00000308081.1,0.0
ENSG00000308082.1,0.0
ENSG00000308083.1,0.0
ENSG00000308084.1,0.0
ENSG00000308085.1,0.0
ENSG00000308086.1,0.0
ENSG00000308087.1,0.0
ENSG00000308088.1,0.0
ENSG00000308089.1,0.0
ENSG00000308090.1,0.0
ENSG00000308091.1,1.818584
ENSG00000308092.1,0.0
ENSG00000308093.1,0.0
ENSG00000308094.1,0.0
ENSG00000308095.1,0.0
ENSG00000308096.1,0.0
ENSG00000308097.1,0.0
ENSG00000308098.1,0.0
ENSG00000308099.1,0.0
ENSG00000308100.1,0.0
ENSG00000308101.1,0.0
ENSG00000308102.1,0.0
ENSG00000308103.1,0.0
ENSG00000308104.1,0.0
ENSG00000308105.1,0.0
ENSG00000308106.1,0.0
ENSG00000308107.1,0.140591
ENSG00000308108.1,0.0
ENSG00000308109.1,0.0
ENSG00000308110.1,0.0
ENSG00000308111.1,0.166498
ENSG00000308112.1,0.147691
ENSG00000308113.1,0.0
ENSG00000308114.1,0.0
ENSG00000308115.1,0.0
ENSG00000308116.1,0.0
ENSG00000308117.1,0.0
ENSG00000308118.1,0.0
ENSG00000308119.1,0.0
ENSG00000308120.1,0.0
ENSG00000308121.1,0.0
ENSG00000308122.1,0.0
ENSG00000308123.1,0.0
ENSG00000308124.1,0.0
ENSG00000308125.1,0.0
ENSG00000308126.1,0.0
ENSG00000308127.1,0.0
ENSG00000308128.1,0.0
ENSG00000308129.1,0.0
ENSG00000308130.1,0.0
ENSG00000308131.1,0.0
ENSG00000308132.1,0.0
ENSG00000308133.1,0.0
ENSG00000308134.1,0.0
ENSG00000308135.1,0.0
ENSG00000308136.1,0.0
ENSG00000308137.1,0.0
ENSG00000308138.1,0.0
ENSG00000308139.1,0.0
ENSG00000308140.1,0.0
ENSG00000308141.1,0.0
ENSG00000308142.1,0.0
ENSG00000308143.1,0.0
ENSG00000308144.1,0.0
ENSG00000308145.1,0.0
ENSG00000308146.1,0.0
ENSG00000308147.1,0.212297
ENSG00000308148.1,0.0
ENSG00000308149.1,0.0
ENSG00000308150.1,0.0
ENSG00000308151.1,0.0
ENSG00000308152.1,0.0
ENSG00000308153.1,0.0
ENSG00000308154.1,0.0
ENSG00000308155.1,0.0
ENSG00000308156.1,0.0
ENSG00000308157.1,0.732252
ENSG00000308158.1,0.0
ENSG00000308159.1,0.0
ENSG00000308160.1,0.0
ENSG00000308161.1,0.0
ENSG00000308162.1,0.0
ENSG00000308163.1,0.0
ENSG00000308164.1,0.0
ENSG00000308165.1,0.0
ENSG00000308166.1,0.0
ENSG00000308167.1,0.0
ENSG00000308168.1,0.0
ENSG00000308169.1,0.0
ENSG00000308170.1,0.0
ENSG00000308171.1,0.0
ENSG00000308172.1,0.0
ENSG00000308173.1,0.0
ENSG00000308174.1,0.0
ENSG00000308175.1,0.0
ENSG00000308176.1,0.0
ENSG00000308177.1,0.0
ENSG00000308178.1,0.0
ENSG00000308179.1,0.0
ENSG00000308180.1,0.0
ENSG00000308181.1,0.0
ENSG00000308182.1,0.0
ENSG00000308183.1,0.0
ENSG00000308184.1,0.0
ENSG00000308185.1,0.0
ENSG00000308186.1,0.0
ENSG00000308187.1,0.0
ENSG00000308188.1,0.988352
ENSG00000308189.1,0.0
ENSG00000308190.1,0.0
ENSG00000308191.1,0.0
ENSG00000308192.1,0.777872
ENSG00000308193.1,0.0
ENSG00000308194.1,0.0
ENSG00000308195.1,0.0
ENSG00000308196.1,0.0
ENSG00000308197.1,0.0
ENSG00000308198.1,0.0
ENSG00000308199.1,0.0
ENSG00000308200.1,0.0
ENSG00000308201.1,0.0
ENSG00000308202.1,0.0
ENSG00000308203.1,0.0
ENSG00000308204.1,0.261193
ENSG00000308205.1,0.0
ENSG00000308206.1,0.0
ENSG00000308207.1,0.0
ENSG00000308208.1,0.0
ENSG00000308209.1,0.0
ENSG00000308210.1,0.0
ENSG00000308211.1,0.0
ENSG00000308212.1,0.0
ENSG00000308213.1,0.0
ENSG00000308214.1,0.0
ENSG00000308215.1,0.0
ENSG00000308216.1,0.0
ENSG00000308217.1,0.0
ENSG00000308218.1,0.0
ENSG00000308219.1,0.0
ENSG00000308220.1,0.0
ENSG00000308221.1,0.0
ENSG00000308222.1,0.484964
ENSG00000308223.1,0.0
ENSG00000308224.1,0.0
ENSG00000308225.1,0.0
ENSG00000308226.1,0.0
ENSG00000308227.1,0.0
ENSG00000308228.1,1.467997
ENSG00000308229.1,0.0
ENSG00000308230.1,0.548151
ENSG00000308231.1,0.0
ENSG00000308232.1,0.0
ENSG00000308233.1,0.0
ENSG00000308234.1,0.0
ENSG00000308235.1,0.0
ENSG00000308236.1,0.0
ENSG00000308237.1,0.0
ENSG00000308238.1,0.0
ENSG00000308239.1,0.0
ENSG00000308240.1,0.0
ENSG00000308241.1,1.6137219999999999
ENSG00000308242.1,0.0
ENSG00000308243.1,0.0
ENSG00000308244.1,0.0
ENSG00000308245.1,0.0
ENSG00000308246.1,0.0
ENSG00000308247.1,0.0
ENSG00000308248.1,0.0
ENSG00000308249.1,0.0
ENSG00000308250.1,0.0
ENSG00000308251.1,0.0
ENSG00000308252.1,0.0
ENSG00000308253.1,0.0
ENSG00000308254.1,0.0
ENSG00000308255.1,0.0
ENSG00000308256.1,0.0
ENSG00000308257.1,0.0
ENSG00000308258.1,0.0
ENSG00000308259.1,0.0
ENSG00000308260.1,0.0
ENSG00000308261.1,0.0
ENSG00000308262.1,0.0
ENSG00000308263.1,0.763833
ENSG00000308264.1,0.0
ENSG00000308265.1,0.0
ENSG00000308266.1,0.0
ENSG00000308267.1,0.0
ENSG00000308268.1,0.0
ENSG00000308269.1,0.0
ENSG00000308270.1,0.0
ENSG00000308271.1,0.0
ENSG00000308272.1,0.0
ENSG00000308273.1,0.0
ENSG00000308274.1,0.0
ENSG00000308275.1,0.0
ENSG00000308276.1,0.0
ENSG00000308277.1,0.0
ENSG00000308278.1,0.0
ENSG00000308279.1,0.0
ENSG00000308280.1,0.0
ENSG00000308281.1,0.0
ENSG00000308282.1,0.0
ENSG00000308283.1,0.996183
ENSG00000308284.1,0.0
ENSG00000308285.1,0.751483
ENSG00000308286.1,0.0
ENSG00000308287.1,0.0
ENSG00000308288.1,0.0
ENSG00000308289.1,0.512053
ENSG00000308290.1,0.0
ENSG00000308291.1,0.0
ENSG00000308292.1,0.0
ENSG00000308293.1,0.0
ENSG00000308294.1,0.0
ENSG00000308295.1,0.0
ENSG00000308296.1,0.0
ENSG00000308297.1,0.0
ENSG00000308298.1,0.501666
ENSG00000308299.1,0.0
ENSG00000308300.1,0.0
ENSG00000308301.1,0.0
ENSG00000308302.1,0.0
ENSG00000308303.1,0.0
ENSG00000308304.1,0.0
ENSG00000308305.1,0.0
ENSG00000308306.1,0.0
ENSG00000308307.1,0.0
ENSG00000308308.1,0.0
ENSG00000308309.1,0.0
ENSG00000308310.1,0.0
ENSG00000308311.1,0.0
ENSG00000308312.1,0.0
ENSG00000308313.1,0.590891
ENSG00000308314.1,0.556207
ENSG00000308315.1,0.0
ENSG00000308316.1,0.0
ENSG00000308317.1,0.0
ENSG00000308318.1,0.0
ENSG00000308319.1,0.0
ENSG00000308320.1,0.0
ENSG00000308321.1,0.0
ENSG00000308322.1,0.0
ENSG00000308323.1,0.0
ENSG00000308324.1,0.0
ENSG00000308325.1,0.0
ENSG00000308326.1,0.0
ENSG00000308327.1,0.0
ENSG00000308328.1,0.0
ENSG00000308329.1,0.0
ENSG00000308330.1,0.811446
ENSG00000308331.1,0.0
ENSG00000308333.1,0.0
ENSG00000308334.1,0.0
ENSG00000308335.1,0.141038
ENSG00000308336.1,0.0
ENSG00000308337.1,0.0
ENSG00000308338.1,0.0
ENSG00000308339.1,0.0
ENSG00000308340.1,0.0
ENSG00000308341.1,0.0
ENSG00000308342.1,0.0
ENSG00000308343.1,0.0
ENSG00000308344.1,0.0
ENSG00000308345.1,0.0
ENSG00000308346.1,0.0
ENSG00000308347.1,0.0
ENSG00000308348.1,0.0
ENSG00000308349.1,0.0
ENSG00000308350.1,0.0
ENSG00000308351.1,0.0
ENSG00000308352.1,0.0
ENSG00000308353.1,0.0
ENSG00000308354.1,0.0
ENSG00000308355.1,0.0
ENSG00000308356.1,1.273055
ENSG00000308357.1,0.0
ENSG00000308358.1,0.0
ENSG00000308359.1,0.0
ENSG00000308360.1,0.0
ENSG00000308361.1,0.0
ENSG00000308362.1,0.0
ENSG00000308363.1,0.0
ENSG00000308364.1,0.0
ENSG00000308365.1,0.0
ENSG00000308366.1,0.0
ENSG00000308367.1,0.0
ENSG00000308368.1,0.0
ENSG00000308369.1,0.0
ENSG00000308370.1,0.24319
ENSG00000308371.1,0.0
ENSG00000308372.1,0.0
ENSG00000308373.1,0.0
ENSG00000308374.1,0.0
ENSG00000308375.1,0.0
ENSG00000308376.1,0.0
ENSG00000308377.1,0.0
ENSG00000308378.1,0.0
ENSG00000308379.1,0.0
ENSG00000308380.1,0.0
ENSG00000308381.1,0.0
ENSG00000308382.1,0.0
ENSG00000308383.1,0.351132
ENSG00000308384.1,0.0
ENSG00000308385.1,0.0
ENSG00000308386.1,0.0
ENSG00000308387.1,0.0
ENSG00000308388.1,0.0
ENSG00000308389.1,0.0
ENSG00000308390.1,0.0
ENSG00000308391.1,0.0
ENSG00000308392.1,0.0
ENSG00000308393.1,0.0
ENSG00000308394.1,0.0
ENSG00000308396.1,0.0
ENSG00000308397.1,0.0
ENSG00000308398.1,0.0
ENSG00000308399.1,0.0
ENSG00000308400.1,0.0
ENSG00000308401.1,0.0
ENSG00000308402.1,0.0
ENSG00000308403.1,0.0
ENSG00000308404.1,0.0
ENSG00000308405.1,0.0
ENSG00000308406.1,0.0
ENSG00000308407.1,0.0
ENSG00000308408.1,0.0
ENSG00000308409.1,0.0
ENSG00000308410.1,0.0
ENSG00000308411.1,0.0
ENSG00000308412.1,0.0
ENSG00000308413.1,0.0
ENSG00000308414.1,0.0
ENSG00000308415.1,15.658473
ENSG00000308416.1,0.0
ENSG00000308417.1,0.0
ENSG00000308418.1,0.0
ENSG00000308419.1,0.0
ENSG00000308420.1,0.0
ENSG00000308421.1,0.0
ENSG00000308422.1,0.0
ENSG00000308423.1,0.227043
ENSG00000308424.1,0.0
ENSG00000308425.1,0.0
ENSG00000308426.1,0.0
ENSG00000308427.1,0.0
ENSG00000308428.1,0.0
ENSG00000308429.1,0.0
ENSG00000308430.1,0.0
ENSG00000308431.1,0.0
ENSG00000308432.1,0.0
ENSG00000308433.1,0.0
ENSG00000308434.1,0.0
ENSG00000308435.1,0.0
ENSG00000308436.1,0.0
ENSG00000308437.1,0.0
ENSG00000308438.1,0.0
ENSG00000308439.1,0.0
ENSG00000308440.1,0.0
ENSG00000308441.1,0.0
ENSG00000308442.1,0.0
ENSG00000308443.1,0.0
ENSG00000308444.1,0.0
ENSG00000308445.1,0.0
ENSG00000308446.1,0.0
ENSG00000308447.1,0.0
ENSG00000308448.1,0.0
ENSG00000308449.1,0.0
ENSG00000308450.1,0.0
ENSG00000308451.1,0.0
ENSG00000308452.1,0.0
ENSG00000308453.1,0.0
ENSG00000308454.1,0.0
ENSG00000308455.1,0.0
ENSG00000308456.1,0.0
ENSG00000308457.1,0.0
ENSG00000308458.1,0.0
ENSG00000308459.1,0.0
ENSG00000308460.1,0.0
ENSG00000308461.1,0.0
ENSG00000308462.1,0.0
ENSG00000308463.1,0.0
ENSG00000308464.1,0.0
ENSG00000308465.1,0.0
ENSG00000308466.1,0.0
ENSG00000308467.1,0.0
ENSG00000308468.1,0.0
ENSG00000308469.1,0.0
ENSG00000308470.1,0.0
ENSG00000308471.1,0.0
ENSG00000308472.1,0.0
ENSG00000308473.1,0.0
ENSG00000308474.1,0.0
ENSG00000308475.1,0.0
ENSG00000308476.1,0.0
ENSG00000308477.1,0.49726
ENSG00000308478.1,0.0
ENSG00000308479.1,0.0
ENSG00000308480.1,0.0
ENSG00000308481.1,0.0
ENSG00000308482.1,0.0
ENSG00000308483.1,0.0
ENSG00000308484.1,0.0
ENSG00000308485.1,0.0
ENSG00000308486.1,0.0
ENSG00000308487.1,1.15859
ENSG00000308488.1,0.0
ENSG00000308489.1,0.0
ENSG00000308490.1,0.721641
ENSG00000308491.1,0.0
ENSG00000308492.1,0.0
ENSG00000308493.1,0.0
ENSG00000308494.1,0.0
ENSG00000308495.1,0.0
ENSG00000308496.1,0.0
ENSG00000308497.1,0.0
ENSG00000308498.1,0.0
ENSG00000308499.1,0.0
ENSG00000308500.1,1.931187
ENSG00000308501.1,0.0
ENSG00000308502.1,0.0
ENSG00000308503.1,0.0
ENSG00000308504.1,0.0
ENSG00000308505.1,0.0
ENSG00000308506.1,0.0
ENSG00000308507.1,0.0
ENSG00000308508.1,0.0
ENSG00000308509.1,0.0
ENSG00000308510.1,0.0
ENSG00000308511.1,0.0
ENSG00000308512.1,0.0
ENSG00000308513.1,0.0
ENSG00000308514.1,0.0
ENSG00000308515.1,0.0
ENSG00000308516.1,0.0
ENSG00000308517.1,0.0
ENSG00000308518.1,0.0
ENSG00000308519.1,0.0
ENSG00000308520.1,0.0
ENSG00000308521.1,0.0
ENSG00000308522.1,0.0
ENSG00000308523.1,0.0
ENSG00000308524.1,0.0
ENSG00000308525.1,0.0
ENSG00000308526.1,0.937804
ENSG00000308527.1,0.0
ENSG00000308528.1,0.0
ENSG00000308529.1,0.0
ENSG00000308530.1,0.0
ENSG00000308531.1,0.0
ENSG00000308532.1,0.0
ENSG00000308533.1,0.0
ENSG00000308534.1,0.0
ENSG00000308535.1,0.0
ENSG00000308536.1,0.0
ENSG00000308537.1,0.0
ENSG00000308538.1,0.0
ENSG00000308539.1,0.0
ENSG00000308540.1,0.0
ENSG00000308541.1,0.0
ENSG00000308542.1,0.0
ENSG00000308543.1,0.0
ENSG00000308544.1,0.0
ENSG00000308545.1,0.0
ENSG00000308546.1,0.0
ENSG00000308547.1,0.760859
ENSG00000308548.1,0.0
ENSG00000308549.1,0.0
ENSG00000308550.1,0.0
ENSG00000308551.1,0.0
ENSG00000308552.1,0.0
ENSG00000308553.1,0.0
ENSG00000308554.1,1.049782
ENSG00000308555.1,0.0
ENSG00000308556.1,0.0
ENSG00000308557.1,0.0
ENSG00000308558.1,0.0
ENSG00000308559.1,0.0
ENSG00000308560.1,0.0
ENSG00000308561.1,0.33626
ENSG00000308562.1,0.916495
ENSG00000308563.1,0.363392
ENSG00000308564.1,0.0
ENSG00000308565.1,0.0
ENSG00000308566.1,0.0
ENSG00000308567.1,0.0
ENSG00000308568.1,0.0
ENSG00000308569.1,0.0
ENSG00000308570.1,0.0
ENSG00000308571.1,0.0
ENSG00000308572.1,0.0
ENSG00000308573.1,0.0
ENSG00000308574.1,0.0
ENSG00000308575.1,0.0
ENSG00000308576.1,0.0
ENSG00000308577.1,0.693703
ENSG00000308578.1,0.0
ENSG00000308579.1,296.506436
ENSG00000308580.1,0.0
ENSG00000308581.1,0.0
ENSG00000308582.1,0.0
ENSG00000308583.1,0.0
ENSG00000308584.1,0.0
ENSG00000308585.1,1.248098
ENSG00000308586.1,0.0
ENSG00000308587.1,0.0
ENSG00000308588.1,0.0
ENSG00000308589.1,0.0
ENSG00000308590.1,0.0
ENSG00000308591.1,0.0
ENSG00000308592.1,0.0
ENSG00000308593.1,0.0
ENSG00000308594.1,0.0
ENSG00000308595.1,0.0
ENSG00000308596.1,0.0
ENSG00000308597.1,0.0
ENSG00000308598.1,0.0
ENSG00000308599.1,0.0
ENSG00000308600.1,0.0
ENSG00000308601.1,0.0
ENSG00000308602.1,0.8279799999999999
ENSG00000308603.1,0.0
ENSG00000308604.1,0.0
ENSG00000308605.1,0.0
ENSG00000308606.1,0.0
ENSG00000308608.1,0.0
ENSG00000308609.1,0.0
ENSG00000308610.1,0.0
ENSG00000308611.1,0.0
ENSG00000308612.1,0.0
ENSG00000308613.1,0.0
ENSG00000308614.1,0.0
ENSG00000308615.1,0.0
ENSG00000308616.1,0.0
ENSG00000308617.1,0.0
ENSG00000308618.1,0.0
ENSG00000308619.1,0.0
ENSG00000308620.1,0.0
ENSG00000308621.1,0.0
ENSG00000308622.1,0.0
ENSG00000308623.1,0.0
ENSG00000308624.1,0.0
ENSG00000308625.1,0.0
ENSG00000308626.1,0.0
ENSG00000308627.1,0.0
ENSG00000308628.1,0.0
ENSG00000308629.1,0.0
ENSG00000308630.1,0.0
ENSG00000308631.1,0.0
ENSG00000308632.1,0.0
ENSG00000308633.1,0.0
ENSG00000308634.1,0.0
ENSG00000308635.1,0.0
ENSG00000308636.1,0.0
ENSG00000308637.1,0.0
ENSG00000308638.1,0.0
ENSG00000308639.1,0.0
ENSG00000308640.1,0.0
ENSG00000308641.1,0.0
ENSG00000308642.1,0.0
ENSG00000308643.1,0.0
ENSG00000308644.1,0.0
ENSG00000308645.1,0.0
ENSG00000308646.1,0.0
ENSG00000308647.1,0.14691
ENSG00000308648.1,0.0
ENSG00000308649.1,0.0
ENSG00000308650.1,0.0
ENSG00000308651.1,0.0
ENSG00000308652.1,0.0
ENSG00000308653.1,0.0
ENSG00000308654.1,0.0
ENSG00000308655.1,0.0
ENSG00000308656.1,0.0
ENSG00000308657.1,0.0
ENSG00000308658.1,0.0
ENSG00000308659.1,0.0
ENSG00000308660.1,0.0
ENSG00000308661.1,0.0
ENSG00000308662.1,0.0
ENSG00000308663.1,0.0
ENSG00000308664.1,0.0
ENSG00000308665.1,0.0
ENSG00000308666.1,0.0
ENSG00000308667.1,0.0
ENSG00000308668.1,0.0
ENSG00000308669.1,0.0
ENSG00000308670.1,0.0
ENSG00000308671.1,0.0
ENSG00000308672.1,1.577513
ENSG00000308673.1,0.0
ENSG00000308674.1,0.0
ENSG00000308675.1,0.0
ENSG00000308676.1,0.0
ENSG00000308677.1,0.0
ENSG00000308678.1,0.0
ENSG00000308679.1,0.0
ENSG00000308680.1,0.0
ENSG00000308681.1,0.0
ENSG00000308682.1,0.0
ENSG00000308683.1,0.0
ENSG00000308684.1,0.0
ENSG00000308685.1,0.0
ENSG00000308686.1,0.0
ENSG00000308687.1,0.0
ENSG00000308688.1,0.0
ENSG00000308689.1,0.580117
ENSG00000308690.1,0.0
ENSG00000308691.1,0.0
ENSG00000308692.1,0.0
ENSG00000308693.1,0.0
ENSG00000308694.1,0.0
ENSG00000308695.1,0.0
ENSG00000308696.1,0.0
ENSG00000308697.1,0.0
ENSG00000308698.1,0.0
ENSG00000308699.1,0.0
ENSG00000308700.1,0.0
ENSG00000308701.1,0.0
ENSG00000308702.1,0.0
ENSG00000308703.1,0.0
ENSG00000308704.1,0.0
ENSG00000308705.1,0.0
ENSG00000308706.1,0.0
ENSG00000308707.1,0.0
ENSG00000308708.1,0.0
ENSG00000308709.1,0.0
ENSG00000308710.1,0.0
ENSG00000308711.1,0.0
ENSG00000308712.1,0.0
ENSG00000308713.1,0.0
ENSG00000308714.1,0.0
ENSG00000308715.1,0.0
ENSG00000308716.1,0.0
ENSG00000308717.1,0.0
ENSG00000308718.1,0.0
ENSG00000308719.1,0.0
ENSG00000308720.1,0.0
ENSG00000308721.1,0.0
ENSG00000308722.1,0.0
ENSG00000308723.1,0.0
ENSG00000308724.1,0.0
ENSG00000308725.1,0.0
ENSG00000308726.1,0.0
ENSG00000308727.1,0.0
ENSG00000308728.1,0.0
ENSG00000308729.1,0.0
ENSG00000308730.1,0.0
ENSG00000308731.1,0.0
ENSG00000308732.1,0.0
ENSG00000308733.1,0.0
ENSG00000308734.1,0.356767
ENSG00000308735.1,0.0
ENSG00000308736.1,0.0
ENSG00000308737.1,0.0
ENSG00000308738.1,0.0
ENSG00000308739.1,3.133122
ENSG00000308740.1,0.0
ENSG00000308741.1,0.0
ENSG00000308742.1,0.0
ENSG00000308743.1,0.317848
ENSG00000308744.1,0.0
ENSG00000308745.1,0.0
ENSG00000308746.1,0.0
ENSG00000308747.1,0.579848
ENSG00000308748.1,0.0
ENSG00000308749.1,0.0
ENSG00000308750.1,0.0
ENSG00000308751.1,0.0
ENSG00000308752.1,0.0
ENSG00000308753.1,0.0
ENSG00000308754.1,0.0
ENSG00000308755.1,0.0
ENSG00000308756.1,0.0
ENSG00000308757.1,0.0
ENSG00000308758.1,0.0
ENSG00000308759.1,0.0
ENSG00000308760.1,0.0
ENSG00000308761.1,0.0
ENSG00000308762.1,0.0
ENSG00000308763.1,0.0
ENSG00000308764.1,0.0
ENSG00000308765.1,0.458247
ENSG00000308766.1,0.0
ENSG00000308767.1,0.0
ENSG00000308768.1,0.0
ENSG00000308769.1,0.0
ENSG00000308770.1,0.348927
ENSG00000308771.1,0.0
ENSG00000308772.1,0.0
ENSG00000308773.1,0.0
ENSG00000308774.1,0.0
ENSG00000308775.1,0.0
ENSG00000308776.1,0.0
ENSG00000308777.1,0.0
ENSG00000308778.1,0.0
ENSG00000308779.1,0.23202
ENSG00000308780.1,0.0
ENSG00000308781.1,0.0
ENSG00000308782.1,0.0
ENSG00000308783.1,0.0
ENSG00000308784.1,0.0
ENSG00000308785.1,0.0
ENSG00000308786.1,0.0
ENSG00000308787.1,0.0
ENSG00000308788.1,0.0
ENSG00000308789.1,0.0
ENSG00000308790.1,0.0
ENSG00000308791.1,0.0
ENSG00000308792.1,0.0
ENSG00000308793.1,0.0
ENSG00000308794.1,0.0
ENSG00000308795.1,0.0
ENSG00000308796.1,0.0
ENSG00000308797.1,0.0
ENSG00000308798.1,0.0
ENSG00000308799.1,0.0
ENSG00000308800.1,0.0
ENSG00000308801.1,0.0
ENSG00000308802.1,0.0
ENSG00000308803.1,0.0
ENSG00000308804.1,0.0
ENSG00000308805.1,0.0
ENSG00000308806.1,0.0
ENSG00000308807.1,0.0
ENSG00000308808.1,0.0
ENSG00000308809.1,0.484188
ENSG00000308810.1,0.0
ENSG00000308811.1,0.0
ENSG00000308812.1,0.0
ENSG00000308813.1,2.757705
ENSG00000308814.1,0.0
ENSG00000308815.1,0.0
ENSG00000308816.1,0.0
ENSG00000308817.1,0.0
ENSG00000308818.1,0.0
ENSG00000308819.1,0.0
ENSG00000308820.1,0.0
ENSG00000308821.1,0.0
ENSG00000308822.1,0.0
ENSG00000308823.1,0.0
ENSG00000308824.1,0.0
ENSG00000308825.1,0.20882
ENSG00000308826.1,0.0
ENSG00000308827.1,0.0
ENSG00000308828.1,0.0
ENSG00000308829.1,0.0
ENSG00000308830.1,0.0
ENSG00000308831.1,0.0
ENSG00000308832.1,0.0
ENSG00000308833.1,0.0
ENSG00000308834.1,0.0
ENSG00000308835.1,0.0
ENSG00000308836.1,0.0
ENSG00000308837.1,6.179059
ENSG00000308838.1,0.0
ENSG00000308839.1,0.0
ENSG00000308840.1,0.0
ENSG00000308841.1,0.0
ENSG00000308842.1,0.0
ENSG00000308843.1,0.0
ENSG00000308844.1,0.0
ENSG00000308845.1,0.0
ENSG00000308846.1,0.0
ENSG00000308847.1,0.0
ENSG00000308848.1,0.0
ENSG00000308849.1,0.0
ENSG00000308850.1,0.0
ENSG00000308851.1,0.0
ENSG00000308852.1,0.0
ENSG00000308853.1,0.0
ENSG00000308854.1,0.0
ENSG00000308855.1,0.0
ENSG00000308856.1,0.0
ENSG00000308857.1,0.0
ENSG00000308858.1,0.0
ENSG00000308859.1,0.0
ENSG00000308860.1,0.0
ENSG00000308861.1,0.0
ENSG00000308862.1,0.0
ENSG00000308863.1,0.0
ENSG00000308864.1,0.0
ENSG00000308865.1,0.0
ENSG00000308866.1,0.0
ENSG00000308867.1,0.0
ENSG00000308868.1,0.297552
ENSG00000308869.1,0.348927
ENSG00000308870.1,0.0
ENSG00000308871.1,0.0
ENSG00000308872.1,0.614855
ENSG00000308873.1,0.0
ENSG00000308874.1,0.0
ENSG00000308875.1,2.244514
ENSG00000308876.1,0.0
ENSG00000308877.1,0.0
ENSG00000308878.1,0.0
ENSG00000308879.1,0.0
ENSG00000308880.1,0.0
ENSG00000308881.1,0.0
ENSG00000308882.1,0.0
ENSG00000308883.1,0.0
ENSG00000308884.1,0.0
ENSG00000308885.1,0.0
ENSG00000308886.1,0.0
ENSG00000308887.1,0.0
ENSG00000308888.1,0.0
ENSG00000308889.1,0.0
ENSG00000308890.1,0.0
ENSG00000308891.1,0.0
ENSG00000308892.1,0.0
ENSG00000308893.1,0.0
ENSG00000308894.1,0.0
ENSG00000308895.1,0.0
ENSG00000308896.1,0.0
ENSG00000308897.1,0.0
ENSG00000308898.1,0.0
ENSG00000308899.1,0.0
ENSG00000308900.1,0.0
ENSG00000308901.1,0.0
ENSG00000308902.1,0.0
ENSG00000308903.1,0.0
ENSG00000308904.1,0.0
ENSG00000308905.1,0.0
ENSG00000308906.1,0.0
ENSG00000308907.1,0.0
ENSG00000308908.1,0.0
ENSG00000308909.1,0.363789
ENSG00000308911.1,0.0
ENSG00000308912.1,0.0
ENSG00000308913.1,0.0
ENSG00000308914.1,0.0
ENSG00000308915.1,0.0
ENSG00000308916.1,0.0
ENSG00000308917.1,0.0
ENSG00000308918.1,0.0
ENSG00000308919.1,0.0
ENSG00000308920.1,0.0
ENSG00000308921.1,0.0
ENSG00000308922.1,0.0
ENSG00000308923.1,0.0
ENSG00000308924.1,0.0
ENSG00000308925.1,0.0
ENSG00000308926.1,0.0
ENSG00000308927.1,0.0
ENSG00000308928.1,0.0
ENSG00000308929.1,0.0
ENSG00000308930.1,0.0
ENSG00000308931.1,0.0
ENSG00000308932.1,0.0
ENSG00000308933.1,0.0
ENSG00000308934.1,0.0
ENSG00000308935.1,0.0
ENSG00000308936.1,0.0
ENSG00000308937.1,0.0
ENSG00000308938.1,0.0
ENSG00000308939.1,0.0
ENSG00000308940.1,0.0
ENSG00000308941.1,0.0
ENSG00000308942.1,0.0
ENSG00000308943.1,0.0
ENSG00000308944.1,0.0
ENSG00000308945.1,0.0
ENSG00000308946.1,0.0
ENSG00000308947.1,0.0
ENSG00000308948.1,1.999675
ENSG00000308949.1,0.0
ENSG00000308950.1,0.0
ENSG00000308951.1,0.0
ENSG00000308952.1,0.0
ENSG00000308953.1,0.0
ENSG00000308954.1,0.0
ENSG00000308955.1,0.0
ENSG00000308956.1,0.0
ENSG00000308957.1,0.0
ENSG00000308958.1,0.0
ENSG00000308959.1,0.0
ENSG00000308960.1,0.0
ENSG00000308961.1,0.0
ENSG00000308962.1,0.0
ENSG00000308963.1,0.0
ENSG00000308964.1,0.0
ENSG00000308965.1,0.52011
ENSG00000308966.1,0.0
ENSG00000308967.1,0.16189
ENSG00000308968.1,0.0
ENSG00000308969.1,0.0
ENSG00000308970.1,0.0
ENSG00000308971.1,0.0
ENSG00000308972.1,0.0
ENSG00000308973.1,0.0
ENSG00000308974.1,0.0
ENSG00000308975.1,0.54667
ENSG00000308976.1,0.0
ENSG00000308977.1,0.0
ENSG00000308978.1,0.0
ENSG00000308979.1,0.0
ENSG00000308980.1,0.0
ENSG00000308981.1,0.0
ENSG00000308982.1,0.0
ENSG00000308983.1,0.0
ENSG00000308984.1,0.0
ENSG00000308985.1,0.0
ENSG00000308986.1,0.0
ENSG00000308987.1,0.0
ENSG00000308988.1,0.0
ENSG00000308989.1,0.0
ENSG00000308990.1,0.0
ENSG00000308991.1,0.0
ENSG00000308992.1,0.0
ENSG00000308993.1,0.0
ENSG00000308994.1,0.0
ENSG00000308995.1,0.0
ENSG00000308996.1,0.0
ENSG00000308997.1,0.0
ENSG00000308998.1,0.0
ENSG00000308999.1,0.0
ENSG00000309000.1,0.0
ENSG00000309001.1,0.0
ENSG00000309002.1,0.0
ENSG00000309003.1,0.0
ENSG00000309004.1,0.0
ENSG00000309005.1,0.0
ENSG00000309006.1,0.0
ENSG00000309007.1,0.0
ENSG00000309008.1,0.0
ENSG00000309009.1,0.0
ENSG00000309010.1,0.0
ENSG00000309011.1,0.0
ENSG00000309012.1,1.390215
ENSG00000309013.1,0.0
ENSG00000309014.1,0.0
ENSG00000309015.1,0.0
ENSG00000309016.1,0.0
ENSG00000309017.1,0.0
ENSG00000309018.1,0.0
ENSG00000309019.1,0.0
ENSG00000309020.1,0.0
ENSG00000309021.1,0.0
ENSG00000309022.1,0.0
ENSG00000309023.1,0.296686
ENSG00000309024.1,0.408569
ENSG00000309025.1,0.0
ENSG00000309026.1,0.0
ENSG00000309027.1,0.0
ENSG00000309028.1,0.0
ENSG00000309029.1,0.0
ENSG00000309030.1,0.206576
ENSG00000309031.1,0.0
ENSG00000309032.1,0.33003
ENSG00000309033.1,0.0
ENSG00000309034.1,0.0
ENSG00000309035.1,0.0
ENSG00000309036.1,0.0
ENSG00000309037.1,0.0
ENSG00000309038.1,0.0
ENSG00000309039.1,0.0
ENSG00000309040.1,0.0
ENSG00000309041.1,0.0
ENSG00000309042.1,0.0
ENSG00000309043.1,0.0
ENSG00000309044.1,0.0
ENSG00000309045.1,0.0
ENSG00000309046.1,0.0
ENSG00000309047.1,0.0
ENSG00000309048.1,0.0
ENSG00000309049.1,0.0
ENSG00000309050.1,0.571189
ENSG00000309051.1,1.545075
ENSG00000309052.1,0.0
ENSG00000309053.1,0.0
ENSG00000309054.1,0.0
ENSG00000309055.1,0.0
ENSG00000309056.1,0.0
ENSG00000309057.1,0.0
ENSG00000309058.1,0.0
ENSG00000309059.1,2.92448
ENSG00000309060.1,0.0
ENSG00000309061.1,0.0
ENSG00000309062.1,0.0
ENSG00000309063.1,0.431565
ENSG00000309064.1,0.0
ENSG00000309065.1,0.0
ENSG00000309066.1,0.0
ENSG00000309067.1,0.0
ENSG00000309068.1,0.0
ENSG00000309069.1,0.0
ENSG00000309070.1,0.0
ENSG00000309071.1,9.53253
ENSG00000309072.1,0.0
ENSG00000309073.1,0.0
ENSG00000309074.1,0.0
ENSG00000309075.1,0.0
ENSG00000309076.1,0.0
ENSG00000309077.1,0.0
ENSG00000309079.1,0.0
ENSG00000309080.1,0.0
ENSG00000309081.1,0.0
ENSG00000309082.1,0.0
ENSG00000309083.1,0.0
ENSG00000309084.1,0.0
ENSG00000309085.1,0.0
ENSG00000309086.1,0.0
ENSG00000309087.1,0.0
ENSG00000309088.1,0.0
ENSG00000309089.1,0.0
ENSG00000309090.1,0.0
ENSG00000309091.2,0.0
ENSG00000309092.1,0.0
ENSG00000309093.1,0.0
ENSG00000309094.1,0.36082
ENSG00000309095.1,0.0
ENSG00000309096.1,0.0
ENSG00000309097.1,0.0
ENSG00000309098.1,1.402312
ENSG00000309099.1,0.0
ENSG00000309100.1,0.0
ENSG00000309101.1,0.0
ENSG00000309102.1,0.0
ENSG00000309103.1,0.0
ENSG00000309104.1,0.187416
ENSG00000309105.1,0.0
ENSG00000309106.1,0.0
ENSG00000309107.1,0.0
ENSG00000309108.1,0.0
ENSG00000309109.1,0.0
ENSG00000309110.1,0.0
ENSG00000309111.1,0.0
ENSG00000309112.1,0.0
ENSG00000309113.1,0.0
ENSG00000309114.1,0.0
ENSG00000309115.1,1.174678
ENSG00000309116.1,0.0
ENSG00000309117.1,0.0
ENSG00000309118.1,0.0
ENSG00000309119.1,0.0
ENSG00000309120.1,0.0
ENSG00000309121.1,0.0
ENSG00000309122.1,0.0
ENSG00000309123.1,0.0
ENSG00000309124.1,0.0
ENSG00000309125.1,0.0
ENSG00000309126.1,0.0
ENSG00000309127.1,1.152936
ENSG00000309128.1,0.0
ENSG00000309129.1,0.0
ENSG00000309130.1,0.0
ENSG00000309131.1,0.0
ENSG00000309132.1,0.0
ENSG00000309133.1,0.0
ENSG00000309134.1,0.0
ENSG00000309135.1,0.0
ENSG00000309136.1,0.0
ENSG00000309137.1,0.0
ENSG00000309138.1,0.0
ENSG00000309139.1,0.0
ENSG00000309140.1,0.0
ENSG00000309141.1,0.0
ENSG00000309142.1,0.0
ENSG00000309143.1,0.0
ENSG00000309144.1,0.0
ENSG00000309145.1,0.0
ENSG00000309146.1,0.0
ENSG00000309147.1,0.0
ENSG00000309148.1,0.454638
ENSG00000309149.1,0.202911
ENSG00000309150.1,0.0
ENSG00000309151.1,0.0
ENSG00000309152.1,0.0
ENSG00000309153.1,0.0
ENSG00000309154.1,0.0
ENSG00000309155.1,0.0
ENSG00000309156.1,0.0
ENSG00000309157.1,0.0
ENSG00000309158.1,0.0
ENSG00000309159.1,0.0
ENSG00000309160.1,0.0
ENSG00000309161.1,0.0
ENSG00000309162.1,0.0
ENSG00000309163.1,0.0
ENSG00000309164.1,0.0
ENSG00000309165.1,0.0
ENSG00000309166.1,0.0
ENSG00000309167.1,0.0
ENSG00000309168.1,4.308261
ENSG00000309169.1,0.0
ENSG00000309170.1,0.0
ENSG00000309171.1,0.0
ENSG00000309172.1,0.0
ENSG00000309173.1,0.200972
ENSG00000309174.1,0.151675
ENSG00000309175.1,0.0
ENSG00000309176.1,0.0
ENSG00000309177.1,0.0
ENSG00000309178.1,0.0
ENSG00000309179.1,0.0
ENSG00000309180.1,0.0
ENSG00000309181.1,0.0
ENSG00000309182.1,0.0
ENSG00000309183.1,0.974179
ENSG00000309184.1,0.0
ENSG00000309185.1,0.0
ENSG00000309186.1,0.0
ENSG00000309187.1,0.0
ENSG00000309188.1,0.0
ENSG00000309189.1,0.0
ENSG00000309190.1,0.0
ENSG00000309191.1,0.0
ENSG00000309192.1,0.0
ENSG00000309193.1,0.0
ENSG00000309194.1,0.0
ENSG00000309195.1,0.0
ENSG00000309196.1,0.0
ENSG00000309197.1,0.0
ENSG00000309198.1,0.0
ENSG00000309199.1,0.0
ENSG00000309200.1,0.0
ENSG00000309201.1,0.0
ENSG00000309202.1,0.382774
ENSG00000309203.1,0.0
ENSG00000309204.1,0.0
ENSG00000309205.1,0.0
ENSG00000309206.1,0.0
ENSG00000309207.1,0.0
ENSG00000309208.1,0.0
ENSG00000309209.1,0.0
ENSG00000309210.1,0.0
ENSG00000309211.1,0.0
ENSG00000309212.1,0.0
ENSG00000309213.1,0.0
ENSG00000309214.1,0.0
ENSG00000309215.1,0.0
ENSG00000309216.1,0.0
ENSG00000309217.1,0.0
ENSG00000309218.1,0.0
ENSG00000309219.1,0.0
ENSG00000309220.1,0.0
ENSG00000309221.1,0.0
ENSG00000309222.1,0.0
ENSG00000309223.1,0.0
ENSG00000309224.1,0.0
ENSG00000309225.1,0.0
ENSG00000309226.1,13.056501
ENSG00000309227.1,0.0
ENSG00000309228.1,0.0
ENSG00000309229.1,0.0
ENSG00000309230.1,0.0
ENSG00000309231.1,0.0
ENSG00000309232.1,0.0
ENSG00000309233.1,0.0
ENSG00000309234.1,0.0
ENSG00000309235.1,0.0
ENSG00000309236.1,0.0
ENSG00000309237.1,0.0
ENSG00000309238.1,0.0
ENSG00000309239.1,0.0
ENSG00000309240.1,0.0
ENSG00000309241.1,1.099213
ENSG00000309242.1,0.0
ENSG00000309243.1,0.0
ENSG00000309244.1,0.0
ENSG00000309245.1,0.0
ENSG00000309246.1,0.0
ENSG00000309247.1,0.0
ENSG00000309248.1,0.0
ENSG00000309249.1,0.0
ENSG00000309250.1,0.594042
ENSG00000309251.1,0.0
ENSG00000309252.1,0.0
ENSG00000309253.1,0.0
ENSG00000309254.1,2.916146
ENSG00000309255.1,0.0
ENSG00000309256.1,0.0
ENSG00000309257.1,0.0
ENSG00000309258.1,0.0
ENSG00000309259.1,0.0
ENSG00000309260.1,0.0
ENSG00000309261.1,0.0
ENSG00000309262.1,0.0
ENSG00000309263.1,0.352244
ENSG00000309264.1,0.0
ENSG00000309265.1,0.0
ENSG00000309266.1,0.0
ENSG00000309267.1,0.0
ENSG00000309268.1,0.0
ENSG00000309269.1,0.0
ENSG00000309270.1,0.0
ENSG00000309271.1,0.0
ENSG00000309272.1,0.0
ENSG00000309273.1,0.0
ENSG00000309274.1,0.0
ENSG00000309275.1,0.0
ENSG00000309276.1,0.0
ENSG00000309277.1,0.0
ENSG00000309278.1,0.0
ENSG00000309279.1,0.0
ENSG00000309280.1,0.0
ENSG00000309281.1,0.0
ENSG00000309282.1,0.0
ENSG00000309283.1,0.0
ENSG00000309284.1,0.0
ENSG00000309285.1,0.0
ENSG00000309286.1,0.0
ENSG00000309287.1,0.0
ENSG00000309288.1,0.0
ENSG00000309289.1,0.0
ENSG00000309290.1,0.0
ENSG00000309291.1,0.0
ENSG00000309292.1,0.0
ENSG00000309293.1,0.0
ENSG00000309294.1,0.317982
ENSG00000309295.1,0.0
ENSG00000309296.1,0.0
ENSG00000309297.1,0.0
ENSG00000309298.1,0.0
ENSG00000309299.1,0.0
ENSG00000309300.1,0.0
ENSG00000309301.1,0.0
ENSG00000309302.1,0.0
ENSG00000309303.1,0.0
ENSG00000309304.1,1.358531
ENSG00000309305.1,0.0
ENSG00000309306.1,0.0
ENSG00000309307.1,0.0
ENSG00000309308.1,0.0
ENSG00000309309.1,0.0
ENSG00000309310.1,2.153891
ENSG00000309311.1,0.0
ENSG00000309312.1,0.0
ENSG00000309313.1,0.0
ENSG00000309314.1,0.0
ENSG00000309315.1,0.0
ENSG00000309316.1,0.0
ENSG00000309317.1,0.0
ENSG00000309318.1,0.0
ENSG00000309319.1,0.0
ENSG00000309320.1,0.0
ENSG00000309321.1,0.0
ENSG00000309322.1,0.0
ENSG00000309323.1,0.0
ENSG00000309324.1,0.0
ENSG00000309325.1,0.0
ENSG00000309326.1,0.0
ENSG00000309327.1,0.0
ENSG00000309328.1,0.0
ENSG00000309329.1,0.0
ENSG00000309330.1,0.0
ENSG00000309331.1,0.0
ENSG00000309332.1,0.0
ENSG00000309333.1,0.0
ENSG00000309334.1,0.0
ENSG00000309335.1,0.0
ENSG00000309336.1,0.0
ENSG00000309337.1,0.0
ENSG00000309338.1,0.0
ENSG00000309339.1,0.0
ENSG00000309340.1,0.0
ENSG00000309341.1,0.0
ENSG00000309342.1,0.0
ENSG00000309343.1,0.0
ENSG00000309344.1,0.0
ENSG00000309345.1,0.0
ENSG00000309346.1,0.0
ENSG00000309347.1,0.0
ENSG00000309348.1,0.0
ENSG00000309349.1,0.0
ENSG00000309350.1,0.0
ENSG00000309351.1,0.506231
ENSG00000309352.1,0.0
ENSG00000309353.1,0.0
ENSG00000309354.1,0.0
ENSG00000309355.1,0.0
ENSG00000309356.1,0.0
ENSG00000309357.1,0.0
ENSG00000309358.1,0.0
ENSG00000309359.1,0.0
ENSG00000309360.1,0.0
ENSG00000309361.1,0.0
ENSG00000309362.1,0.0
ENSG00000309363.1,0.122601
ENSG00000309364.1,0.0
ENSG00000309365.1,0.0
ENSG00000309366.1,0.0
ENSG00000309367.1,0.0
ENSG00000309368.1,0.0
ENSG00000309369.1,0.0
ENSG00000309370.1,0.0
ENSG00000309371.1,0.0
ENSG00000309372.1,0.0
ENSG00000309373.1,0.580463
ENSG00000309374.1,0.0
ENSG00000309375.1,0.0
ENSG00000309376.1,0.0
ENSG00000309377.1,0.0
ENSG00000309378.1,0.0
ENSG00000309379.1,0.0
ENSG00000309380.1,0.0
ENSG00000309381.1,0.0
ENSG00000309382.1,0.0
ENSG00000309383.1,0.0
ENSG00000309384.1,0.0
ENSG00000309385.1,0.0
ENSG00000309386.1,0.0
ENSG00000309387.1,0.0
ENSG00000309388.1,0.93295
ENSG00000309389.1,0.0
ENSG00000309390.1,0.0
ENSG00000309391.1,0.0
ENSG00000309392.1,0.415856
ENSG00000309393.1,0.0
ENSG00000309394.1,0.0
ENSG00000309395.1,0.0
ENSG00000309396.1,0.0
ENSG00000309397.1,0.0
ENSG00000309398.1,0.0
ENSG00000309399.1,0.0
ENSG00000309400.1,0.0
ENSG00000309401.1,0.0
ENSG00000309402.1,0.0
ENSG00000309403.1,0.0
ENSG00000309404.1,0.0
ENSG00000309405.1,0.0
ENSG00000309406.1,0.0
ENSG00000309407.1,0.0
ENSG00000309408.1,0.0
ENSG00000309409.1,0.0
ENSG00000309410.1,0.0
ENSG00000309411.1,0.0
ENSG00000309412.1,3.128433
ENSG00000309413.1,0.0
ENSG00000309414.1,8.347180999999999
ENSG00000309415.1,0.0
ENSG00000309416.1,0.0
ENSG00000309417.1,0.0
ENSG00000309418.1,0.0
ENSG00000309419.1,0.0
ENSG00000309420.1,0.0
ENSG00000309421.1,0.0
ENSG00000309422.1,0.0
ENSG00000309423.1,0.389628
ENSG00000309424.1,0.0
ENSG00000309425.1,0.0
ENSG00000309426.1,0.0
ENSG00000309427.1,0.0
ENSG00000309428.1,44.975868
ENSG00000309429.1,0.0
ENSG00000309430.1,0.0
ENSG00000309431.1,0.0
ENSG00000309432.1,0.0
ENSG00000309433.1,0.0
ENSG00000309434.1,0.841892
ENSG00000309435.1,0.0
ENSG00000309436.1,0.0
ENSG00000309437.1,0.0
ENSG00000309438.1,0.0
ENSG00000309439.1,0.0
ENSG00000309440.1,0.0
ENSG00000309441.1,0.0
ENSG00000309442.1,0.931177
ENSG00000309443.1,0.720498
ENSG00000309444.1,0.0
ENSG00000309445.1,0.0
ENSG00000309446.1,0.0
ENSG00000309447.1,0.0
ENSG00000309448.1,0.0
ENSG00000309449.1,0.0
ENSG00000309450.1,0.0
ENSG00000309451.1,0.0
ENSG00000309452.1,0.0
ENSG00000309453.1,0.0
ENSG00000309454.1,0.0
ENSG00000309455.1,0.544792
ENSG00000309456.1,0.0
ENSG00000309457.1,0.0
ENSG00000309458.1,0.0
ENSG00000309459.1,0.0
ENSG00000309460.1,0.0
ENSG00000309461.1,0.0
ENSG00000309462.1,0.0
ENSG00000309463.1,0.0
ENSG00000309464.1,1.15859
ENSG00000309465.1,0.0
ENSG00000309466.1,0.0
ENSG00000309467.1,0.0
ENSG00000309468.1,0.0
ENSG00000309469.1,0.0
ENSG00000309470.1,0.0
ENSG00000309471.1,0.0
ENSG00000309472.1,0.0
ENSG00000309473.1,0.0
ENSG00000309474.1,0.0
ENSG00000309475.1,0.0
ENSG00000309476.1,0.0
ENSG00000309477.1,0.0
ENSG00000309478.1,0.0
ENSG00000309479.1,0.0
ENSG00000309480.1,0.0
ENSG00000309481.1,0.700219
ENSG00000309482.1,0.0
ENSG00000309483.1,0.0
ENSG00000309484.1,0.0
ENSG00000309485.1,0.0
ENSG00000309486.1,0.762075
ENSG00000309487.1,0.0
ENSG00000309488.1,0.0
ENSG00000309489.1,0.0
ENSG00000309490.1,0.191782
ENSG00000309491.1,0.0
ENSG00000309492.1,0.0
ENSG00000309493.1,0.0
ENSG00000309494.1,0.0
ENSG00000309495.1,0.0
ENSG00000309496.1,0.0
ENSG00000309497.1,0.0
ENSG00000309498.1,0.0
ENSG00000309499.1,0.0
ENSG00000309500.1,0.0
ENSG00000309501.1,0.0
ENSG00000309502.1,0.0
ENSG00000309503.1,0.0
ENSG00000309504.1,0.0
ENSG00000309505.1,0.0
ENSG00000309506.1,0.0
ENSG00000309507.1,0.0
ENSG00000309508.1,0.0
ENSG00000309509.1,0.0
ENSG00000309510.1,0.0
ENSG00000309511.1,0.0
ENSG00000309512.1,0.700284
ENSG00000309513.1,0.0
ENSG00000309514.1,0.0
ENSG00000309515.1,0.0
ENSG00000309516.1,0.0
ENSG00000309517.1,5.576471
ENSG00000309518.1,0.0
ENSG00000309519.1,0.0
ENSG00000309520.1,0.0
ENSG00000309521.1,0.0
ENSG00000309522.1,0.0
ENSG00000309523.1,0.0
ENSG00000309524.1,0.0
ENSG00000309525.1,0.0
ENSG00000309526.1,0.0
ENSG00000309527.1,3.281187
ENSG00000309528.1,0.0
ENSG00000309529.1,0.0
ENSG00000309530.1,0.0
ENSG00000309531.1,0.0
ENSG00000309532.1,0.0
ENSG00000309533.1,0.0
ENSG00000309534.1,0.0
ENSG00000309535.1,0.0
ENSG00000309536.1,0.0
ENSG00000309537.1,0.0
ENSG00000309538.1,0.085754
ENSG00000309539.1,0.0
ENSG00000309540.1,0.0
ENSG00000309541.1,0.0
ENSG00000309542.1,0.0
ENSG00000309543.1,0.0
ENSG00000309544.1,0.0
ENSG00000309545.1,0.0
ENSG00000309546.1,0.0
ENSG00000309547.1,0.0
ENSG00000309548.1,0.0
ENSG00000309549.1,0.0
ENSG00000309550.1,0.0
ENSG00000309551.1,0.0
ENSG00000309552.1,0.0
ENSG00000309553.1,0.0
ENSG00000309554.1,0.0
ENSG00000309555.1,0.0
ENSG00000309556.1,0.0
ENSG00000309557.1,0.0
ENSG00000309558.1,0.0
ENSG00000309559.1,0.0
ENSG00000309560.1,0.0
ENSG00000309561.1,0.0
ENSG00000309562.1,0.0
ENSG00000309563.1,0.0
ENSG00000309564.1,0.0
ENSG00000309565.1,0.0
ENSG00000309566.1,0.0
ENSG00000309567.1,0.0
ENSG00000309568.1,0.0
ENSG00000309569.1,0.0
ENSG00000309570.1,0.267479
ENSG00000309571.1,0.0
ENSG00000309572.1,0.0
ENSG00000309573.1,0.0
ENSG00000309574.1,0.0
ENSG00000309575.1,0.0
ENSG00000309576.1,0.0
ENSG00000309577.1,0.0
ENSG00000309578.1,0.0
ENSG00000309579.1,0.0
ENSG00000309580.1,0.0
ENSG00000309581.1,0.0
ENSG00000309582.1,0.0
ENSG00000309583.1,0.0
ENSG00000309584.1,0.0
ENSG00000309585.1,0.0
ENSG00000309586.1,0.0
ENSG00000309587.1,0.0
ENSG00000309588.1,0.0
ENSG00000309589.1,0.0
ENSG00000309590.1,0.0
ENSG00000309591.1,0.0
ENSG00000309592.1,0.0
ENSG00000309593.1,0.0
ENSG00000309594.1,0.0
ENSG00000309595.1,0.2376
ENSG00000309596.1,0.0
ENSG00000309597.1,0.365184
ENSG00000309598.1,0.0
ENSG00000309599.1,0.0
ENSG00000309600.1,0.0
ENSG00000309601.1,0.0
ENSG00000309602.1,0.0
ENSG00000309603.1,0.0
ENSG00000309604.1,0.0
ENSG00000309605.1,0.0
ENSG00000309606.1,0.0
ENSG00000309607.1,0.0
ENSG00000309608.1,0.0
ENSG00000309609.1,0.0
ENSG00000309610.1,0.0
ENSG00000309611.1,0.0
ENSG00000309612.1,0.0
ENSG00000309613.1,0.0
ENSG00000309614.1,0.0
ENSG00000309615.1,0.0
ENSG00000309616.1,0.0
ENSG00000309617.1,0.0
ENSG00000309618.1,0.0
ENSG00000309619.1,0.0
ENSG00000309620.1,0.0
ENSG00000309621.1,0.0
ENSG00000309622.1,0.0
ENSG00000309623.1,0.0
ENSG00000309624.1,0.0
ENSG00000309625.1,0.0
ENSG00000309626.1,0.0
ENSG00000309627.1,0.0
ENSG00000309628.1,0.0
ENSG00000309629.1,0.0
ENSG00000309630.1,0.0
ENSG00000309631.1,0.0
ENSG00000309632.1,0.0
ENSG00000309634.1,0.0
ENSG00000309635.1,0.0
ENSG00000309636.1,0.0
ENSG00000309637.1,0.0
ENSG00000309638.1,0.0
ENSG00000309639.1,0.0
ENSG00000309640.1,0.0
ENSG00000309641.1,0.0
ENSG00000309642.1,0.0
ENSG00000309643.1,0.0
ENSG00000309644.1,0.0
ENSG00000309645.1,0.0
ENSG00000309646.1,0.0
ENSG00000309647.1,0.0
ENSG00000309648.1,0.0
ENSG00000309649.1,0.0
ENSG00000309650.1,0.0
ENSG00000309651.1,0.0
ENSG00000309652.1,0.0
ENSG00000309653.1,0.0
ENSG00000309654.1,0.0
ENSG00000309655.1,1.760008
ENSG00000309656.1,0.0
ENSG00000309657.1,0.0
ENSG00000309658.1,0.0
ENSG00000309659.1,0.0
ENSG00000309660.1,0.0
ENSG00000309661.1,0.0
ENSG00000309662.1,0.0
ENSG00000309663.1,0.0
ENSG00000309664.1,0.0
ENSG00000309665.1,0.0
ENSG00000309666.1,0.0
ENSG00000309667.1,0.0
ENSG00000309668.1,0.0
ENSG00000309669.1,0.0
ENSG00000309670.1,0.0
ENSG00000309671.1,0.0
ENSG00000309672.1,0.0
ENSG00000309673.1,0.0
ENSG00000309674.1,0.0
ENSG00000309675.1,0.0
ENSG00000309676.1,0.0
ENSG00000309677.1,0.0
ENSG00000309678.1,0.0
ENSG00000309679.1,2.291244
ENSG00000309680.1,0.0
ENSG00000309681.1,0.0
ENSG00000309682.1,0.0
ENSG00000309683.1,0.0
ENSG00000309684.1,0.0
ENSG00000309685.1,0.0
ENSG00000309686.1,0.0
ENSG00000309687.1,0.0
ENSG00000309688.1,0.0
ENSG00000309689.1,0.0
ENSG00000309690.1,0.0
ENSG00000309691.1,0.0
ENSG00000309692.1,0.0
ENSG00000309693.1,0.0
ENSG00000309694.1,0.0
ENSG00000309695.1,0.0
ENSG00000309696.1,0.0
ENSG00000309697.1,1.298751
ENSG00000309698.1,0.0
ENSG00000309699.1,0.0
ENSG00000309700.1,0.0
ENSG00000309701.1,0.0
ENSG00000309702.1,0.0
ENSG00000309703.1,0.0
ENSG00000309704.1,1.826323
ENSG00000309705.1,0.0
ENSG00000309706.1,0.0
ENSG00000309707.1,0.0
ENSG00000309708.1,0.0
ENSG00000309709.1,0.0
ENSG00000309710.1,0.0
ENSG00000309711.1,0.0
ENSG00000309712.1,0.0
ENSG00000309713.1,0.0
ENSG00000309714.1,0.0
ENSG00000309715.1,0.0
ENSG00000309716.1,0.0
ENSG00000309717.1,0.0
ENSG00000309718.1,0.0
ENSG00000309719.1,0.0
ENSG00000309720.1,0.333736
ENSG00000309721.1,0.0
ENSG00000309722.1,0.0
ENSG00000309723.1,0.0
ENSG00000309724.1,0.0
ENSG00000309725.1,0.0
ENSG00000309726.1,0.0
ENSG00000309727.1,0.0
ENSG00000309728.1,0.0
ENSG00000309729.1,0.0
ENSG00000309730.1,0.0
ENSG00000309731.1,0.0
ENSG00000309732.1,0.0
ENSG00000309733.1,0.826286
ENSG00000309734.1,0.0
ENSG00000309735.1,0.0
ENSG00000309736.1,0.0
ENSG00000309737.1,0.0
ENSG00000309738.1,0.0
ENSG00000309739.1,0.0
ENSG00000309740.1,0.0
ENSG00000309741.1,0.0
ENSG00000309742.1,0.0
ENSG00000309743.1,0.0
ENSG00000309744.1,0.0
ENSG00000309745.1,5.122085
ENSG00000309746.1,0.0
ENSG00000309747.1,0.0
ENSG00000309748.1,0.0
ENSG00000309749.1,0.0
ENSG00000309750.1,0.0
ENSG00000309751.1,0.0
ENSG00000309752.1,0.0
ENSG00000309753.1,0.0
ENSG00000309754.1,0.0
ENSG00000309755.1,0.0
ENSG00000309756.1,0.0
ENSG00000309757.1,0.0
ENSG00000309758.1,0.0
ENSG00000309759.1,0.0
ENSG00000309760.1,0.0
ENSG00000309761.1,0.0
ENSG00000309762.1,0.0
ENSG00000309763.1,0.0
ENSG00000309764.1,0.0
ENSG00000309765.1,0.0
ENSG00000309766.1,0.0
ENSG00000309767.1,0.0
ENSG00000309768.1,0.0
ENSG00000309769.1,0.0
ENSG00000309770.1,0.0
ENSG00000309771.1,0.0
ENSG00000309772.1,0.45265
ENSG00000309773.1,0.0
ENSG00000309774.1,0.0
ENSG00000309775.1,0.0
ENSG00000309776.1,0.0
ENSG00000309777.1,0.0
ENSG00000309778.1,0.0
ENSG00000309779.1,0.0
ENSG00000309780.1,0.0
ENSG00000309781.1,0.0
ENSG00000309782.1,0.0
ENSG00000309783.1,0.0
ENSG00000309784.1,0.0
ENSG00000309785.1,0.0
ENSG00000309786.1,0.0
ENSG00000309787.1,0.0
ENSG00000309788.1,0.0
ENSG00000309789.1,0.219206
ENSG00000309790.1,0.0
ENSG00000309791.1,0.0
ENSG00000309792.1,0.0
ENSG00000309793.1,0.0
ENSG00000309794.1,0.0
ENSG00000309795.1,0.0
ENSG00000309796.1,0.0
ENSG00000309797.1,0.0
ENSG00000309798.1,0.0
ENSG00000309799.1,0.0
ENSG00000309800.1,0.0
ENSG00000309801.1,0.0
ENSG00000309802.1,0.0
ENSG00000309803.1,0.0
ENSG00000309804.1,0.0
ENSG00000309805.1,0.0
ENSG00000309806.1,0.0
ENSG00000309807.1,0.0
ENSG00000309808.1,0.0
ENSG00000309809.1,0.0
ENSG00000309810.1,0.0
ENSG00000309811.1,0.0
ENSG00000309812.1,0.0
ENSG00000309813.1,0.0
ENSG00000309814.1,0.0
ENSG00000309815.1,0.0
ENSG00000309816.1,0.0
ENSG00000309817.1,0.0
ENSG00000309818.1,0.0
ENSG00000309819.1,0.0
ENSG00000309820.1,0.0
ENSG00000309821.1,0.0
ENSG00000309822.1,0.0
ENSG00000309823.1,0.0
ENSG00000309824.1,0.0
ENSG00000309825.1,0.0
ENSG00000309826.1,0.0
ENSG00000309827.1,0.514421
ENSG00000309828.1,0.0
ENSG00000309829.1,0.176689
ENSG00000309830.1,0.0
ENSG00000309831.1,8.629541
ENSG00000309832.1,0.0
ENSG00000309833.1,0.0
ENSG00000309834.1,0.0
ENSG00000309835.1,0.0
ENSG00000309836.1,0.0
ENSG00000309837.1,0.0
ENSG00000309838.1,0.353927
ENSG00000309839.1,0.0
ENSG00000309840.1,0.0
ENSG00000309841.1,0.0
ENSG00000309842.1,0.0
ENSG00000309843.1,0.0
ENSG00000309844.1,0.0
ENSG00000309845.1,0.0
ENSG00000309846.1,0.0
ENSG00000309847.1,0.0
ENSG00000309848.1,0.0
ENSG00000309849.1,0.0
ENSG00000309850.1,0.0
ENSG00000309851.1,0.0
ENSG00000309852.1,1.478319
ENSG00000309853.1,0.0
ENSG00000309854.1,0.0
ENSG00000309855.1,0.0
ENSG00000309856.1,0.0
ENSG00000309857.1,0.0
ENSG00000309858.1,0.0
ENSG00000309859.1,0.0
ENSG00000309860.1,0.0
ENSG00000309861.1,0.0
ENSG00000309862.1,0.0
ENSG00000309863.1,0.0
ENSG00000309864.1,1.687895
ENSG00000309865.1,0.0
ENSG00000309866.1,0.0
ENSG00000309867.1,0.0
ENSG00000309868.1,0.0
ENSG00000309869.1,0.0
ENSG00000309870.1,0.0
ENSG00000309871.1,0.0
ENSG00000309872.1,0.0
ENSG00000309873.1,0.0
ENSG00000309874.1,0.0
ENSG00000309875.1,0.0
ENSG00000309876.1,0.0
ENSG00000309877.1,0.0
ENSG00000309878.1,0.0
ENSG00000309879.1,0.0
ENSG00000309880.1,0.854336
ENSG00000309881.1,0.0
ENSG00000309882.1,0.0
ENSG00000309883.1,0.0
ENSG00000309884.1,0.0
ENSG00000309885.1,0.298752
ENSG00000309886.1,0.0
ENSG00000309887.1,0.0
ENSG00000309888.1,0.0
ENSG00000309889.1,0.0
ENSG00000309890.1,0.0
ENSG00000309891.1,0.0
ENSG00000309892.1,0.0
ENSG00000309893.1,0.0
ENSG00000309894.1,0.0
ENSG00000309895.1,0.0
ENSG00000309896.1,0.0
ENSG00000309897.1,0.0
ENSG00000309898.1,0.0
ENSG00000309899.1,0.0
ENSG00000309900.1,0.0
ENSG00000309901.1,0.0
ENSG00000309902.1,0.0
ENSG00000309903.1,0.0
ENSG00000309904.1,0.0
ENSG00000309905.1,0.0
ENSG00000309906.1,0.0
ENSG00000309907.1,0.0
ENSG00000309908.1,0.0
ENSG00000309909.1,0.0
ENSG00000309910.1,0.0
ENSG00000309911.1,0.0
ENSG00000309912.1,0.0
ENSG00000309913.1,0.0
ENSG00000309914.1,0.0
ENSG00000309915.1,0.0
ENSG00000309916.1,0.0
ENSG00000309917.1,0.0
ENSG00000309918.1,0.0
ENSG00000309919.1,0.0
ENSG00000309920.1,0.0
ENSG00000309921.1,0.0
ENSG00000309922.1,0.138231
ENSG00000309923.1,0.0
ENSG00000309924.1,0.0
ENSG00000309925.1,0.0
ENSG00000309926.1,0.0
ENSG00000309927.1,0.0
ENSG00000309928.1,0.0
ENSG00000309929.1,0.0
ENSG00000309930.1,0.0
ENSG00000309931.1,0.0
ENSG00000309932.1,0.0
ENSG00000309933.1,0.0
ENSG00000309934.1,0.0
ENSG00000309935.1,0.0
ENSG00000309936.1,0.0
ENSG00000309937.1,0.0
ENSG00000309938.1,0.0
ENSG00000309939.1,0.0
ENSG00000309940.1,0.0
ENSG00000309941.1,0.0
ENSG00000309942.1,0.0
ENSG00000309943.1,0.0
ENSG00000309944.1,0.0
ENSG00000309945.1,0.0
ENSG00000309946.1,0.0
ENSG00000309947.1,0.0
ENSG00000309948.1,0.0
ENSG00000309949.1,0.0
ENSG00000309950.1,0.0
ENSG00000309951.1,0.0
ENSG00000309952.1,0.0
ENSG00000309953.1,0.0
ENSG00000309954.1,0.0
ENSG00000309955.1,0.0
ENSG00000309956.1,0.0
ENSG00000309957.1,0.0
ENSG00000309958.1,0.0
ENSG00000309959.1,0.0
ENSG00000309960.1,0.0
ENSG00000309961.1,0.0
ENSG00000309962.1,0.0
ENSG00000309963.1,0.0
ENSG00000309964.1,0.0
ENSG00000309965.1,0.0
ENSG00000309966.1,0.0
ENSG00000309967.1,0.0
ENSG00000309968.1,0.0
ENSG00000309969.1,0.0
ENSG00000309970.1,0.0
ENSG00000309971.1,0.0
ENSG00000309972.1,0.0
ENSG00000309973.1,0.0
ENSG00000309974.1,0.0
ENSG00000309975.1,0.0
ENSG00000309976.1,0.0
ENSG00000309977.1,0.0
ENSG00000309978.1,0.0
ENSG00000309979.1,0.0
ENSG00000309980.1,0.0
ENSG00000309981.1,0.0
ENSG00000309982.1,1.727822
ENSG00000309983.1,0.0
ENSG00000309984.1,0.0
ENSG00000309985.1,0.0
ENSG00000309986.1,0.408811
ENSG00000309987.1,0.0
ENSG00000309988.1,0.0
ENSG00000309989.1,0.0
ENSG00000309990.1,0.0
ENSG00000309991.1,0.0
ENSG00000309992.1,0.0
ENSG00000309993.1,0.0
ENSG00000309994.1,0.0
ENSG00000309995.1,0.0
ENSG00000309996.1,0.0
ENSG00000309997.1,0.0
ENSG00000309998.1,0.0
ENSG00000309999.1,0.0
ENSG00000310000.1,0.0
ENSG00000310001.1,0.0
ENSG00000310002.1,0.0
ENSG00000310003.1,0.0
ENSG00000310004.1,0.0
ENSG00000310005.1,0.0
ENSG00000310006.1,0.479042
ENSG00000310007.1,0.0
ENSG00000310008.1,0.0
ENSG00000310009.1,1.331619
ENSG00000310010.1,0.0
ENSG00000310011.1,0.0
ENSG00000310012.1,0.0
ENSG00000310013.1,0.0
ENSG00000310014.1,0.0
ENSG00000310015.1,0.209694
ENSG00000310016.1,0.0
ENSG00000310017.1,0.0
ENSG00000310018.1,0.0
ENSG00000310019.1,0.0
ENSG00000310020.1,0.0
ENSG00000310021.1,0.0
ENSG00000310022.1,0.0
ENSG00000310023.1,0.0
ENSG00000310024.1,0.0
ENSG00000310025.1,0.0
ENSG00000310026.1,0.0
ENSG00000310027.1,0.0
ENSG00000310028.1,0.0
ENSG00000310029.1,0.0
ENSG00000310030.1,0.0
ENSG00000310031.1,0.0
ENSG00000310032.1,0.0
ENSG00000310033.1,0.0
ENSG00000310034.1,0.0
ENSG00000310035.1,0.0
ENSG00000310036.1,0.0
ENSG00000310037.1,0.401581
ENSG00000310038.1,0.0
ENSG00000310039.1,0.0
ENSG00000310040.1,0.0
ENSG00000310041.1,0.0
ENSG00000310042.1,0.0
ENSG00000310043.1,0.0
ENSG00000310044.1,0.0
ENSG00000310045.1,0.0
ENSG00000310046.1,0.0
ENSG00000310047.1,0.0
ENSG00000310048.1,0.0
ENSG00000310049.1,0.0
ENSG00000310050.1,0.0
ENSG00000310051.1,0.0
ENSG00000310052.1,0.880028
ENSG00000310053.1,0.0
ENSG00000310054.1,0.0
ENSG00000310055.1,0.0
ENSG00000310056.1,0.0
ENSG00000310057.1,0.0
ENSG00000310058.1,0.506322
ENSG00000310059.1,0.892718
ENSG00000310060.1,0.0
ENSG00000310061.1,0.0
ENSG00000310062.1,0.0
ENSG00000310063.1,0.0
ENSG00000310064.1,0.0
ENSG00000310065.1,0.0
ENSG00000310066.1,0.894675
ENSG00000310067.1,0.0
ENSG00000310068.1,0.0
ENSG00000310069.1,0.0
ENSG00000310070.1,0.0
ENSG00000310071.1,0.0
ENSG00000310072.1,0.0
ENSG00000310073.1,0.0
ENSG00000310074.1,1.821726
ENSG00000310075.1,0.0
ENSG00000310076.1,0.0
ENSG00000310077.1,0.395485
ENSG00000310078.1,0.0
ENSG00000310079.1,0.0
ENSG00000310080.1,0.0
ENSG00000310081.1,0.0
ENSG00000310082.1,0.0
ENSG00000310083.1,0.0
ENSG00000310084.1,1.089289
ENSG00000310085.1,0.0
ENSG00000310086.1,0.0
ENSG00000310087.1,0.0
ENSG00000310088.1,0.0
ENSG00000310089.1,0.0
ENSG00000310090.1,0.0
ENSG00000310091.1,0.0
ENSG00000310092.1,0.0
ENSG00000310093.1,0.0
ENSG00000310094.1,0.0
ENSG00000310095.1,0.0
ENSG00000310096.1,0.0
ENSG00000310097.1,0.0
ENSG00000310098.1,0.0
ENSG00000310099.1,0.0
ENSG00000310100.1,0.0
ENSG00000310101.1,0.0
ENSG00000310102.1,0.0
ENSG00000310103.1,0.0
ENSG00000310104.1,0.0
ENSG00000310105.1,0.0
ENSG00000310106.1,0.0
ENSG00000310107.1,2.76516
ENSG00000310108.1,0.0
ENSG00000310109.1,0.0
ENSG00000310110.1,0.0
ENSG00000310111.1,0.0
ENSG00000310112.1,0.0
ENSG00000310113.1,0.0
ENSG00000310114.1,0.0
ENSG00000310115.1,0.0
ENSG00000310116.1,0.0
ENSG00000310117.1,0.0
ENSG00000310118.1,0.0
ENSG00000310119.1,0.0
ENSG00000310120.1,0.0
ENSG00000310121.1,0.0
ENSG00000310122.1,0.0
ENSG00000310123.1,0.0
ENSG00000310124.1,0.0
ENSG00000310125.1,0.0
ENSG00000310126.1,0.0
ENSG00000310127.1,0.0
ENSG00000310128.1,0.0
ENSG00000310129.1,1.826099
ENSG00000310130.1,0.0
ENSG00000310131.1,0.0
ENSG00000310132.1,0.0
ENSG00000310133.1,0.0
ENSG00000310134.1,0.0
ENSG00000310135.1,0.0
ENSG00000310136.1,0.772537
ENSG00000310137.1,0.0
ENSG00000310138.1,0.0
ENSG00000310139.1,0.0
ENSG00000310141.1,0.0
ENSG00000310142.1,0.0
ENSG00000310143.1,0.0
ENSG00000310144.1,0.0
ENSG00000310145.1,0.0
ENSG00000310146.1,0.0
ENSG00000310147.1,0.0
ENSG00000310148.1,0.0
ENSG00000310149.1,0.0
ENSG00000310150.1,0.0
ENSG00000310151.1,0.0
ENSG00000310152.1,0.374813
ENSG00000310153.1,0.0
ENSG00000310154.1,0.0
ENSG00000310155.1,0.0
ENSG00000310156.1,0.0
ENSG00000310157.1,0.0
ENSG00000310158.1,0.0
ENSG00000310159.1,0.0
ENSG00000310160.1,0.0
ENSG00000310161.1,0.0
ENSG00000310162.1,0.0
ENSG00000310163.1,0.0
ENSG00000310164.1,0.0
ENSG00000310165.1,0.0
ENSG00000310166.1,0.0
ENSG00000310167.1,0.0
ENSG00000310168.1,0.0
ENSG00000310169.1,0.0
ENSG00000310170.1,0.0
ENSG00000310171.1,0.0
ENSG00000310172.1,0.0
ENSG00000310173.1,1.68959
ENSG00000310174.1,0.0
ENSG00000310175.1,0.0
ENSG00000310176.1,0.0
ENSG00000310177.1,0.0
ENSG00000310178.1,0.293235
ENSG00000310179.1,0.0
ENSG00000310180.1,0.0
ENSG00000310181.1,0.0
ENSG00000310182.1,0.0
ENSG00000310183.1,0.0
ENSG00000310184.1,0.0
ENSG00000310185.1,0.0
ENSG00000310186.1,0.0
ENSG00000310187.1,0.0
ENSG00000310188.1,0.0
ENSG00000310189.1,0.0
ENSG00000310190.1,2.17867
ENSG00000310191.1,10.79784
ENSG00000310192.1,0.0
ENSG00000310193.1,0.0
ENSG00000310194.1,1.092904
ENSG00000310195.1,0.0
ENSG00000310196.1,0.0
ENSG00000310197.1,0.0
ENSG00000310198.1,0.0
ENSG00000310199.1,0.0
ENSG00000310200.1,0.0
ENSG00000310201.1,0.0
ENSG00000310202.1,0.571189
ENSG00000310203.1,0.0
ENSG00000310204.1,0.0
ENSG00000310205.1,0.0
ENSG00000310206.1,0.0
ENSG00000310207.1,0.0
ENSG00000310208.1,0.0
ENSG00000310209.1,0.0
ENSG00000310210.1,0.0
ENSG00000310211.1,0.0
ENSG00000310212.1,0.0
ENSG00000310213.1,0.0
ENSG00000310214.1,0.0
ENSG00000310215.1,0.232034
ENSG00000310216.1,0.0
ENSG00000310217.1,0.307003
ENSG00000310218.1,0.0
ENSG00000310219.1,0.0
ENSG00000310220.1,0.0
ENSG00000310221.1,0.0
ENSG00000310222.1,0.0
ENSG00000310223.1,0.0
ENSG00000310224.1,0.0
ENSG00000310225.1,0.0
ENSG00000310226.1,0.0
ENSG00000310227.1,0.0
ENSG00000310228.1,0.0
ENSG00000310229.1,0.0
ENSG00000310230.1,0.0
ENSG00000310231.1,0.0
ENSG00000310232.1,0.0
ENSG00000310233.1,0.0
ENSG00000310234.1,0.0
ENSG00000310235.1,0.0
ENSG00000310236.1,0.37986600000000004
ENSG00000310237.1,0.0
ENSG00000310238.1,68.849141
ENSG00000310239.1,0.0
ENSG00000310240.1,0.0
ENSG00000310241.1,0.0
ENSG00000310242.1,0.492475
ENSG00000310243.1,0.0
ENSG00000310244.1,0.0
ENSG00000310245.1,0.0
ENSG00000310246.1,0.0
ENSG00000310247.1,0.0
ENSG00000310248.1,0.0
ENSG00000310249.1,0.0
ENSG00000310250.1,0.0
ENSG00000310251.1,0.0
ENSG00000310252.1,0.0
ENSG00000310253.1,0.24862
ENSG00000310254.1,0.0
ENSG00000310255.1,0.0
ENSG00000310256.1,0.286065
ENSG00000310257.1,0.0
ENSG00000310258.1,0.0
ENSG00000310259.1,0.0
ENSG00000310260.1,0.0
ENSG00000310261.1,0.676898
ENSG00000310262.1,0.0
ENSG00000310263.1,0.0
ENSG00000310264.1,0.0
ENSG00000310265.1,0.0
ENSG00000310266.1,0.0
ENSG00000310267.1,0.0
ENSG00000310268.1,0.0
ENSG00000310269.1,0.692421
ENSG00000310270.1,0.173939
ENSG00000310271.1,0.0
ENSG00000310272.1,0.0
ENSG00000310273.1,0.0
ENSG00000310274.1,0.0
ENSG00000310275.1,0.0
ENSG00000310276.1,0.0
ENSG00000310277.1,0.0
ENSG00000310278.1,0.642414
ENSG00000310279.1,0.0
ENSG00000310280.1,0.0
ENSG00000310281.1,0.0
ENSG00000310282.1,0.0
ENSG00000310283.1,0.0
ENSG00000310284.1,0.0
ENSG00000310285.1,0.392327
ENSG00000310286.1,0.0
ENSG00000310287.1,0.0
ENSG00000310288.1,0.0
ENSG00000310289.1,0.190141
ENSG00000310290.1,0.0
ENSG00000310291.1,0.0
ENSG00000310292.1,0.0
ENSG00000310293.1,0.0
ENSG00000310294.1,0.0
ENSG00000310295.1,0.0
ENSG00000310296.1,0.0
ENSG00000310297.1,0.0
ENSG00000310298.1,0.0
ENSG00000310299.1,0.0
ENSG00000310300.1,0.0
ENSG00000310301.1,0.0
ENSG00000310302.1,0.0
ENSG00000310303.1,0.0
ENSG00000310304.1,0.0
ENSG00000310305.1,0.0
ENSG00000310306.1,0.0
ENSG00000310307.1,0.0
ENSG00000310308.1,0.0
ENSG00000310309.1,0.0
ENSG00000310310.1,0.0
ENSG00000310311.1,0.0
ENSG00000310312.1,0.0
ENSG00000310313.1,0.0
ENSG00000310314.1,0.0
ENSG00000310315.1,0.0
ENSG00000310316.1,0.0
ENSG00000310317.1,0.0
ENSG00000310318.1,0.0
ENSG00000310319.1,0.0
ENSG00000310320.1,0.0
ENSG00000310321.1,0.0
ENSG00000310322.1,0.0
ENSG00000310323.1,0.249782
ENSG00000310324.1,0.0
ENSG00000310325.1,0.465011
ENSG00000310326.1,0.0
ENSG00000310327.1,0.0
ENSG00000310328.1,0.0
ENSG00000310329.1,0.0
ENSG00000310330.1,0.0
ENSG00000310331.1,0.0
ENSG00000310332.1,0.0
ENSG00000310333.1,0.0
ENSG00000310334.1,0.0
ENSG00000310335.1,0.0
ENSG00000310336.1,0.0
ENSG00000310337.1,0.0
ENSG00000310338.1,0.0
ENSG00000310339.1,0.33224
ENSG00000310340.1,0.0
ENSG00000310341.1,0.0
ENSG00000310342.1,0.0
ENSG00000310343.1,0.0
ENSG00000310344.1,0.0
ENSG00000310345.1,0.0
ENSG00000310346.1,0.0
ENSG00000310347.1,0.0
ENSG00000310348.1,0.0
ENSG00000310349.1,0.587772
ENSG00000310350.1,0.0
ENSG00000310351.1,0.0
ENSG00000310352.1,0.0
ENSG00000310353.1,0.0
ENSG00000310354.1,0.0
ENSG00000310355.1,0.0
ENSG00000310357.1,0.0
ENSG00000310358.1,0.0
ENSG00000310359.1,0.0
ENSG00000310360.1,0.0
ENSG00000310361.1,0.0
ENSG00000310362.1,0.0
ENSG00000310363.1,0.0
ENSG00000310364.1,0.0
ENSG00000310365.1,0.0
ENSG00000310366.1,0.0
ENSG00000310367.1,0.0
ENSG00000310368.1,0.0
ENSG00000310369.1,0.0
ENSG00000310370.1,0.0
ENSG00000310371.1,0.0
ENSG00000310372.1,1.01634
ENSG00000310373.1,0.0
ENSG00000310374.1,0.0
ENSG00000310375.1,0.0
ENSG00000310376.1,8045.587227
ENSG00000310377.1,0.0
ENSG00000310378.1,0.0
ENSG00000310379.1,0.0
ENSG00000310380.1,0.0
ENSG00000310381.1,0.0
ENSG00000310382.1,0.0
ENSG00000310383.1,0.0
ENSG00000310384.1,0.0
ENSG00000310385.1,0.0
ENSG00000310386.1,0.0
ENSG00000310387.1,0.620484
ENSG00000310388.1,0.0
ENSG00000310389.1,0.0
ENSG00000310390.1,0.0
ENSG00000310391.1,0.0
ENSG00000310392.1,0.0
ENSG00000310393.1,0.0
ENSG00000310394.1,0.0
ENSG00000310395.1,0.0
ENSG00000310396.1,0.0
ENSG00000310397.1,0.0
ENSG00000310398.1,0.0
ENSG00000310399.1,0.0
ENSG00000310400.1,0.0
ENSG00000310401.1,0.0
ENSG00000310402.1,0.0
ENSG00000310403.1,0.0
ENSG00000310404.1,0.0
ENSG00000310405.1,0.0
ENSG00000310406.1,0.0
ENSG00000310407.1,0.0
ENSG00000310408.1,0.0
ENSG00000310409.1,0.0
ENSG00000310410.1,0.0
ENSG00000310411.1,0.0
ENSG00000310412.1,0.0
ENSG00000310413.1,0.0
ENSG00000310414.1,0.0
ENSG00000310415.1,0.0
ENSG00000310416.1,0.0
ENSG00000310417.1,1.223987
ENSG00000310418.1,1.069028
ENSG00000310419.1,0.0
ENSG00000310420.1,0.0
ENSG00000310421.1,0.0
ENSG00000310422.1,0.0
ENSG00000310423.1,0.0
ENSG00000310424.1,0.0
ENSG00000310425.1,0.0
ENSG00000310426.1,0.0
ENSG00000310427.1,0.0
ENSG00000310428.1,0.0
ENSG00000310429.1,0.0
ENSG00000310430.1,11.064945
ENSG00000310431.1,0.0
ENSG00000310432.1,0.0
ENSG00000310433.1,0.0
ENSG00000310434.1,0.0
ENSG00000310435.1,0.0
ENSG00000310436.1,0.154465
ENSG00000310437.1,0.0
ENSG00000310438.1,0.0
ENSG00000310439.1,0.0
ENSG00000310440.1,0.0
ENSG00000310441.1,0.0
ENSG00000310443.1,0.0
ENSG00000310444.1,0.0
ENSG00000310445.1,0.0
ENSG00000310446.1,0.0
ENSG00000310447.1,0.0
ENSG00000310448.1,0.0
ENSG00000310449.1,0.0
ENSG00000310450.1,0.0
ENSG00000310451.1,0.0
ENSG00000310452.1,0.0
ENSG00000310453.1,0.0
ENSG00000310454.1,0.0
ENSG00000310455.1,0.0
ENSG00000310456.1,0.0
ENSG00000310457.1,0.0
ENSG00000310458.1,0.0
ENSG00000310459.1,0.0
ENSG00000310460.1,0.0
ENSG00000310461.1,0.0
ENSG00000310462.1,0.0
ENSG00000310463.1,0.0
ENSG00000310464.1,0.0
ENSG00000310465.1,0.0
ENSG00000310466.1,0.786772
ENSG00000310467.1,2.411001
ENSG00000310468.1,0.0
ENSG00000310469.1,9.032976999999999
ENSG00000310470.1,0.0
ENSG00000310471.1,18.514143
ENSG00000310472.1,0.0
ENSG00000310473.1,12.637089
ENSG00000310474.1,1.169275
ENSG00000310475.1,5.581864
ENSG00000310476.1,0.0
ENSG00000310477.1,0.0
ENSG00000310478.1,0.0
ENSG00000310479.1,0.0
ENSG00000310480.1,0.0
ENSG00000310481.1,0.410102
ENSG00000310482.1,0.0
ENSG00000310483.1,0.0
ENSG00000310484.1,0.0
ENSG00000310485.1,0.0
ENSG00000310486.1,0.0
ENSG00000310487.1,0.0
ENSG00000310488.1,0.0
ENSG00000310489.1,0.238749
ENSG00000310490.1,0.0
ENSG00000310491.1,0.0
ENSG00000310492.1,0.0
ENSG00000310493.1,0.0
ENSG00000310494.1,0.0
ENSG00000310495.1,0.0
ENSG00000310496.1,3.810108
ENSG00000310497.1,0.0
ENSG00000310498.1,0.0
ENSG00000310499.1,0.0
ENSG00000310500.1,0.0
ENSG00000310501.1,0.0
ENSG00000310502.1,0.0
ENSG00000310503.1,0.0
ENSG00000310504.1,0.0
ENSG00000310505.1,0.0
ENSG00000310506.1,0.0
ENSG00000310507.1,0.0
ENSG00000310508.1,0.0
ENSG00000310509.1,0.0
ENSG00000310510.1,0.0
ENSG00000310511.1,0.0
ENSG00000310512.1,0.0
ENSG00000310513.1,0.0
ENSG00000310514.1,0.0
ENSG00000310515.1,0.0
ENSG00000310516.1,0.0
ENSG00000310517.1,75.633043
ENSG00000310518.1,0.0
ENSG00000310519.2,0.865427
ENSG00000310520.1,0.0
ENSG00000310521.1,0.0
ENSG00000310523.1,50.044321
ENSG00000310525.1,0.0
ENSG00000310526.1,69.094542
ENSG00000310527.1,32.217318
ENSG00000310528.1,0.676531
ENSG00000310529.1,0.0
ENSG00000310530.1,0.0
ENSG00000310532.2,0.0
ENSG00000310533.1,4.687399
ENSG00000310534.1,3.210804
ENSG00000310535.1,0.875339
ENSG00000310536.1,0.184815
ENSG00000310537.1,0.0
ENSG00000310539.1,4.699142
ENSG00000310558.1,0.0
ENSG00000310559.1,0.0
ENSG00000310560.1,91.936452
ENSG00000310561.1,0.0
ENSG00000310562.1,0.0
ENSG00000310564.1,0.0
ENSG00000310566.1,0.220075
ENSG00000310567.1,0.0
ENSG00000310576.1,33.310162000000005
ENSG00000310577.1,0.0
